>GACGCCGAGT	1-GACGCCGAGT	10.272267	-60.751904	0	T:21.0(2.51%),B:1.3(0.08%),P:1e-26	Tpos:129.0,Tstd:92.4,Bpos:200.0,Bstd:0.0,StrandBias:-1.0,Multiplicity:1.00
0.001	0.001	0.997	0.001
0.925	0.001	0.073	0.001
0.001	0.925	0.001	0.073
0.073	0.073	0.853	0.001
0.073	0.925	0.001	0.001
0.001	0.925	0.073	0.001
0.001	0.001	0.997	0.001
0.853	0.073	0.073	0.001
0.001	0.001	0.997	0.001
0.074	0.074	0.190	0.662
>CGCAGGGCCG	2-CGCAGGGCCG	10.672038	-58.519386	0	T:28.0(3.34%),B:3.3(0.19%),P:1e-25	Tpos:145.3,Tstd:93.7,Bpos:203.7,Bstd:85.7,StrandBias:-1.7,Multiplicity:1.04
0.001	0.997	0.001	0.001
0.001	0.001	0.980	0.018
0.001	0.997	0.001	0.001
0.680	0.004	0.315	0.001
0.001	0.298	0.636	0.065
0.001	0.135	0.598	0.266
0.033	0.116	0.735	0.116
0.262	0.619	0.001	0.118
0.145	0.853	0.001	0.001
0.001	0.004	0.994	0.001
>TGCAGTGCGC	3-TGCAGTGCGC	9.387165	-46.000151	0	T:34.0(4.06%),B:8.4(0.50%),P:1e-19	Tpos:146.3,Tstd:90.7,Bpos:149.6,Bstd:123.1,StrandBias:-0.1,Multiplicity:1.03
0.048	0.097	0.107	0.748
0.029	0.063	0.879	0.029
0.048	0.866	0.029	0.057
0.802	0.038	0.140	0.020
0.029	0.082	0.870	0.019
0.039	0.101	0.263	0.597
0.020	0.038	0.894	0.048
0.097	0.754	0.057	0.092
0.010	0.189	0.743	0.058
0.039	0.855	0.053	0.053
>ACACGGGCGA	4-ACACGGGCGA	10.462276	-43.584124	0	T:20.0(2.39%),B:2.6(0.16%),P:1e-18	Tpos:111.2,Tstd:59.2,Bpos:117.0,Bstd:0.0,StrandBias:0.6,Multiplicity:1.00
0.904	0.001	0.094	0.001
0.001	0.997	0.001	0.001
0.661	0.244	0.094	0.001
0.094	0.811	0.094	0.001
0.001	0.094	0.904	0.001
0.001	0.001	0.997	0.001
0.001	0.001	0.997	0.001
0.001	0.904	0.094	0.001
0.001	0.001	0.904	0.094
0.904	0.001	0.001	0.094
>GTGCACCACA	5-GTGCACCACA	8.052625	-43.352592	0	T:36.0(4.30%),B:10.1(0.60%),P:1e-18	Tpos:140.9,Tstd:72.8,Bpos:173.1,Bstd:48.1,StrandBias:-0.2,Multiplicity:1.03
0.069	0.044	0.886	0.001
0.146	0.069	0.066	0.719
0.022	0.022	0.890	0.066
0.066	0.846	0.022	0.066
0.685	0.205	0.088	0.022
0.022	0.845	0.022	0.111
0.066	0.798	0.111	0.025
0.707	0.091	0.066	0.136
0.022	0.890	0.066	0.022
0.761	0.091	0.104	0.044
>TCCGCTTCGT	6-TCCGCTTCGT	9.630947	-42.441662	0	T:16.0(1.91%),B:1.0(0.06%),P:1e-18	Tpos:145.1,Tstd:92.2,Bpos:118.5,Bstd:21.9,StrandBias:-0.7,Multiplicity:1.00
0.001	0.174	0.138	0.687
0.001	0.920	0.078	0.001
0.001	0.997	0.001	0.001
0.105	0.096	0.515	0.284
0.001	0.997	0.001	0.001
0.001	0.001	0.236	0.762
0.001	0.158	0.160	0.681
0.001	0.997	0.001	0.001
0.204	0.001	0.618	0.177
0.001	0.079	0.098	0.822
>GTTAGGTTGT	7-GTTAGGTTGT	8.741908	-42.441662	0	T:16.0(1.91%),B:1.5(0.09%),P:1e-18	Tpos:145.1,Tstd:112.8,Bpos:145.0,Bstd:0.0,StrandBias:1.6,Multiplicity:1.00
0.007	0.059	0.875	0.059
0.001	0.052	0.052	0.895
0.052	0.059	0.052	0.837
0.730	0.157	0.001	0.112
0.164	0.052	0.783	0.001
0.105	0.052	0.791	0.052
0.105	0.112	0.262	0.521
0.052	0.001	0.052	0.895
0.052	0.052	0.791	0.105
0.001	0.058	0.001	0.940
>CGCATTCACT	8-CGCATTCACT	8.842816	-40.451335	0	T:24.0(2.86%),B:4.7(0.28%),P:1e-17	Tpos:107.5,Tstd:79.9,Bpos:192.3,Bstd:101.4,StrandBias:0.4,Multiplicity:1.08
0.074	0.599	0.282	0.045
0.272	0.001	0.591	0.136
0.045	0.777	0.133	0.045
0.468	0.136	0.260	0.136
0.045	0.114	0.091	0.750
0.045	0.045	0.045	0.865
0.001	0.954	0.001	0.044
0.789	0.001	0.001	0.209
0.001	0.908	0.001	0.090
0.005	0.045	0.001	0.949
>CGAGTGAACC	9-CGAGTGAACC	10.863747	-38.951817	0	T:15.0(1.79%),B:1.2(0.07%),P:1e-16	Tpos:143.1,Tstd:93.7,Bpos:153.9,Bstd:0.8,StrandBias:2.0,Multiplicity:1.00
0.125	0.749	0.001	0.125
0.001	0.001	0.997	0.001
0.997	0.001	0.001	0.001
0.001	0.001	0.997	0.001
0.125	0.125	0.125	0.625
0.001	0.001	0.997	0.001
0.874	0.124	0.001	0.001
0.874	0.001	0.124	0.001
0.001	0.997	0.001	0.001
0.001	0.997	0.001	0.001
>ACCGACGCTG	10-ACCGACGCTG	10.274243	-38.951817	0	T:15.0(1.79%),B:1.5(0.09%),P:1e-16	Tpos:145.0,Tstd:85.2,Bpos:41.0,Bstd:0.0,StrandBias:-1.5,Multiplicity:1.00
0.515	0.309	0.175	0.001
0.068	0.689	0.175	0.068
0.068	0.863	0.001	0.068
0.001	0.001	0.997	0.001
0.997	0.001	0.001	0.001
0.001	0.931	0.067	0.001
0.001	0.001	0.997	0.001
0.001	0.997	0.001	0.001
0.001	0.001	0.001	0.997
0.001	0.001	0.997	0.001
>CCTGGAAGGA	11-CCTGGAAGGA	9.204954	-37.586939	0	T:18.0(2.15%),B:2.7(0.16%),P:1e-16	Tpos:164.6,Tstd:111.7,Bpos:83.4,Bstd:40.5,StrandBias:-0.8,Multiplicity:1.06
0.127	0.592	0.245	0.036
0.090	0.684	0.154	0.072
0.109	0.036	0.254	0.601
0.072	0.073	0.831	0.024
0.060	0.099	0.829	0.012
0.747	0.001	0.228	0.024
0.664	0.055	0.245	0.036
0.078	0.079	0.807	0.036
0.012	0.322	0.642	0.024
0.532	0.069	0.217	0.182
>GCTGTGTAGG	12-GCTGTGTAGG	9.993441	-35.527472	0	T:14.0(1.67%),B:2.0(0.12%),P:1e-15	Tpos:118.8,Tstd:61.4,Bpos:429.0,Bstd:45.0,StrandBias:1.6,Multiplicity:1.71
0.164	0.001	0.834	0.001
0.086	0.703	0.210	0.001
0.164	0.001	0.001	0.834
0.001	0.001	0.997	0.001
0.249	0.001	0.001	0.749
0.001	0.001	0.997	0.001
0.001	0.001	0.001	0.997
0.626	0.165	0.001	0.208
0.001	0.001	0.834	0.164
0.001	0.001	0.997	0.001
>GTTGACCCGG	13-GTTGACCCGG	10.201377	-34.669446	0	T:17.0(2.03%),B:2.4(0.14%),P:1e-15	Tpos:159.4,Tstd:103.1,Bpos:180.7,Bstd:53.9,StrandBias:0.3,Multiplicity:1.06
0.001	0.001	0.997	0.001
0.001	0.079	0.362	0.558
0.001	0.001	0.079	0.919
0.079	0.001	0.919	0.001
0.760	0.080	0.080	0.080
0.001	0.919	0.079	0.001
0.001	0.997	0.001	0.001
0.001	0.997	0.001	0.001
0.079	0.001	0.919	0.001
0.001	0.001	0.997	0.001
>CGCGTTGACG	14-CGCGTTGACG	9.285012	-32.173024	0	T:13.0(1.55%),B:1.9(0.11%),P:1e-13	Tpos:120.4,Tstd:60.0,Bpos:49.0,Bstd:28.1,StrandBias:0.0,Multiplicity:1.08
0.001	0.997	0.001	0.001
0.125	0.001	0.749	0.125
0.001	0.997	0.001	0.001
0.001	0.001	0.997	0.001
0.001	0.001	0.124	0.874
0.001	0.001	0.124	0.874
0.001	0.001	0.997	0.001
0.625	0.125	0.125	0.125
0.001	0.997	0.001	0.001
0.001	0.124	0.874	0.001
>GCGCCAGSTC	15-GCGCCAGSTC	10.891890	-32.173024	0	T:13.0(1.55%),B:1.7(0.10%),P:1e-13	Tpos:123.3,Tstd:62.5,Bpos:87.0,Bstd:0.0,StrandBias:0.2,Multiplicity:1.00
0.001	0.058	0.940	0.001
0.001	0.968	0.027	0.004
0.001	0.141	0.857	0.001
0.001	0.995	0.003	0.001
0.001	0.997	0.001	0.001
0.692	0.306	0.001	0.001
0.054	0.001	0.944	0.001
0.152	0.424	0.423	0.001
0.142	0.186	0.099	0.573
0.001	0.944	0.054	0.001
>GTCTAGCAAG	16-GTCTAGCAAG	8.287302	-31.809962	0	T:16.0(1.91%),B:2.4(0.14%),P:1e-13	Tpos:116.2,Tstd:79.4,Bpos:102.9,Bstd:64.9,StrandBias:0.4,Multiplicity:1.00
0.030	0.030	0.851	0.089
0.089	0.149	0.093	0.669
0.093	0.758	0.119	0.030
0.004	0.110	0.089	0.797
0.800	0.030	0.093	0.077
0.059	0.063	0.877	0.001
0.001	0.910	0.088	0.001
0.817	0.034	0.119	0.030
0.704	0.059	0.178	0.059
0.001	0.029	0.851	0.119
>ACTGAGGAGC	17-ACTGAGGAGC	7.710271	-31.374474	0	T:65.0(7.76%),B:44.5(2.64%),P:1e-13	Tpos:141.1,Tstd:89.2,Bpos:171.1,Bstd:105.3,StrandBias:0.7,Multiplicity:1.12
0.746	0.034	0.109	0.111
0.066	0.844	0.061	0.029
0.091	0.097	0.053	0.759
0.001	0.047	0.905	0.047
0.649	0.160	0.110	0.081
0.112	0.009	0.841	0.038
0.071	0.063	0.809	0.057
0.794	0.072	0.062	0.072
0.038	0.072	0.833	0.057
0.047	0.829	0.086	0.038
>GCACCTATTC	18-GCACCTATTC	8.350283	-29.011881	0	T:15.0(1.79%),B:2.8(0.17%),P:1e-12	Tpos:153.2,Tstd:80.3,Bpos:105.2,Bstd:42.2,StrandBias:1.0,Multiplicity:1.00
0.100	0.100	0.700	0.100
0.100	0.700	0.100	0.100
0.700	0.100	0.100	0.100
0.100	0.700	0.100	0.100
0.100	0.700	0.100	0.100
0.100	0.100	0.100	0.700
0.700	0.100	0.100	0.100
0.100	0.100	0.100	0.700
0.100	0.100	0.100	0.700
0.100	0.700	0.100	0.100
>TCGCCCTCWK	19-TCGCCCTCWK	9.027314	-29.011881	0	T:15.0(1.79%),B:2.7(0.16%),P:1e-12	Tpos:115.1,Tstd:77.0,Bpos:224.8,Bstd:131.5,StrandBias:-1.0,Multiplicity:1.00
0.001	0.001	0.001	0.997
0.001	0.997	0.001	0.001
0.001	0.001	0.997	0.001
0.001	0.962	0.036	0.001
0.001	0.962	0.001	0.036
0.001	0.997	0.001	0.001
0.001	0.001	0.001	0.997
0.036	0.962	0.001	0.001
0.366	0.141	0.010	0.483
0.001	0.001	0.497	0.501
>TACGGAAAGC	20-TACGGAAAGC	10.711534	-28.893516	0	T:12.0(1.43%),B:0.4(0.02%),P:1e-12	Tpos:132.3,Tstd:79.7,Bpos:140.0,Bstd:0.0,StrandBias:-0.7,Multiplicity:1.08
0.103	0.001	0.001	0.895
0.895	0.001	0.103	0.001
0.001	0.730	0.268	0.001
0.001	0.001	0.895	0.103
0.103	0.001	0.895	0.001
0.895	0.001	0.001	0.103
0.997	0.001	0.001	0.001
0.997	0.001	0.001	0.001
0.001	0.001	0.997	0.001
0.001	0.895	0.103	0.001
>GTCCCGTGCC	21-GTCCCGTGCC	9.644003	-27.188797	0	T:39.0(4.65%),B:20.8(1.24%),P:1e-11	Tpos:128.4,Tstd:88.6,Bpos:187.5,Bstd:129.3,StrandBias:0.3,Multiplicity:1.08
0.001	0.046	0.952	0.001
0.001	0.001	0.046	0.952
0.001	0.997	0.001	0.001
0.046	0.952	0.001	0.001
0.046	0.907	0.001	0.046
0.001	0.126	0.827	0.046
0.120	0.120	0.213	0.547
0.001	0.046	0.952	0.001
0.001	0.952	0.001	0.046
0.001	0.952	0.001	0.046
>CTCCCAACCC	22-CTCCCAACCC	10.540988	-25.780625	0	T:16.0(1.91%),B:3.9(0.23%),P:1e-11	Tpos:153.4,Tstd:113.6,Bpos:183.1,Bstd:74.0,StrandBias:-0.4,Multiplicity:1.00
0.001	0.997	0.001	0.001
0.001	0.001	0.001	0.997
0.001	0.997	0.001	0.001
0.001	0.997	0.001	0.001
0.001	0.954	0.001	0.044
0.997	0.001	0.001	0.001
0.997	0.001	0.001	0.001
0.001	0.840	0.115	0.044
0.001	0.997	0.001	0.001
0.001	0.997	0.001	0.001
>TCGAGAACTC	23-TCGAGAACTC	7.807013	-25.209460	0	T:30.0(3.58%),B:14.0(0.83%),P:1e-10	Tpos:160.9,Tstd:99.2,Bpos:150.5,Bstd:81.6,StrandBias:-0.8,Multiplicity:1.00
0.072	0.096	0.048	0.784
0.001	0.807	0.120	0.072
0.072	0.096	0.760	0.072
0.774	0.125	0.053	0.048
0.072	0.048	0.879	0.001
0.774	0.005	0.120	0.101
0.675	0.157	0.072	0.096
0.048	0.903	0.048	0.001
0.048	0.133	0.048	0.771
0.024	0.904	0.024	0.048
>CTACACTACC	24-CTACACTACC	10.675832	-23.615738	0	T:13.0(1.55%),B:2.2(0.13%),P:1e-10	Tpos:125.8,Tstd:92.6,Bpos:87.3,Bstd:68.0,StrandBias:1.4,Multiplicity:1.50
0.001	0.997	0.001	0.001
0.001	0.062	0.001	0.936
0.936	0.001	0.001	0.062
0.001	0.997	0.001	0.001
0.997	0.001	0.001	0.001
0.001	0.997	0.001	0.001
0.001	0.062	0.001	0.936
0.774	0.063	0.001	0.162
0.001	0.997	0.001	0.001
0.001	0.997	0.001	0.001
>TGTCAAGTAA	25-TGTCAAGTAA	8.350283	-18.518473	0	T:11.0(1.31%),B:2.3(0.14%),P:1e-8	Tpos:177.6,Tstd:72.5,Bpos:118.4,Bstd:46.8,StrandBias:0.3,Multiplicity:1.00
0.100	0.100	0.100	0.700
0.100	0.100	0.700	0.100
0.100	0.100	0.100	0.700
0.100	0.700	0.100	0.100
0.700	0.100	0.100	0.100
0.700	0.100	0.100	0.100
0.100	0.100	0.700	0.100
0.100	0.100	0.100	0.700
0.700	0.100	0.100	0.100
0.700	0.100	0.100	0.100
