>TGTGACCGCCC	1-TGTGACCGCCC	10.278255	-56.984810	0	T:20.0(2.39%),B:1.1(0.07%),P:1e-24	Tpos:145.8,Tstd:118.4,Bpos:201.0,Bstd:0.0,StrandBias:-0.3,Multiplicity:1.00
0.124	0.169	0.001	0.706
0.001	0.269	0.729	0.001
0.001	0.001	0.007	0.991
0.001	0.277	0.721	0.001
0.646	0.073	0.280	0.001
0.001	0.751	0.124	0.124
0.001	0.977	0.021	0.001
0.147	0.001	0.851	0.001
0.001	0.875	0.001	0.123
0.001	0.997	0.001	0.001
0.249	0.749	0.001	0.001
>ACTCGGCGCCA	2-ACTCGGCGCCA	9.572093	-53.267617	0	T:19.0(2.27%),B:1.9(0.11%),P:1e-23	Tpos:126.0,Tstd:74.1,Bpos:159.3,Bstd:76.0,StrandBias:0.0,Multiplicity:1.06
0.700	0.166	0.037	0.097
0.032	0.904	0.032	0.032
0.069	0.064	0.064	0.803
0.032	0.872	0.032	0.064
0.064	0.064	0.808	0.064
0.032	0.032	0.935	0.001
0.064	0.808	0.064	0.064
0.037	0.129	0.737	0.097
0.032	0.775	0.032	0.161
0.005	0.962	0.001	0.032
0.738	0.069	0.129	0.064
>GCGCGYCGCCG	3-GCGCGYCGCCG	11.303342	-43.011800	0	T:25.0(2.98%),B:4.1(0.24%),P:1e-18	Tpos:142.6,Tstd:88.0,Bpos:162.4,Bstd:132.7,StrandBias:0.8,Multiplicity:1.00
0.001	0.062	0.936	0.001
0.001	0.997	0.001	0.001
0.001	0.062	0.936	0.001
0.001	0.997	0.001	0.001
0.001	0.001	0.997	0.001
0.001	0.431	0.063	0.505
0.001	0.936	0.001	0.062
0.063	0.063	0.873	0.001
0.001	0.997	0.001	0.001
0.001	0.936	0.062	0.001
0.001	0.063	0.873	0.063
>TCCGCACGCGC	4-TCCGCACGCGC	9.379902	-42.441662	0	T:16.0(1.91%),B:1.1(0.07%),P:1e-18	Tpos:116.8,Tstd:53.1,Bpos:182.9,Bstd:25.3,StrandBias:0.4,Multiplicity:1.00
0.100	0.100	0.100	0.700
0.100	0.700	0.100	0.100
0.100	0.700	0.100	0.100
0.100	0.100	0.700	0.100
0.100	0.700	0.100	0.100
0.700	0.100	0.100	0.100
0.100	0.700	0.100	0.100
0.100	0.100	0.700	0.100
0.100	0.700	0.100	0.100
0.100	0.100	0.700	0.100
0.100	0.700	0.100	0.100
>AGTCCCCCAAT	5-AGTCCCCCAAT	9.431764	-40.559408	0	T:19.0(2.27%),B:2.6(0.16%),P:1e-17	Tpos:151.1,Tstd:70.1,Bpos:136.6,Bstd:27.6,StrandBias:-0.8,Multiplicity:1.00
0.842	0.001	0.105	0.052
0.105	0.052	0.738	0.105
0.008	0.001	0.105	0.886
0.001	0.842	0.001	0.156
0.165	0.782	0.052	0.001
0.052	0.895	0.001	0.052
0.001	0.894	0.001	0.104
0.001	0.887	0.060	0.052
0.886	0.112	0.001	0.001
0.670	0.210	0.060	0.060
0.157	0.052	0.052	0.739
>ACTYCTCAGTY	6-ACTYCTCAGTY	6.196971	-40.559408	0	T:19.0(2.27%),B:2.8(0.17%),P:1e-17	Tpos:211.5,Tstd:155.1,Bpos:211.8,Bstd:53.5,StrandBias:-0.2,Multiplicity:1.00
0.997	0.001	0.001	0.001
0.001	0.997	0.001	0.001
0.001	0.001	0.001	0.997
0.001	0.507	0.001	0.491
0.001	0.753	0.245	0.001
0.001	0.001	0.001	0.997
0.001	0.688	0.310	0.001
0.771	0.227	0.001	0.001
0.126	0.001	0.872	0.001
0.001	0.001	0.001	0.997
0.001	0.491	0.001	0.507
>TGCAGTGAGCC	7-TGCAGTGAGCC	9.377062	-40.274813	0	T:26.0(3.10%),B:5.6(0.33%),P:1e-17	Tpos:91.5,Tstd:62.9,Bpos:284.6,Bstd:70.2,StrandBias:-0.2,Multiplicity:1.00
0.031	0.094	0.129	0.746
0.031	0.062	0.876	0.031
0.031	0.937	0.031	0.001
0.845	0.031	0.062	0.062
0.031	0.125	0.813	0.031
0.035	0.031	0.094	0.840
0.001	0.062	0.871	0.066
0.528	0.222	0.156	0.094
0.001	0.035	0.933	0.031
0.062	0.808	0.129	0.001
0.031	0.840	0.062	0.067
>CTTCTGGGTCT	8-CTTCTGGGTCT	9.540536	-37.717668	0	T:36.0(4.30%),B:12.8(0.76%),P:1e-16	Tpos:135.9,Tstd:88.3,Bpos:164.1,Bstd:89.6,StrandBias:-0.1,Multiplicity:1.11
0.001	0.855	0.001	0.143
0.001	0.001	0.138	0.860
0.001	0.116	0.023	0.860
0.001	0.997	0.001	0.001
0.145	0.135	0.117	0.603
0.109	0.001	0.889	0.001
0.110	0.220	0.669	0.001
0.001	0.266	0.732	0.001
0.245	0.226	0.001	0.528
0.001	0.997	0.001	0.001
0.001	0.250	0.250	0.499
>CCGCGGGGCCG	9-CCGCGGGGCCG	8.445359	-35.097967	0	T:95.0(11.34%),B:76.7(4.55%),P:1e-15	Tpos:148.0,Tstd:90.3,Bpos:157.9,Bstd:154.5,StrandBias:0.1,Multiplicity:1.25
0.054	0.760	0.127	0.059
0.087	0.670	0.142	0.101
0.056	0.124	0.736	0.084
0.068	0.745	0.135	0.052
0.085	0.117	0.733	0.065
0.076	0.112	0.753	0.059
0.095	0.136	0.710	0.059
0.049	0.133	0.749	0.069
0.072	0.732	0.128	0.068
0.061	0.717	0.130	0.092
0.074	0.147	0.696	0.083
>GGCCCGGCGAA	10-GGCCCGGCGAA	8.820610	-31.374474	0	T:65.0(7.76%),B:44.6(2.65%),P:1e-13	Tpos:168.1,Tstd:99.2,Bpos:144.8,Bstd:130.7,StrandBias:0.4,Multiplicity:1.07
0.136	0.119	0.715	0.030
0.035	0.030	0.905	0.030
0.001	0.911	0.059	0.029
0.001	0.816	0.124	0.059
0.149	0.791	0.030	0.030
0.059	0.089	0.851	0.001
0.001	0.029	0.969	0.001
0.001	0.876	0.094	0.029
0.065	0.089	0.781	0.065
0.566	0.267	0.166	0.001
0.851	0.030	0.089	0.030
>CGATCTCAGCC	11-CGATCTCAGCC	10.475264	-30.748961	0	T:18.0(2.15%),B:3.1(0.18%),P:1e-13	Tpos:180.1,Tstd:94.8,Bpos:164.3,Bstd:15.1,StrandBias:0.7,Multiplicity:1.00
0.026	0.972	0.001	0.001
0.166	0.001	0.668	0.165
0.740	0.045	0.214	0.001
0.025	0.190	0.215	0.570
0.001	0.997	0.001	0.001
0.001	0.001	0.204	0.794
0.001	0.669	0.329	0.001
0.754	0.050	0.195	0.001
0.001	0.001	0.997	0.001
0.001	0.834	0.164	0.001
0.001	0.997	0.001	0.001
>CCAAGGCCAAG	12-CCAAGGCCAAG	11.897830	-28.893516	0	T:12.0(1.43%),B:2.0(0.12%),P:1e-12	Tpos:130.9,Tstd:84.8,Bpos:475.1,Bstd:225.8,StrandBias:-0.7,Multiplicity:1.08
0.001	0.997	0.001	0.001
0.001	0.997	0.001	0.001
0.997	0.001	0.001	0.001
0.997	0.001	0.001	0.001
0.001	0.001	0.997	0.001
0.001	0.011	0.987	0.001
0.001	0.997	0.001	0.001
0.001	0.997	0.001	0.001
0.505	0.326	0.001	0.168
0.515	0.326	0.072	0.087
0.001	0.001	0.997	0.001
>TGGACGCCGAG	13-TGGACGCCGAG	12.049906	-28.893516	0	T:12.0(1.43%),B:0.0(0.00%),P:1e-12	Tpos:130.2,Tstd:89.6,Bpos:0.0,Bstd:0.0,StrandBias:-1.0,Multiplicity:1.00
0.100	0.001	0.100	0.799
0.001	0.001	0.899	0.099
0.001	0.099	0.899	0.001
0.899	0.099	0.001	0.001
0.001	0.997	0.001	0.001
0.001	0.100	0.799	0.100
0.001	0.997	0.001	0.001
0.099	0.899	0.001	0.001
0.001	0.001	0.899	0.099
0.997	0.001	0.001	0.001
0.001	0.001	0.997	0.001
>TGCTCTACCCG	14-TGCTCTACCCG	10.015517	-28.893516	0	T:12.0(1.43%),B:1.1(0.06%),P:1e-12	Tpos:120.8,Tstd:72.2,Bpos:38.0,Bstd:0.0,StrandBias:-0.5,Multiplicity:1.00
0.125	0.062	0.031	0.782
0.001	0.130	0.745	0.124
0.001	0.997	0.001	0.001
0.001	0.036	0.093	0.870
0.005	0.870	0.124	0.001
0.031	0.156	0.031	0.782
0.621	0.161	0.156	0.062
0.001	0.905	0.093	0.001
0.062	0.875	0.001	0.062
0.001	0.937	0.001	0.061
0.099	0.094	0.651	0.156
>CCGCCACCCGG	15-CCGCCACCCGG	11.862499	-28.311793	0	T:19.0(2.27%),B:4.3(0.25%),P:1e-12	Tpos:142.2,Tstd:89.5,Bpos:86.0,Bstd:8.6,StrandBias:0.8,Multiplicity:1.00
0.001	0.997	0.001	0.001
0.056	0.785	0.001	0.158
0.001	0.384	0.614	0.001
0.001	0.942	0.001	0.056
0.001	0.997	0.001	0.001
0.584	0.001	0.400	0.015
0.001	0.997	0.001	0.001
0.001	0.997	0.001	0.001
0.001	0.942	0.001	0.056
0.001	0.001	0.997	0.001
0.001	0.001	0.997	0.001
>GCGGGCTCAGA	16-GCGGGCTCAGA	9.410261	-26.450365	0	T:23.0(2.74%),B:7.4(0.44%),P:1e-11	Tpos:137.1,Tstd:86.6,Bpos:130.3,Bstd:129.5,StrandBias:-0.6,Multiplicity:1.22
0.072	0.048	0.808	0.072
0.048	0.777	0.174	0.001
0.024	0.001	0.927	0.048
0.096	0.072	0.784	0.048
0.024	0.048	0.904	0.024
0.024	0.854	0.074	0.048
0.026	0.072	0.074	0.828
0.072	0.830	0.074	0.024
0.673	0.181	0.074	0.072
0.048	0.048	0.880	0.024
0.765	0.054	0.157	0.024
>TGAGGAGCGCA	17-TGAGGAGCGCA	9.379902	-26.279027	0	T:14.0(1.67%),B:2.4(0.14%),P:1e-11	Tpos:125.9,Tstd:98.8,Bpos:93.4,Bstd:33.1,StrandBias:0.0,Multiplicity:1.00
0.100	0.100	0.100	0.700
0.100	0.100	0.700	0.100
0.700	0.100	0.100	0.100
0.100	0.100	0.700	0.100
0.100	0.100	0.700	0.100
0.700	0.100	0.100	0.100
0.100	0.100	0.700	0.100
0.100	0.700	0.100	0.100
0.100	0.100	0.700	0.100
0.100	0.700	0.100	0.100
0.700	0.100	0.100	0.100
>AGKAAGAGAAA	18-AGKAAGAGAAA	9.104059	-25.907925	0	T:36.0(4.30%),B:18.9(1.12%),P:1e-11	Tpos:154.2,Tstd:110.4,Bpos:157.2,Bstd:90.7,StrandBias:0.5,Multiplicity:1.06
0.840	0.050	0.057	0.053
0.254	0.153	0.540	0.053
0.129	0.150	0.316	0.406
0.939	0.050	0.007	0.004
0.997	0.001	0.001	0.001
0.254	0.150	0.487	0.110
0.946	0.001	0.052	0.001
0.156	0.153	0.690	0.001
0.541	0.201	0.208	0.050
0.837	0.050	0.060	0.053
0.578	0.001	0.420	0.001
>CCCCGAGTTCC	19-CCCCGAGTTCC	9.379902	-23.615738	0	T:13.0(1.55%),B:2.5(0.15%),P:1e-10	Tpos:120.8,Tstd:79.1,Bpos:215.3,Bstd:54.1,StrandBias:0.4,Multiplicity:1.08
0.100	0.700	0.100	0.100
0.100	0.700	0.100	0.100
0.100	0.700	0.100	0.100
0.100	0.700	0.100	0.100
0.100	0.100	0.700	0.100
0.700	0.100	0.100	0.100
0.100	0.100	0.700	0.100
0.100	0.100	0.100	0.700
0.100	0.100	0.100	0.700
0.100	0.700	0.100	0.100
0.100	0.700	0.100	0.100
>CCGAGAGAACC	20-CCGAGAGAACC	9.379902	-23.615738	0	T:13.0(1.55%),B:2.9(0.17%),P:1e-10	Tpos:161.0,Tstd:54.4,Bpos:196.0,Bstd:47.1,StrandBias:1.0,Multiplicity:1.00
0.100	0.700	0.100	0.100
0.100	0.700	0.100	0.100
0.100	0.100	0.700	0.100
0.700	0.100	0.100	0.100
0.100	0.100	0.700	0.100
0.700	0.100	0.100	0.100
0.100	0.100	0.700	0.100
0.700	0.100	0.100	0.100
0.700	0.100	0.100	0.100
0.100	0.700	0.100	0.100
0.100	0.700	0.100	0.100
>NCTACACTACC	21-NCTACACTACC	6.925824	-23.386520	0	T:15.0(1.79%),B:3.5(0.21%),P:1e-10	Tpos:133.0,Tstd:102.0,Bpos:121.0,Bstd:83.5,StrandBias:1.4,Multiplicity:1.57
0.176	0.282	0.236	0.305
0.095	0.674	0.113	0.118
0.143	0.206	0.111	0.540
0.437	0.210	0.205	0.147
0.103	0.716	0.102	0.079
0.582	0.172	0.121	0.125
0.089	0.677	0.135	0.099
0.130	0.225	0.135	0.510
0.449	0.193	0.204	0.154
0.122	0.657	0.137	0.084
0.183	0.453	0.173	0.191
>GGCCACCGAAG	22-GGCCACCGAAG	9.379902	-21.057349	0	T:14.0(1.67%),B:3.2(0.19%),P:1e-9	Tpos:132.9,Tstd:61.7,Bpos:195.3,Bstd:63.9,StrandBias:1.3,Multiplicity:1.00
0.100	0.100	0.700	0.100
0.100	0.100	0.700	0.100
0.100	0.700	0.100	0.100
0.100	0.700	0.100	0.100
0.700	0.100	0.100	0.100
0.100	0.700	0.100	0.100
0.100	0.700	0.100	0.100
0.100	0.100	0.700	0.100
0.700	0.100	0.100	0.100
0.700	0.100	0.100	0.100
0.100	0.100	0.700	0.100
>GACTGCGGTTC	23-GACTGCGGTTC	9.379902	-21.026976	0	T:12.0(1.43%),B:2.3(0.14%),P:1e-9	Tpos:138.1,Tstd:98.1,Bpos:38.1,Bstd:33.4,StrandBias:0.0,Multiplicity:1.00
0.100	0.100	0.700	0.100
0.700	0.100	0.100	0.100
0.100	0.700	0.100	0.100
0.100	0.100	0.100	0.700
0.100	0.100	0.700	0.100
0.100	0.700	0.100	0.100
0.100	0.100	0.700	0.100
0.100	0.100	0.700	0.100
0.100	0.100	0.100	0.700
0.100	0.100	0.100	0.700
0.100	0.700	0.100	0.100
>AGCCGCGGTCT	24-AGCCGCGGTCT	9.882446	-18.521804	0	T:16.0(1.91%),B:5.1(0.30%),P:1e-8	Tpos:203.0,Tstd:86.1,Bpos:35.2,Bstd:25.7,StrandBias:0.4,Multiplicity:1.00
0.857	0.085	0.001	0.057
0.001	0.057	0.914	0.028
0.001	0.942	0.056	0.001
0.029	0.856	0.086	0.029
0.029	0.114	0.771	0.086
0.086	0.771	0.086	0.057
0.029	0.086	0.828	0.057
0.043	0.057	0.899	0.001
0.086	0.101	0.171	0.642
0.001	0.857	0.114	0.028
0.143	0.114	0.057	0.686
>GGTGTGTAGGA	25-GGTGTGTAGGA	9.498773	-10.559266	0	T:9.0(1.07%),B:3.4(0.20%),P:1e-4	Tpos:118.5,Tstd:54.6,Bpos:252.8,Bstd:179.9,StrandBias:1.9,Multiplicity:2.11
0.055	0.046	0.795	0.104
0.083	0.138	0.729	0.050
0.118	0.092	0.106	0.684
0.046	0.055	0.844	0.055
0.097	0.042	0.151	0.710
0.046	0.106	0.802	0.046
0.124	0.143	0.138	0.595
0.614	0.069	0.262	0.055
0.071	0.023	0.864	0.042
0.096	0.096	0.758	0.050
0.613	0.128	0.138	0.121
