>ACACGGTG	1-ACACGGTG	8.773719	-33.802755	0	T:25.0(2.98%),B:6.4(0.38%),P:1e-14	Tpos:131.0,Tstd:99.4,Bpos:151.0,Bstd:117.5,StrandBias:-0.8,Multiplicity:1.00
0.997	0.001	0.001	0.001
0.001	0.673	0.001	0.325
0.777	0.221	0.001	0.001
0.001	0.997	0.001	0.001
0.001	0.001	0.997	0.001
0.001	0.001	0.997	0.001
0.001	0.001	0.001	0.997
0.325	0.001	0.673	0.001
>CCAGGTCC	2-CCAGGTCC	7.890720	-28.178033	0	T:84.0(10.02%),B:71.8(4.26%),P:1e-12	Tpos:146.3,Tstd:93.6,Bpos:139.5,Bstd:106.6,StrandBias:0.0,Multiplicity:1.07
0.001	0.997	0.001	0.001
0.066	0.932	0.001	0.001
0.997	0.001	0.001	0.001
0.001	0.001	0.997	0.001
0.001	0.001	0.997	0.001
0.261	0.001	0.001	0.737
0.001	0.997	0.001	0.001
0.147	0.851	0.001	0.001
>GCCCGGCG	3-GCCCGGCG	6.714207	-27.678687	0	T:94.0(11.22%),B:85.5(5.08%),P:1e-12	Tpos:160.9,Tstd:96.1,Bpos:161.3,Bstd:157.6,StrandBias:0.1,Multiplicity:1.10
0.001	0.001	0.997	0.001
0.071	0.927	0.001	0.001
0.235	0.763	0.001	0.001
0.001	0.997	0.001	0.001
0.001	0.001	0.997	0.001
0.001	0.001	0.765	0.233
0.001	0.997	0.001	0.001
0.001	0.001	0.997	0.001
>CTTCGACG	4-CTTCGACG	7.930320	-27.462296	0	T:22.0(2.63%),B:6.9(0.41%),P:1e-11	Tpos:167.0,Tstd:110.5,Bpos:196.8,Bstd:106.9,StrandBias:-0.4,Multiplicity:1.00
0.115	0.883	0.001	0.001
0.001	0.001	0.001	0.997
0.001	0.001	0.115	0.883
0.001	0.997	0.001	0.001
0.001	0.001	0.883	0.115
0.701	0.001	0.001	0.297
0.115	0.883	0.001	0.001
0.115	0.001	0.769	0.115
>TGGCGCCG	5-TGGCGCCG	8.881981	-25.275639	0	T:62.0(7.40%),B:47.7(2.83%),P:1e-10	Tpos:154.5,Tstd:91.3,Bpos:145.4,Bstd:113.5,StrandBias:-0.4,Multiplicity:1.05
0.001	0.001	0.001	0.997
0.001	0.001	0.997	0.001
0.001	0.001	0.829	0.169
0.001	0.997	0.001	0.001
0.001	0.001	0.997	0.001
0.001	0.997	0.001	0.001
0.001	0.662	0.336	0.001
0.001	0.001	0.997	0.001
>WATGCGGC	6-WATGCGGC	7.016951	-24.426085	0	T:36.0(4.30%),B:19.6(1.16%),P:1e-10	Tpos:125.7,Tstd:92.7,Bpos:147.8,Bstd:75.0,StrandBias:-0.4,Multiplicity:1.00
0.414	0.171	0.001	0.414
0.997	0.001	0.001	0.001
0.001	0.001	0.001	0.997
0.121	0.001	0.877	0.001
0.001	0.997	0.001	0.001
0.001	0.001	0.835	0.163
0.001	0.001	0.997	0.001
0.001	0.997	0.001	0.001
>TWCGGKTG	7-TWCGGKTG	7.305649	-24.386534	0	T:57.0(6.80%),B:43.0(2.55%),P:1e-10	Tpos:159.4,Tstd:108.1,Bpos:143.2,Bstd:97.5,StrandBias:0.8,Multiplicity:1.04
0.001	0.001	0.001	0.997
0.488	0.001	0.096	0.415
0.001	0.997	0.001	0.001
0.001	0.001	0.997	0.001
0.011	0.001	0.709	0.279
0.090	0.001	0.426	0.483
0.001	0.001	0.049	0.949
0.001	0.001	0.833	0.165
>ACCGCAAA	8-ACCGCAAA	6.161582	-23.386520	0	T:15.0(1.79%),B:3.7(0.22%),P:1e-10	Tpos:143.6,Tstd:87.1,Bpos:190.2,Bstd:31.2,StrandBias:2.0,Multiplicity:1.00
0.997	0.001	0.001	0.001
0.001	0.997	0.001	0.001
0.001	0.997	0.001	0.001
0.001	0.001	0.997	0.001
0.001	0.945	0.001	0.053
0.997	0.001	0.001	0.001
0.997	0.001	0.001	0.001
0.859	0.001	0.001	0.139
>TCGCCACG	9-TCGCCACG	8.762432	-22.583665	0	T:10.0(1.19%),B:1.5(0.09%),P:1e-9	Tpos:147.0,Tstd:79.8,Bpos:159.0,Bstd:0.0,StrandBias:1.2,Multiplicity:1.00
0.018	0.084	0.001	0.897
0.072	0.747	0.163	0.018
0.022	0.107	0.853	0.018
0.084	0.558	0.107	0.251
0.186	0.794	0.001	0.019
0.700	0.228	0.054	0.018
0.210	0.788	0.001	0.001
0.182	0.018	0.698	0.102
>CTAGAAGG	10-CTAGAAGG	7.401068	-21.084273	0	T:110.0(13.13%),B:120.9(7.17%),P:1e-9	Tpos:127.8,Tstd:89.8,Bpos:129.3,Bstd:120.9,StrandBias:0.4,Multiplicity:1.06
0.001	0.946	0.001	0.052
0.001	0.078	0.001	0.920
0.639	0.001	0.195	0.165
0.026	0.001	0.972	0.001
0.750	0.086	0.104	0.060
0.997	0.001	0.001	0.001
0.001	0.001	0.977	0.021
0.019	0.040	0.791	0.150
>SGCCTAWT	11-SGCCTAWT	9.683068	-21.026976	0	T:12.0(1.43%),B:2.5(0.15%),P:1e-9	Tpos:133.3,Tstd:64.1,Bpos:166.8,Bstd:39.7,StrandBias:0.5,Multiplicity:1.00
0.001	0.483	0.515	0.001
0.001	0.001	0.997	0.001
0.001	0.997	0.001	0.001
0.001	0.997	0.001	0.001
0.001	0.001	0.001	0.997
0.997	0.001	0.001	0.001
0.514	0.001	0.001	0.484
0.001	0.001	0.001	0.997
>TYSGCAAC	12-TYSGCAAC	9.472398	-19.527200	0	T:15.0(1.79%),B:4.3(0.25%),P:1e-8	Tpos:158.9,Tstd:114.2,Bpos:148.7,Bstd:99.3,StrandBias:-1.5,Multiplicity:1.00
0.001	0.001	0.033	0.965
0.001	0.516	0.001	0.482
0.001	0.515	0.483	0.001
0.001	0.001	0.997	0.001
0.033	0.965	0.001	0.001
0.929	0.001	0.069	0.001
0.997	0.001	0.001	0.001
0.069	0.929	0.001	0.001
>BCAGCGTA	13-BCAGCGTA	8.235134	-19.146881	0	T:47.0(5.61%),B:36.4(2.16%),P:1e-8	Tpos:145.1,Tstd:83.1,Bpos:130.4,Bstd:135.9,StrandBias:0.5,Multiplicity:1.02
0.001	0.246	0.394	0.359
0.102	0.896	0.001	0.001
0.997	0.001	0.001	0.001
0.001	0.001	0.997	0.001
0.001	0.997	0.001	0.001
0.245	0.001	0.753	0.001
0.001	0.001	0.259	0.739
0.997	0.001	0.001	0.001
>GAACCGMA	14-GAACCGMA	9.381516	-17.914281	0	T:32.0(3.82%),B:20.5(1.22%),P:1e-7	Tpos:130.2,Tstd:96.9,Bpos:160.2,Bstd:93.4,StrandBias:-1.0,Multiplicity:1.03
0.001	0.001	0.997	0.001
0.640	0.358	0.001	0.001
0.997	0.001	0.001	0.001
0.001	0.997	0.001	0.001
0.001	0.997	0.001	0.001
0.001	0.001	0.997	0.001
0.483	0.515	0.001	0.001
0.997	0.001	0.001	0.001
>CAGCGTCG	15-CAGCGTCG	9.103209	-17.903305	0	T:23.0(2.74%),B:11.6(0.69%),P:1e-7	Tpos:159.8,Tstd:95.1,Bpos:156.1,Bstd:119.6,StrandBias:0.9,Multiplicity:1.00
0.001	0.997	0.001	0.001
0.997	0.001	0.001	0.001
0.001	0.140	0.858	0.001
0.001	0.997	0.001	0.001
0.001	0.001	0.997	0.001
0.001	0.001	0.001	0.997
0.001	0.997	0.001	0.001
0.001	0.001	0.997	0.001
>ACMGKCGA	16-ACMGKCGA	9.629195	-17.334673	0	T:18.0(2.15%),B:7.5(0.44%),P:1e-7	Tpos:133.3,Tstd:88.0,Bpos:192.8,Bstd:104.0,StrandBias:0.7,Multiplicity:1.00
0.997	0.001	0.001	0.001
0.001	0.997	0.001	0.001
0.515	0.483	0.001	0.001
0.001	0.001	0.997	0.001
0.001	0.001	0.489	0.509
0.001	0.997	0.001	0.001
0.001	0.001	0.997	0.001
0.997	0.001	0.001	0.001
>CCGGAGCC	17-CCGGAGCC	10.016639	-16.155812	0	T:76.0(9.07%),B:80.6(4.79%),P:1e-7	Tpos:142.6,Tstd:82.0,Bpos:141.1,Bstd:130.8,StrandBias:-0.1,Multiplicity:1.04
0.001	0.997	0.001	0.001
0.001	0.997	0.001	0.001
0.001	0.001	0.997	0.001
0.349	0.001	0.649	0.001
0.997	0.001	0.001	0.001
0.001	0.001	0.997	0.001
0.001	0.997	0.001	0.001
0.001	0.997	0.001	0.001
>GGTTAAGT	18-GGTTAAGT	10.809173	-16.096918	0	T:10.0(1.19%),B:2.7(0.16%),P:1e-6	Tpos:154.8,Tstd:72.5,Bpos:161.0,Bstd:54.3,StrandBias:0.0,Multiplicity:1.00
0.001	0.001	0.997	0.001
0.001	0.001	0.997	0.001
0.001	0.194	0.001	0.804
0.001	0.001	0.001	0.997
0.997	0.001	0.001	0.001
0.956	0.042	0.001	0.001
0.001	0.001	0.997	0.001
0.001	0.001	0.001	0.997
>GCGGTACC	19-GCGGTACC	8.236954	-16.096918	0	T:10.0(1.19%),B:2.6(0.15%),P:1e-6	Tpos:132.7,Tstd:112.2,Bpos:100.5,Bstd:22.0,StrandBias:0.6,Multiplicity:1.00
0.100	0.100	0.700	0.100
0.100	0.700	0.100	0.100
0.100	0.100	0.700	0.100
0.100	0.100	0.700	0.100
0.100	0.100	0.100	0.700
0.700	0.100	0.100	0.100
0.100	0.700	0.100	0.100
0.100	0.700	0.100	0.100
>TATTCGGT	20-TATTCGGT	7.733727	-15.061279	0	T:25.0(2.98%),B:15.3(0.91%),P:1e-6	Tpos:163.4,Tstd:100.9,Bpos:167.5,Bstd:82.3,StrandBias:-0.5,Multiplicity:1.08
0.001	0.035	0.091	0.873
0.780	0.150	0.035	0.035
0.001	0.001	0.034	0.964
0.001	0.001	0.001	0.997
0.001	0.668	0.091	0.240
0.095	0.001	0.854	0.050
0.001	0.034	0.964	0.001
0.035	0.001	0.035	0.929
>YCTACACW	21-YCTACACW	6.754817	-14.983575	0	T:23.0(2.74%),B:13.9(0.83%),P:1e-6	Tpos:118.2,Tstd:76.4,Bpos:157.0,Bstd:124.3,StrandBias:-0.2,Multiplicity:1.70
0.001	0.428	0.161	0.410
0.234	0.628	0.137	0.001
0.259	0.056	0.091	0.594
0.733	0.001	0.001	0.265
0.121	0.806	0.001	0.072
0.722	0.122	0.118	0.038
0.106	0.760	0.002	0.132
0.253	0.212	0.172	0.363
>CTCCCCGA	22-CTCCCCGA	8.236954	-13.092324	0	T:32.0(3.82%),B:25.5(1.51%),P:1e-5	Tpos:162.5,Tstd:105.1,Bpos:160.2,Bstd:92.6,StrandBias:0.4,Multiplicity:1.03
0.100	0.700	0.100	0.100
0.100	0.100	0.100	0.700
0.100	0.700	0.100	0.100
0.100	0.700	0.100	0.100
0.100	0.700	0.100	0.100
0.100	0.700	0.100	0.100
0.100	0.100	0.700	0.100
0.700	0.100	0.100	0.100
>TCCTGGAT	23-TCCTGGAT	6.126770	-12.728946	0	T:24.0(2.86%),B:16.7(0.99%),P:1e-5	Tpos:177.7,Tstd:87.5,Bpos:157.1,Bstd:75.1,StrandBias:-0.3,Multiplicity:1.08
0.106	0.177	0.104	0.613
0.141	0.636	0.106	0.117
0.104	0.596	0.166	0.134
0.081	0.188	0.172	0.559
0.155	0.158	0.558	0.129
0.080	0.054	0.704	0.162
0.711	0.102	0.074	0.113
0.092	0.158	0.124	0.626
>AGACATCA	24-AGACATCA	8.236954	-12.485335	0	T:10.0(1.19%),B:3.1(0.18%),P:1e-5	Tpos:223.5,Tstd:130.0,Bpos:148.9,Bstd:99.1,StrandBias:0.0,Multiplicity:1.00
0.700	0.100	0.100	0.100
0.100	0.100	0.700	0.100
0.700	0.100	0.100	0.100
0.100	0.700	0.100	0.100
0.700	0.100	0.100	0.100
0.100	0.100	0.100	0.700
0.100	0.700	0.100	0.100
0.700	0.100	0.100	0.100
>GGTCGAGG	25-GGTCGAGG	8.236954	-10.049797	0	T:10.0(1.19%),B:4.9(0.29%),P:1e-4	Tpos:83.6,Tstd:51.4,Bpos:188.5,Bstd:104.6,StrandBias:-0.8,Multiplicity:1.10
0.100	0.100	0.700	0.100
0.100	0.100	0.700	0.100
0.100	0.100	0.100	0.700
0.100	0.700	0.100	0.100
0.100	0.100	0.700	0.100
0.700	0.100	0.100	0.100
0.100	0.100	0.700	0.100
0.100	0.100	0.700	0.100
