>CGCGTTGAC	1-CGCGTTGAC	8.139841	-68.426977	0	T:23.0(2.74%),B:1.6(0.09%),P:1e-29	Tpos:137.7,Tstd:105.0,Bpos:30.0,Bstd:0.0,StrandBias:-0.6,Multiplicity:1.00
0.001	0.751	0.124	0.124
0.124	0.001	0.751	0.124
0.001	0.997	0.001	0.001
0.001	0.001	0.997	0.001
0.001	0.001	0.039	0.959
0.124	0.124	0.001	0.751
0.001	0.001	0.875	0.123
0.913	0.043	0.043	0.001
0.001	0.997	0.001	0.001
>CGGACCYCC	2-CGGACCYCC	10.770119	-56.984810	0	T:20.0(2.39%),B:1.1(0.06%),P:1e-24	Tpos:149.9,Tstd:96.6,Bpos:124.3,Bstd:24.1,StrandBias:1.1,Multiplicity:1.00
0.001	0.997	0.001	0.001
0.001	0.001	0.997	0.001
0.001	0.001	0.997	0.001
0.919	0.079	0.001	0.001
0.418	0.580	0.001	0.001
0.001	0.997	0.001	0.001
0.001	0.515	0.001	0.483
0.005	0.993	0.001	0.001
0.001	0.997	0.001	0.001
>GTCAGCGGA	3-GTCAGCGGA	9.475656	-40.559408	0	T:19.0(2.27%),B:3.0(0.18%),P:1e-17	Tpos:142.0,Tstd:83.4,Bpos:138.4,Bstd:29.6,StrandBias:0.5,Multiplicity:1.00
0.001	0.179	0.819	0.001
0.001	0.001	0.202	0.796
0.197	0.801	0.001	0.001
0.997	0.001	0.001	0.001
0.001	0.213	0.589	0.197
0.001	0.854	0.001	0.144
0.001	0.197	0.801	0.001
0.001	0.001	0.967	0.031
0.997	0.001	0.001	0.001
>TGCAAGACT	4-TGCAAGACT	7.229775	-38.461309	0	T:35.0(4.18%),B:11.2(0.66%),P:1e-16	Tpos:150.7,Tstd:97.1,Bpos:218.7,Bstd:111.9,StrandBias:-0.6,Multiplicity:1.06
0.001	0.001	0.001	0.997
0.099	0.001	0.801	0.099
0.001	0.900	0.098	0.001
0.861	0.039	0.001	0.099
0.933	0.051	0.015	0.001
0.099	0.013	0.789	0.099
0.997	0.001	0.001	0.001
0.098	0.900	0.001	0.001
0.001	0.099	0.099	0.801
>GCCGMGCYA	5-GCCGMGCYA	7.273100	-37.586939	0	T:18.0(2.15%),B:2.9(0.17%),P:1e-16	Tpos:159.0,Tstd:108.5,Bpos:120.3,Bstd:93.0,StrandBias:0.7,Multiplicity:1.00
0.001	0.001	0.997	0.001
0.022	0.976	0.001	0.001
0.001	0.997	0.001	0.001
0.001	0.001	0.997	0.001
0.483	0.515	0.001	0.001
0.001	0.001	0.997	0.001
0.001	0.997	0.001	0.001
0.001	0.494	0.001	0.504
0.997	0.001	0.001	0.001
>ATAGSMGAC	6-ATAGSMGAC	8.651587	-35.397986	0	T:29.0(3.46%),B:8.5(0.51%),P:1e-15	Tpos:142.6,Tstd:83.9,Bpos:135.7,Bstd:80.5,StrandBias:-0.5,Multiplicity:1.00
0.921	0.001	0.077	0.001
0.017	0.169	0.277	0.537
0.814	0.169	0.001	0.016
0.016	0.001	0.982	0.001
0.172	0.341	0.487	0.001
0.397	0.483	0.119	0.001
0.001	0.001	0.830	0.168
0.955	0.001	0.001	0.043
0.001	0.997	0.001	0.001
>GCGACGTTS	7-GCGACGTTS	8.188294	-28.235890	0	T:17.0(2.03%),B:3.1(0.18%),P:1e-12	Tpos:158.3,Tstd:75.8,Bpos:184.5,Bstd:116.5,StrandBias:-0.2,Multiplicity:1.00
0.001	0.004	0.994	0.001
0.142	0.688	0.055	0.115
0.110	0.055	0.725	0.110
0.834	0.055	0.001	0.110
0.037	0.897	0.055	0.011
0.197	0.001	0.797	0.005
0.004	0.053	0.001	0.942
0.001	0.055	0.203	0.741
0.110	0.398	0.322	0.171
>GGCCCCGCA	8-GGCCCCGCA	8.993939	-26.349744	0	T:99.0(11.81%),B:95.0(5.64%),P:1e-11	Tpos:145.3,Tstd:85.1,Bpos:151.6,Bstd:127.4,StrandBias:0.4,Multiplicity:1.09
0.001	0.001	0.997	0.001
0.001	0.001	0.997	0.001
0.002	0.996	0.001	0.001
0.001	0.985	0.013	0.001
0.001	0.997	0.001	0.001
0.001	0.653	0.001	0.345
0.001	0.001	0.997	0.001
0.360	0.638	0.001	0.001
0.851	0.004	0.144	0.001
>CCGGCCTGG	9-CCGGCCTGG	9.187038	-25.803833	0	T:43.0(5.13%),B:25.1(1.49%),P:1e-11	Tpos:121.4,Tstd:82.7,Bpos:158.2,Bstd:101.7,StrandBias:-0.3,Multiplicity:1.05
0.001	0.997	0.001	0.001
0.001	0.997	0.001	0.001
0.001	0.001	0.997	0.001
0.001	0.001	0.848	0.150
0.001	0.997	0.001	0.001
0.001	0.678	0.233	0.088
0.001	0.001	0.001	0.997
0.001	0.001	0.997	0.001
0.001	0.001	0.932	0.066
>TCGGGGAGA	10-TCGGGGAGA	10.586822	-24.552368	0	T:34.0(4.06%),B:17.1(1.02%),P:1e-10	Tpos:169.1,Tstd:102.6,Bpos:179.3,Bstd:81.6,StrandBias:-0.7,Multiplicity:1.06
0.001	0.001	0.001	0.997
0.001	0.997	0.001	0.001
0.001	0.001	0.997	0.001
0.022	0.001	0.976	0.001
0.022	0.001	0.976	0.001
0.001	0.001	0.997	0.001
0.976	0.001	0.022	0.001
0.001	0.217	0.781	0.001
0.758	0.001	0.240	0.001
>CTACACWWC	11-CTACACWWC	8.549232	-23.386520	0	T:15.0(1.79%),B:3.9(0.23%),P:1e-10	Tpos:120.3,Tstd:76.6,Bpos:196.9,Bstd:64.4,StrandBias:0.1,Multiplicity:2.07
0.001	0.997	0.001	0.001
0.297	0.001	0.001	0.701
0.685	0.001	0.078	0.236
0.001	0.716	0.282	0.001
0.997	0.001	0.001	0.001
0.115	0.883	0.001	0.001
0.350	0.138	0.180	0.332
0.432	0.246	0.001	0.320
0.240	0.758	0.001	0.001
>GKGARCGGT	12-GKGARCGGT	11.044681	-23.386520	0	T:15.0(1.79%),B:3.6(0.21%),P:1e-10	Tpos:147.7,Tstd:93.9,Bpos:147.4,Bstd:44.3,StrandBias:-1.5,Multiplicity:1.00
0.001	0.001	0.997	0.001
0.001	0.001	0.515	0.483
0.001	0.001	0.997	0.001
0.997	0.001	0.001	0.001
0.505	0.001	0.493	0.001
0.001	0.997	0.001	0.001
0.001	0.001	0.997	0.001
0.001	0.001	0.997	0.001
0.001	0.001	0.001	0.997
>TGCGWGACS	13-TGCGWGACS	8.466170	-23.386520	0	T:15.0(1.79%),B:3.7(0.22%),P:1e-10	Tpos:105.5,Tstd:71.1,Bpos:75.5,Bstd:73.2,StrandBias:0.2,Multiplicity:1.00
0.094	0.067	0.124	0.715
0.001	0.102	0.771	0.126
0.024	0.895	0.035	0.046
0.124	0.023	0.830	0.023
0.417	0.067	0.204	0.311
0.023	0.045	0.865	0.067
0.588	0.006	0.402	0.004
0.001	0.577	0.012	0.410
0.068	0.529	0.380	0.023
>CCCGAAGGA	14-CCCGAAGGA	6.534264	-21.460238	0	T:125.0(14.92%),B:142.3(8.44%),P:1e-9	Tpos:133.9,Tstd:104.0,Bpos:132.3,Bstd:110.4,StrandBias:-0.5,Multiplicity:1.10
0.057	0.758	0.090	0.095
0.054	0.765	0.095	0.086
0.125	0.695	0.132	0.048
0.061	0.151	0.734	0.054
0.809	0.007	0.097	0.087
0.744	0.093	0.102	0.061
0.021	0.029	0.921	0.029
0.040	0.046	0.853	0.061
0.730	0.075	0.134	0.061
>TACGCGCTA	15-TACGCGCTA	7.278779	-21.057349	0	T:14.0(1.67%),B:3.1(0.19%),P:1e-9	Tpos:176.1,Tstd:76.0,Bpos:181.2,Bstd:63.7,StrandBias:0.8,Multiplicity:1.00
0.024	0.004	0.087	0.885
0.700	0.014	0.094	0.192
0.087	0.747	0.083	0.083
0.005	0.166	0.730	0.099
0.004	0.989	0.001	0.006
0.347	0.088	0.561	0.004
0.088	0.742	0.083	0.087
0.083	0.013	0.170	0.734
0.788	0.001	0.120	0.091
>ATTAGATCM	16-ATTAGATCM	8.995738	-21.057349	0	T:14.0(1.67%),B:3.1(0.19%),P:1e-9	Tpos:122.5,Tstd:77.1,Bpos:130.1,Bstd:78.8,StrandBias:0.0,Multiplicity:1.00
0.997	0.001	0.001	0.001
0.001	0.001	0.040	0.958
0.001	0.001	0.325	0.673
0.997	0.001	0.001	0.001
0.001	0.001	0.997	0.001
0.821	0.001	0.168	0.010
0.001	0.001	0.058	0.940
0.001	0.615	0.058	0.326
0.496	0.358	0.139	0.007
>GTCCCCGGC	17-GTCCCCGGC	11.405643	-20.317982	0	T:21.0(2.51%),B:8.8(0.52%),P:1e-8	Tpos:152.7,Tstd:71.1,Bpos:106.0,Bstd:79.4,StrandBias:0.1,Multiplicity:1.15
0.001	0.001	0.997	0.001
0.001	0.001	0.001	0.997
0.001	0.997	0.001	0.001
0.001	0.997	0.001	0.001
0.001	0.997	0.001	0.001
0.001	0.997	0.001	0.001
0.001	0.001	0.997	0.001
0.001	0.001	0.997	0.001
0.351	0.647	0.001	0.001
>CTGTCCTGC	18-CTGTCCTGC	9.395005	-19.527200	0	T:15.0(1.79%),B:4.5(0.27%),P:1e-8	Tpos:165.7,Tstd:100.9,Bpos:138.3,Bstd:86.9,StrandBias:-0.6,Multiplicity:1.00
0.001	0.997	0.001	0.001
0.001	0.001	0.001	0.997
0.047	0.001	0.951	0.001
0.001	0.001	0.001	0.997
0.001	0.997	0.001	0.001
0.001	0.997	0.001	0.001
0.001	0.001	0.001	0.997
0.001	0.001	0.997	0.001
0.001	0.997	0.001	0.001
>CTCCCGCCA	19-CTCCCGCCA	9.266574	-19.527200	0	T:15.0(1.79%),B:4.9(0.29%),P:1e-8	Tpos:172.5,Tstd:112.0,Bpos:144.5,Bstd:55.1,StrandBias:-0.6,Multiplicity:1.00
0.100	0.700	0.100	0.100
0.100	0.100	0.100	0.700
0.100	0.700	0.100	0.100
0.100	0.700	0.100	0.100
0.100	0.700	0.100	0.100
0.100	0.100	0.700	0.100
0.100	0.700	0.100	0.100
0.100	0.700	0.100	0.100
0.700	0.100	0.100	0.100
>GACCTGGGC	20-GACCTGGGC	9.266574	-14.505305	0	T:11.0(1.31%),B:3.0(0.18%),P:1e-6	Tpos:166.5,Tstd:104.2,Bpos:196.7,Bstd:86.6,StrandBias:0.8,Multiplicity:1.00
0.100	0.100	0.700	0.100
0.700	0.100	0.100	0.100
0.100	0.700	0.100	0.100
0.100	0.700	0.100	0.100
0.100	0.100	0.100	0.700
0.100	0.100	0.700	0.100
0.100	0.100	0.700	0.100
0.100	0.100	0.700	0.100
0.100	0.700	0.100	0.100
>TGGCCTTGG	21-TGGCCTTGG	10.882395	-14.354720	0	T:15.0(1.79%),B:6.7(0.40%),P:1e-6	Tpos:132.4,Tstd:61.5,Bpos:229.5,Bstd:249.9,StrandBias:0.4,Multiplicity:1.07
0.001	0.001	0.001	0.997
0.001	0.001	0.997	0.001
0.001	0.001	0.997	0.001
0.001	0.997	0.001	0.001
0.001	0.997	0.001	0.001
0.001	0.001	0.001	0.997
0.208	0.001	0.001	0.790
0.001	0.001	0.997	0.001
0.001	0.001	0.997	0.001
>GAGAGCCCG	22-GAGAGCCCG	9.496101	-13.608206	0	T:12.0(1.43%),B:4.6(0.27%),P:1e-5	Tpos:192.2,Tstd:79.8,Bpos:114.7,Bstd:66.2,StrandBias:0.0,Multiplicity:1.00
0.001	0.001	0.997	0.001
0.997	0.001	0.001	0.001
0.052	0.001	0.946	0.001
0.997	0.001	0.001	0.001
0.001	0.001	0.997	0.001
0.001	0.997	0.001	0.001
0.001	0.997	0.001	0.001
0.001	0.997	0.001	0.001
0.001	0.001	0.997	0.001
>GCAGACCCC	23-GCAGACCCC	9.266574	-12.485335	0	T:10.0(1.19%),B:3.6(0.22%),P:1e-5	Tpos:102.2,Tstd:74.0,Bpos:280.6,Bstd:1.1,StrandBias:0.3,Multiplicity:1.00
0.100	0.100	0.700	0.100
0.100	0.700	0.100	0.100
0.700	0.100	0.100	0.100
0.100	0.100	0.700	0.100
0.700	0.100	0.100	0.100
0.100	0.700	0.100	0.100
0.100	0.700	0.100	0.100
0.100	0.700	0.100	0.100
0.100	0.700	0.100	0.100
>TCCGGTCCC	24-TCCGGTCCC	9.266574	-10.559266	0	T:9.0(1.07%),B:3.4(0.20%),P:1e-4	Tpos:175.7,Tstd:87.8,Bpos:311.8,Bstd:129.3,StrandBias:0.3,Multiplicity:1.00
0.100	0.100	0.100	0.700
0.100	0.700	0.100	0.100
0.100	0.700	0.100	0.100
0.100	0.100	0.700	0.100
0.100	0.100	0.700	0.100
0.100	0.100	0.100	0.700
0.100	0.700	0.100	0.100
0.100	0.700	0.100	0.100
0.100	0.700	0.100	0.100
>GGACAGGTG	25-GGACAGGTG	12.288910	-9.775619	0	T:11.0(1.31%),B:5.5(0.33%),P:1e-4	Tpos:161.6,Tstd:54.2,Bpos:60.6,Bstd:57.2,StrandBias:0.8,Multiplicity:1.27
0.001	0.001	0.997	0.001
0.001	0.001	0.945	0.053
0.945	0.001	0.001	0.053
0.001	0.997	0.001	0.001
0.997	0.001	0.001	0.001
0.001	0.001	0.997	0.001
0.053	0.001	0.945	0.001
0.001	0.001	0.001	0.997
0.001	0.001	0.997	0.001
