>CGGCCCCGCGGG	1-CGGCCCCGCGGG	11.604986	-104.954647	0	T:32.0(3.82%),B:1.5(0.09%),P:1e-45	Tpos:133.9,Tstd:71.6,Bpos:155.0,Bstd:0.0,StrandBias:0.7,Multiplicity:1.06
0.198	0.693	0.108	0.001
0.108	0.009	0.882	0.001
0.001	0.001	0.900	0.098
0.001	0.997	0.001	0.001
0.001	0.990	0.001	0.008
0.001	0.957	0.041	0.001
0.001	0.997	0.001	0.001
0.001	0.001	0.997	0.001
0.107	0.891	0.001	0.001
0.009	0.005	0.887	0.099
0.001	0.099	0.801	0.099
0.001	0.399	0.566	0.034
>GCGGCCGGGTCC	2-GCGGCCGGGTCC	10.994465	-72.331022	0	T:24.0(2.86%),B:1.7(0.10%),P:1e-31	Tpos:143.4,Tstd:97.9,Bpos:416.0,Bstd:0.0,StrandBias:0.6,Multiplicity:1.09
0.021	0.021	0.957	0.001
0.081	0.554	0.364	0.001
0.040	0.162	0.737	0.061
0.001	0.224	0.774	0.001
0.020	0.697	0.263	0.020
0.061	0.777	0.121	0.041
0.001	0.019	0.979	0.001
0.101	0.262	0.556	0.081
0.001	0.265	0.693	0.041
0.124	0.265	0.043	0.568
0.001	0.816	0.143	0.040
0.002	0.858	0.040	0.100
>CCACTGCGGTGC	3-CCACTGCGGTGC	10.898867	-49.602809	0	T:18.0(2.15%),B:1.5(0.09%),P:1e-21	Tpos:136.3,Tstd:103.0,Bpos:224.8,Bstd:2.0,StrandBias:-0.3,Multiplicity:1.00
0.001	0.871	0.097	0.031
0.001	0.964	0.034	0.001
0.594	0.094	0.156	0.156
0.062	0.906	0.001	0.031
0.125	0.062	0.031	0.782
0.001	0.062	0.875	0.062
0.001	0.871	0.031	0.097
0.031	0.001	0.875	0.093
0.001	0.066	0.902	0.031
0.160	0.066	0.125	0.649
0.035	0.062	0.868	0.035
0.001	0.875	0.093	0.031
>GGAGGGRGGCTG	4-GGAGGGRGGCTG	12.170827	-42.441662	0	T:16.0(1.91%),B:0.0(0.00%),P:1e-18	Tpos:139.8,Tstd:109.1,Bpos:0.0,Bstd:0.0,StrandBias:-0.7,Multiplicity:1.00
0.001	0.001	0.997	0.001
0.001	0.180	0.818	0.001
0.741	0.101	0.157	0.001
0.090	0.029	0.780	0.101
0.011	0.011	0.977	0.001
0.001	0.001	0.997	0.001
0.567	0.001	0.424	0.008
0.001	0.351	0.647	0.001
0.090	0.090	0.810	0.010
0.090	0.908	0.001	0.001
0.180	0.001	0.001	0.818
0.001	0.010	0.988	0.001
>TSCTGSCCTGGC	5-TSCTGSCCTGGC	10.686491	-40.559408	0	T:19.0(2.27%),B:3.0(0.18%),P:1e-17	Tpos:131.6,Tstd:95.3,Bpos:109.1,Bstd:25.3,StrandBias:1.1,Multiplicity:1.00
0.033	0.130	0.326	0.511
0.062	0.486	0.388	0.064
0.139	0.764	0.066	0.031
0.236	0.096	0.094	0.574
0.001	0.259	0.641	0.099
0.031	0.449	0.457	0.062
0.062	0.874	0.031	0.033
0.001	0.903	0.031	0.065
0.004	0.065	0.356	0.575
0.031	0.096	0.872	0.001
0.062	0.128	0.779	0.031
0.065	0.808	0.065	0.062
>CGGGGGCACGGC	6-CGGGGGCACGGC	11.839441	-40.559408	0	T:19.0(2.27%),B:2.8(0.17%),P:1e-17	Tpos:146.1,Tstd:96.6,Bpos:308.3,Bstd:165.5,StrandBias:0.3,Multiplicity:1.00
0.052	0.750	0.197	0.001
0.001	0.001	0.997	0.001
0.001	0.001	0.997	0.001
0.001	0.001	0.997	0.001
0.001	0.001	0.997	0.001
0.001	0.001	0.997	0.001
0.001	0.997	0.001	0.001
0.498	0.001	0.304	0.197
0.001	0.947	0.051	0.001
0.001	0.197	0.801	0.001
0.001	0.001	0.997	0.001
0.001	0.553	0.249	0.197
>GCCGCGGGCACA	7-GCCGCGGGCACA	9.892230	-37.586939	0	T:18.0(2.15%),B:2.4(0.14%),P:1e-16	Tpos:147.2,Tstd:83.3,Bpos:83.9,Bstd:75.6,StrandBias:1.0,Multiplicity:1.00
0.001	0.001	0.997	0.001
0.001	0.667	0.289	0.043
0.042	0.956	0.001	0.001
0.001	0.001	0.753	0.245
0.001	0.997	0.001	0.001
0.001	0.001	0.997	0.001
0.001	0.001	0.997	0.001
0.001	0.288	0.710	0.001
0.001	0.997	0.001	0.001
0.766	0.001	0.001	0.232
0.001	0.956	0.042	0.001
0.956	0.002	0.034	0.008
>CTGCAGCGACGC	8-CTGCAGCGACGC	10.890884	-36.652432	0	T:28.0(3.34%),B:7.0(0.42%),P:1e-15	Tpos:165.9,Tstd:72.8,Bpos:102.9,Bstd:99.6,StrandBias:-0.7,Multiplicity:1.00
0.001	0.968	0.030	0.001
0.031	0.093	0.031	0.845
0.062	0.001	0.906	0.031
0.031	0.906	0.062	0.001
0.814	0.062	0.062	0.062
0.001	0.146	0.852	0.001
0.005	0.840	0.093	0.062
0.062	0.124	0.783	0.031
0.512	0.186	0.209	0.093
0.093	0.875	0.031	0.001
0.001	0.092	0.906	0.001
0.031	0.827	0.111	0.031
>GGCACCTGGCGG	9-GGCACCTGGCGG	11.510986	-35.527472	0	T:14.0(1.67%),B:2.0(0.12%),P:1e-15	Tpos:167.5,Tstd:87.5,Bpos:291.7,Bstd:108.8,StrandBias:0.8,Multiplicity:1.00
0.053	0.106	0.788	0.053
0.001	0.026	0.972	0.001
0.121	0.692	0.186	0.001
0.507	0.159	0.228	0.106
0.053	0.854	0.066	0.027
0.026	0.920	0.053	0.001
0.058	0.005	0.133	0.804
0.001	0.052	0.946	0.001
0.027	0.032	0.914	0.027
0.027	0.840	0.053	0.080
0.079	0.001	0.867	0.053
0.026	0.053	0.920	0.001
>GCCCGGGTGACT	10-GCCCGGGTGACT	11.281453	-35.527472	0	T:14.0(1.67%),B:2.0(0.12%),P:1e-15	Tpos:145.2,Tstd:76.8,Bpos:228.3,Bstd:95.9,StrandBias:-0.8,Multiplicity:1.00
0.001	0.001	0.997	0.001
0.001	0.834	0.164	0.001
0.001	0.997	0.001	0.001
0.001	0.804	0.165	0.030
0.057	0.001	0.941	0.001
0.001	0.001	0.997	0.001
0.001	0.164	0.834	0.001
0.001	0.417	0.001	0.581
0.001	0.001	0.997	0.001
0.834	0.001	0.001	0.164
0.001	0.777	0.221	0.001
0.001	0.001	0.164	0.834
>CGCCGGTCTCCC	11-CGCCGGTCTCCC	11.306472	-33.316836	0	T:19.0(2.27%),B:3.6(0.21%),P:1e-14	Tpos:167.3,Tstd:108.0,Bpos:145.3,Bstd:70.4,StrandBias:-0.5,Multiplicity:1.00
0.050	0.899	0.050	0.001
0.025	0.076	0.874	0.025
0.025	0.873	0.051	0.051
0.001	0.874	0.075	0.050
0.101	0.196	0.672	0.031
0.075	0.106	0.818	0.001
0.050	0.196	0.157	0.597
0.001	0.924	0.025	0.050
0.001	0.075	0.101	0.823
0.001	0.949	0.025	0.025
0.051	0.847	0.051	0.051
0.075	0.874	0.050	0.001
>CTGCGGAGGGCG	12-CTGCGGAGGGCG	10.828743	-32.173024	0	T:13.0(1.55%),B:1.7(0.10%),P:1e-13	Tpos:133.1,Tstd:67.1,Bpos:208.4,Bstd:208.4,StrandBias:0.0,Multiplicity:1.08
0.014	0.845	0.106	0.035
0.067	0.153	0.151	0.629
0.014	0.078	0.851	0.057
0.089	0.706	0.152	0.053
0.089	0.114	0.691	0.106
0.050	0.089	0.815	0.046
0.632	0.125	0.169	0.074
0.078	0.092	0.780	0.050
0.064	0.139	0.755	0.042
0.032	0.130	0.796	0.042
0.075	0.733	0.114	0.078
0.071	0.078	0.770	0.081
>GCTGCCACCCGG	13-GCTGCCACCCGG	11.446419	-30.748961	0	T:18.0(2.15%),B:3.0(0.18%),P:1e-13	Tpos:125.8,Tstd:79.2,Bpos:180.6,Bstd:49.7,StrandBias:-0.3,Multiplicity:1.00
0.045	0.068	0.864	0.023
0.023	0.887	0.045	0.045
0.050	0.229	0.068	0.653
0.001	0.171	0.827	0.001
0.001	0.886	0.068	0.045
0.001	0.886	0.068	0.045
0.729	0.073	0.130	0.068
0.068	0.796	0.091	0.045
0.001	0.908	0.090	0.001
0.068	0.819	0.045	0.068
0.027	0.045	0.883	0.045
0.023	0.045	0.887	0.045
>AGYCCCGGGCCT	14-AGYCCCGGGCCT	11.920550	-29.011881	0	T:15.0(1.79%),B:2.5(0.15%),P:1e-12	Tpos:163.6,Tstd:98.3,Bpos:99.0,Bstd:0.0,StrandBias:-0.5,Multiplicity:1.07
0.889	0.001	0.001	0.109
0.109	0.001	0.889	0.001
0.001	0.560	0.001	0.438
0.109	0.889	0.001	0.001
0.109	0.889	0.001	0.001
0.001	0.773	0.225	0.001
0.017	0.088	0.885	0.010
0.029	0.001	0.941	0.029
0.003	0.001	0.886	0.110
0.127	0.862	0.001	0.010
0.029	0.860	0.001	0.110
0.001	0.110	0.110	0.779
>CTCCTTCCCGGG	15-CTCCTTCCCGGG	11.221629	-26.643390	0	T:20.0(2.39%),B:5.9(0.35%),P:1e-11	Tpos:178.8,Tstd:120.3,Bpos:162.8,Bstd:52.3,StrandBias:0.5,Multiplicity:1.10
0.001	0.882	0.116	0.001
0.166	0.173	0.190	0.471
0.006	0.753	0.240	0.001
0.006	0.876	0.112	0.006
0.001	0.295	0.056	0.648
0.001	0.234	0.056	0.709
0.055	0.889	0.055	0.001
0.001	0.883	0.006	0.110
0.283	0.544	0.061	0.112
0.006	0.001	0.875	0.118
0.055	0.056	0.834	0.055
0.001	0.110	0.888	0.001
>AGCGTCCCCGGC	16-AGCGTCCCCGGC	10.970052	-26.279027	0	T:14.0(1.67%),B:2.8(0.17%),P:1e-11	Tpos:133.7,Tstd:98.1,Bpos:106.3,Bstd:32.5,StrandBias:-0.2,Multiplicity:1.07
0.773	0.028	0.083	0.116
0.001	0.143	0.855	0.001
0.055	0.834	0.083	0.028
0.028	0.060	0.857	0.055
0.055	0.139	0.116	0.690
0.001	0.806	0.166	0.027
0.001	0.943	0.001	0.055
0.028	0.861	0.028	0.083
0.083	0.834	0.055	0.028
0.116	0.060	0.823	0.001
0.028	0.083	0.861	0.028
0.001	0.889	0.055	0.055
>GGCGCGCAGCGA	17-GGCGCGCAGCGA	10.457628	-26.030660	0	T:18.0(2.15%),B:4.0(0.24%),P:1e-11	Tpos:154.2,Tstd:62.6,Bpos:154.6,Bstd:144.4,StrandBias:-0.5,Multiplicity:1.00
0.040	0.141	0.755	0.064
0.040	0.068	0.872	0.020
0.075	0.699	0.167	0.059
0.047	0.095	0.808	0.050
0.056	0.754	0.135	0.055
0.052	0.091	0.769	0.088
0.040	0.780	0.133	0.047
0.629	0.107	0.127	0.137
0.016	0.080	0.884	0.020
0.095	0.698	0.167	0.040
0.064	0.121	0.768	0.047
0.587	0.141	0.205	0.067
>GGCRCCGCTCCC	18-GGCRCCGCTCCC	8.737982	-25.694784	0	T:11.0(1.31%),B:1.4(0.08%),P:1e-11	Tpos:141.1,Tstd:75.2,Bpos:335.0,Bstd:0.0,StrandBias:0.3,Multiplicity:1.00
0.001	0.258	0.740	0.001
0.001	0.001	0.997	0.001
0.001	0.997	0.001	0.001
0.516	0.001	0.482	0.001
0.001	0.997	0.001	0.001
0.001	0.997	0.001	0.001
0.001	0.001	0.997	0.001
0.001	0.997	0.001	0.001
0.001	0.258	0.001	0.740
0.001	0.997	0.001	0.001
0.001	0.997	0.001	0.001
0.001	0.997	0.001	0.001
>CCACCGCCGGGA	19-CCACCGCCGGGA	9.683114	-23.804148	0	T:17.0(2.03%),B:4.1(0.24%),P:1e-10	Tpos:146.4,Tstd:85.0,Bpos:131.6,Bstd:52.3,StrandBias:-0.5,Multiplicity:1.00
0.075	0.710	0.148	0.067
0.071	0.757	0.114	0.058
0.482	0.176	0.214	0.128
0.065	0.695	0.183	0.057
0.115	0.675	0.116	0.094
0.083	0.172	0.616	0.129
0.065	0.763	0.118	0.054
0.105	0.661	0.139	0.095
0.114	0.132	0.657	0.097
0.087	0.132	0.729	0.052
0.069	0.137	0.749	0.045
0.507	0.210	0.184	0.099
>TGAGACCCCGCC	20-TGAGACCCCGCC	10.706280	-23.386520	0	T:15.0(1.79%),B:3.9(0.23%),P:1e-10	Tpos:143.8,Tstd:65.8,Bpos:185.0,Bstd:27.0,StrandBias:-1.0,Multiplicity:1.20
0.111	0.074	0.044	0.771
0.001	0.001	0.962	0.036
0.815	0.074	0.037	0.074
0.001	0.036	0.962	0.001
0.618	0.111	0.154	0.117
0.037	0.808	0.044	0.111
0.074	0.851	0.001	0.074
0.001	0.888	0.074	0.037
0.147	0.815	0.001	0.037
0.044	0.111	0.734	0.111
0.001	0.888	0.037	0.074
0.001	0.925	0.073	0.001
>CACCTGCGCCGG	21-CACCTGCGCCGG	8.573801	-19.527200	0	T:15.0(1.79%),B:4.2(0.25%),P:1e-8	Tpos:149.8,Tstd:126.5,Bpos:242.8,Bstd:32.6,StrandBias:0.0,Multiplicity:1.07
0.001	0.997	0.001	0.001
0.997	0.001	0.001	0.001
0.001	0.997	0.001	0.001
0.001	0.997	0.001	0.001
0.001	0.001	0.001	0.997
0.001	0.001	0.997	0.001
0.001	0.997	0.001	0.001
0.001	0.001	0.997	0.001
0.001	0.997	0.001	0.001
0.001	0.673	0.325	0.001
0.001	0.001	0.997	0.001
0.001	0.325	0.673	0.001
>CCGGCGCTCCCA	22-CCGGCGCTCCCA	10.409522	-18.518473	0	T:11.0(1.31%),B:2.9(0.17%),P:1e-8	Tpos:156.7,Tstd:88.9,Bpos:163.9,Bstd:88.6,StrandBias:-0.3,Multiplicity:1.00
0.100	0.700	0.100	0.100
0.100	0.700	0.100	0.100
0.100	0.100	0.700	0.100
0.100	0.100	0.700	0.100
0.100	0.700	0.100	0.100
0.100	0.100	0.700	0.100
0.100	0.700	0.100	0.100
0.100	0.100	0.100	0.700
0.100	0.700	0.100	0.100
0.100	0.700	0.100	0.100
0.100	0.700	0.100	0.100
0.700	0.100	0.100	0.100
>GGGACCCAGGGT	23-GGGACCCAGGGT	10.409522	-14.505305	0	T:11.0(1.31%),B:3.4(0.20%),P:1e-6	Tpos:140.2,Tstd:59.7,Bpos:399.0,Bstd:135.8,StrandBias:-0.8,Multiplicity:1.00
0.100	0.100	0.700	0.100
0.100	0.100	0.700	0.100
0.100	0.100	0.700	0.100
0.700	0.100	0.100	0.100
0.100	0.700	0.100	0.100
0.100	0.700	0.100	0.100
0.100	0.700	0.100	0.100
0.700	0.100	0.100	0.100
0.100	0.100	0.700	0.100
0.100	0.100	0.700	0.100
0.100	0.100	0.700	0.100
0.100	0.100	0.100	0.700
>GCGTCCCGGCTG	24-GCGTCCCGGCTG	10.409522	-13.058941	0	T:13.0(1.55%),B:5.3(0.32%),P:1e-5	Tpos:142.2,Tstd:87.3,Bpos:173.3,Bstd:76.4,StrandBias:1.2,Multiplicity:1.00
0.100	0.100	0.700	0.100
0.100	0.700	0.100	0.100
0.100	0.100	0.700	0.100
0.100	0.100	0.100	0.700
0.100	0.700	0.100	0.100
0.100	0.700	0.100	0.100
0.100	0.700	0.100	0.100
0.100	0.100	0.700	0.100
0.100	0.100	0.700	0.100
0.100	0.700	0.100	0.100
0.100	0.100	0.100	0.700
0.100	0.100	0.700	0.100
>AGGTGTGTAGGA	25-AGGTGTGTAGGA	9.053357	-11.786288	0	T:11.0(1.31%),B:4.4(0.26%),P:1e-5	Tpos:111.1,Tstd:54.4,Bpos:99.2,Bstd:33.6,StrandBias:1.7,Multiplicity:1.91
0.635	0.070	0.196	0.099
0.064	0.056	0.815	0.065
0.082	0.144	0.724	0.050
0.129	0.114	0.182	0.575
0.067	0.095	0.760	0.078
0.138	0.098	0.222	0.542
0.050	0.134	0.759	0.057
0.134	0.163	0.236	0.468
0.569	0.084	0.257	0.090
0.082	0.048	0.805	0.065
0.115	0.102	0.747	0.036
0.601	0.130	0.160	0.109
