>CCCGTGT	1-CCCGTGT	6.934398	-24.678264	0	T:135.0(16.11%),B:150.3(8.92%),P:1e-10	Tpos:156.3,Tstd:104.3,Bpos:161.2,Bstd:129.7,StrandBias:0.1,Multiplicity:1.08
0.203	0.795	0.001	0.001
0.001	0.997	0.001	0.001
0.001	0.997	0.001	0.001
0.121	0.001	0.877	0.001
0.118	0.001	0.001	0.880
0.122	0.001	0.876	0.001
0.123	0.001	0.001	0.875
>ACCGCAA	2-ACCGCAA	6.043896	-24.476941	0	T:96.0(11.46%),B:93.2(5.53%),P:1e-10	Tpos:146.5,Tstd:90.2,Bpos:155.2,Bstd:123.2,StrandBias:0.1,Multiplicity:1.03
0.997	0.001	0.001	0.001
0.001	0.942	0.001	0.056
0.001	0.997	0.001	0.001
0.001	0.001	0.997	0.001
0.001	0.929	0.001	0.069
0.835	0.001	0.001	0.163
0.816	0.182	0.001	0.001
>CCAGGTC	3-CCAGGTC	7.246732	-19.601014	0	T:168.0(20.05%),B:216.5(12.85%),P:1e-8	Tpos:153.2,Tstd:101.1,Bpos:156.1,Bstd:133.7,StrandBias:-0.1,Multiplicity:1.18
0.001	0.997	0.001	0.001
0.070	0.928	0.001	0.001
0.997	0.001	0.001	0.001
0.001	0.138	0.741	0.120
0.001	0.001	0.997	0.001
0.321	0.001	0.001	0.677
0.001	0.997	0.001	0.001
>GTCAACG	4-GTCAACG	7.207335	-18.797383	0	T:13.0(1.55%),B:3.1(0.18%),P:1e-8	Tpos:168.0,Tstd:110.1,Bpos:124.6,Bstd:37.2,StrandBias:-0.2,Multiplicity:1.00
0.100	0.100	0.700	0.100
0.100	0.100	0.100	0.700
0.100	0.700	0.100	0.100
0.700	0.100	0.100	0.100
0.700	0.100	0.100	0.100
0.100	0.700	0.100	0.100
0.100	0.100	0.700	0.100
>GTTCACC	5-GTTCACC	5.551903	-15.813871	0	T:191.0(22.79%),B:268.8(15.95%),P:1e-6	Tpos:148.6,Tstd:97.8,Bpos:145.7,Bstd:116.7,StrandBias:-0.2,Multiplicity:1.17
0.068	0.001	0.905	0.026
0.020	0.006	0.052	0.922
0.031	0.001	0.190	0.778
0.241	0.754	0.001	0.004
0.841	0.042	0.070	0.047
0.001	0.752	0.001	0.246
0.027	0.901	0.021	0.051
>MTCGACT	6-MTCGACT	6.464522	-14.433793	0	T:39.0(4.65%),B:32.4(1.93%),P:1e-6	Tpos:126.9,Tstd:97.4,Bpos:159.5,Bstd:125.9,StrandBias:-0.3,Multiplicity:1.00
0.408	0.341	0.157	0.094
0.001	0.293	0.001	0.705
0.001	0.853	0.145	0.001
0.001	0.001	0.985	0.013
0.538	0.274	0.001	0.187
0.256	0.610	0.133	0.001
0.014	0.001	0.015	0.970
>GTTAAGT	7-GTTAAGT	7.315615	-12.841723	0	T:47.0(5.61%),B:45.9(2.73%),P:1e-5	Tpos:142.2,Tstd:75.4,Bpos:173.8,Bstd:131.0,StrandBias:0.1,Multiplicity:1.04
0.001	0.001	0.997	0.001
0.001	0.001	0.001	0.997
0.001	0.135	0.001	0.863
0.997	0.001	0.001	0.001
0.837	0.161	0.001	0.001
0.001	0.001	0.822	0.176
0.001	0.001	0.001	0.997
>CCGTCGG	8-CCGTCGG	6.295957	-10.631321	0	T:72.0(8.59%),B:87.9(5.22%),P:1e-4	Tpos:135.7,Tstd:89.6,Bpos:155.1,Bstd:150.7,StrandBias:0.1,Multiplicity:1.07
0.001	0.997	0.001	0.001
0.001	0.997	0.001	0.001
0.001	0.001	0.611	0.387
0.001	0.001	0.001	0.997
0.001	0.997	0.001	0.001
0.001	0.001	0.997	0.001
0.055	0.001	0.943	0.001
>AACGGAT	9-AACGGAT	7.207335	-10.559266	0	T:9.0(1.07%),B:3.1(0.19%),P:1e-4	Tpos:176.8,Tstd:60.7,Bpos:202.1,Bstd:92.0,StrandBias:0.0,Multiplicity:1.11
0.700	0.100	0.100	0.100
0.700	0.100	0.100	0.100
0.100	0.700	0.100	0.100
0.100	0.100	0.700	0.100
0.100	0.100	0.700	0.100
0.700	0.100	0.100	0.100
0.100	0.100	0.100	0.700
>WGTGTAG	10-WGTGTAG	8.844385	-9.444294	0	T:39.0(4.65%),B:41.0(2.43%),P:1e-4	Tpos:118.5,Tstd:80.8,Bpos:137.0,Bstd:103.9,StrandBias:0.0,Multiplicity:1.42
0.431	0.001	0.001	0.567
0.001	0.001	0.997	0.001
0.001	0.001	0.001	0.997
0.001	0.001	0.997	0.001
0.001	0.001	0.001	0.997
0.997	0.001	0.001	0.001
0.001	0.001	0.997	0.001
>GCCGGAA	11-GCCGGAA	7.207335	-9.444294	0	T:39.0(4.65%),B:41.0(2.43%),P:1e-4	Tpos:154.3,Tstd:103.9,Bpos:123.1,Bstd:112.9,StrandBias:0.5,Multiplicity:1.00
0.100	0.100	0.700	0.100
0.100	0.700	0.100	0.100
0.100	0.700	0.100	0.100
0.100	0.100	0.700	0.100
0.100	0.100	0.700	0.100
0.700	0.100	0.100	0.100
0.700	0.100	0.100	0.100
>YGTCGCM	12-YGTCGCM	4.332066	-8.684413	0	T:250.0(29.83%),B:410.0(24.34%),P:1e-3	Tpos:142.8,Tstd:89.1,Bpos:155.9,Bstd:134.6,StrandBias:-0.0,Multiplicity:1.36
0.001	0.530	0.011	0.458
0.001	0.001	0.997	0.001
0.001	0.001	0.018	0.980
0.001	0.993	0.001	0.005
0.001	0.001	0.997	0.001
0.020	0.922	0.019	0.039
0.463	0.535	0.001	0.001
>CGAGGGA	13-CGAGGGA	7.207335	-6.585061	0	T:55.0(6.56%),B:72.2(4.28%),P:1e-2	Tpos:154.4,Tstd:100.5,Bpos:192.1,Bstd:183.9,StrandBias:0.5,Multiplicity:1.07
0.100	0.700	0.100	0.100
0.100	0.100	0.700	0.100
0.700	0.100	0.100	0.100
0.100	0.100	0.700	0.100
0.100	0.100	0.700	0.100
0.100	0.100	0.700	0.100
0.700	0.100	0.100	0.100
