>GACGCCGAGT	1-GACGCCGAGT	10.272267	-60.751904	0	T:21.0(2.51%),B:1.3(0.08%),P:1e-26	Tpos:129.0,Tstd:92.4,Bpos:200.0,Bstd:0.0,StrandBias:-1.0,Multiplicity:1.00
0.001	0.001	0.997	0.001
0.925	0.001	0.073	0.001
0.001	0.925	0.001	0.073
0.073	0.073	0.853	0.001
0.073	0.925	0.001	0.001
0.001	0.925	0.073	0.001
0.001	0.001	0.997	0.001
0.853	0.073	0.073	0.001
0.001	0.001	0.997	0.001
0.074	0.074	0.190	0.662
>CGCAGGGCCG	2-CGCAGGGCCG	10.672038	-58.519386	0	T:28.0(3.34%),B:3.3(0.19%),P:1e-25	Tpos:145.3,Tstd:93.7,Bpos:203.7,Bstd:85.7,StrandBias:-1.7,Multiplicity:1.04
0.001	0.997	0.001	0.001
0.001	0.001	0.980	0.018
0.001	0.997	0.001	0.001
0.680	0.004	0.315	0.001
0.001	0.298	0.636	0.065
0.001	0.135	0.598	0.266
0.033	0.116	0.735	0.116
0.262	0.619	0.001	0.118
0.145	0.853	0.001	0.001
0.001	0.004	0.994	0.001
>TGCAGTGCGC	3-TGCAGTGCGC	9.387165	-46.000151	0	T:34.0(4.06%),B:8.4(0.50%),P:1e-19	Tpos:146.3,Tstd:90.7,Bpos:149.6,Bstd:123.1,StrandBias:-0.1,Multiplicity:1.03
0.048	0.097	0.107	0.748
0.029	0.063	0.879	0.029
0.048	0.866	0.029	0.057
0.802	0.038	0.140	0.020
0.029	0.082	0.870	0.019
0.039	0.101	0.263	0.597
0.020	0.038	0.894	0.048
0.097	0.754	0.057	0.092
0.010	0.189	0.743	0.058
0.039	0.855	0.053	0.053
>ACACGGGCGA	4-ACACGGGCGA	10.462276	-43.584124	0	T:20.0(2.39%),B:2.6(0.16%),P:1e-18	Tpos:111.2,Tstd:59.2,Bpos:117.0,Bstd:0.0,StrandBias:0.6,Multiplicity:1.00
0.904	0.001	0.094	0.001
0.001	0.997	0.001	0.001
0.661	0.244	0.094	0.001
0.094	0.811	0.094	0.001
0.001	0.094	0.904	0.001
0.001	0.001	0.997	0.001
0.001	0.001	0.997	0.001
0.001	0.904	0.094	0.001
0.001	0.001	0.904	0.094
0.904	0.001	0.001	0.094
>GTGCACCACA	5-GTGCACCACA	8.052625	-43.352592	0	T:36.0(4.30%),B:10.1(0.60%),P:1e-18	Tpos:140.9,Tstd:72.8,Bpos:173.1,Bstd:48.1,StrandBias:-0.2,Multiplicity:1.03
0.069	0.044	0.886	0.001
0.146	0.069	0.066	0.719
0.022	0.022	0.890	0.066
0.066	0.846	0.022	0.066
0.685	0.205	0.088	0.022
0.022	0.845	0.022	0.111
0.066	0.798	0.111	0.025
0.707	0.091	0.066	0.136
0.022	0.890	0.066	0.022
0.761	0.091	0.104	0.044
>TCCGCTTCGT	6-TCCGCTTCGT	9.630947	-42.441662	0	T:16.0(1.91%),B:1.0(0.06%),P:1e-18	Tpos:145.1,Tstd:92.2,Bpos:118.5,Bstd:21.9,StrandBias:-0.7,Multiplicity:1.00
0.001	0.174	0.138	0.687
0.001	0.920	0.078	0.001
0.001	0.997	0.001	0.001
0.105	0.096	0.515	0.284
0.001	0.997	0.001	0.001
0.001	0.001	0.236	0.762
0.001	0.158	0.160	0.681
0.001	0.997	0.001	0.001
0.204	0.001	0.618	0.177
0.001	0.079	0.098	0.822
>GTTAGGTTGT	7-GTTAGGTTGT	8.741908	-42.441662	0	T:16.0(1.91%),B:1.5(0.09%),P:1e-18	Tpos:145.1,Tstd:112.8,Bpos:145.0,Bstd:0.0,StrandBias:1.6,Multiplicity:1.00
0.007	0.059	0.875	0.059
0.001	0.052	0.052	0.895
0.052	0.059	0.052	0.837
0.730	0.157	0.001	0.112
0.164	0.052	0.783	0.001
0.105	0.052	0.791	0.052
0.105	0.112	0.262	0.521
0.052	0.001	0.052	0.895
0.052	0.052	0.791	0.105
0.001	0.058	0.001	0.940
>CGCATTCACT	8-CGCATTCACT	8.842816	-40.451335	0	T:24.0(2.86%),B:4.7(0.28%),P:1e-17	Tpos:107.5,Tstd:79.9,Bpos:192.3,Bstd:101.4,StrandBias:0.4,Multiplicity:1.08
0.074	0.599	0.282	0.045
0.272	0.001	0.591	0.136
0.045	0.777	0.133	0.045
0.468	0.136	0.260	0.136
0.045	0.114	0.091	0.750
0.045	0.045	0.045	0.865
0.001	0.954	0.001	0.044
0.789	0.001	0.001	0.209
0.001	0.908	0.001	0.090
0.005	0.045	0.001	0.949
>CGAGTGAACC	9-CGAGTGAACC	10.863747	-38.951817	0	T:15.0(1.79%),B:1.2(0.07%),P:1e-16	Tpos:143.1,Tstd:93.7,Bpos:153.9,Bstd:0.8,StrandBias:2.0,Multiplicity:1.00
0.125	0.749	0.001	0.125
0.001	0.001	0.997	0.001
0.997	0.001	0.001	0.001
0.001	0.001	0.997	0.001
0.125	0.125	0.125	0.625
0.001	0.001	0.997	0.001
0.874	0.124	0.001	0.001
0.874	0.001	0.124	0.001
0.001	0.997	0.001	0.001
0.001	0.997	0.001	0.001
>ACCGACGCTG	10-ACCGACGCTG	10.274243	-38.951817	0	T:15.0(1.79%),B:1.5(0.09%),P:1e-16	Tpos:145.0,Tstd:85.2,Bpos:41.0,Bstd:0.0,StrandBias:-1.5,Multiplicity:1.00
0.515	0.309	0.175	0.001
0.068	0.689	0.175	0.068
0.068	0.863	0.001	0.068
0.001	0.001	0.997	0.001
0.997	0.001	0.001	0.001
0.001	0.931	0.067	0.001
0.001	0.001	0.997	0.001
0.001	0.997	0.001	0.001
0.001	0.001	0.001	0.997
0.001	0.001	0.997	0.001
>CCTGGAAGGA	11-CCTGGAAGGA	9.204954	-37.586939	0	T:18.0(2.15%),B:2.7(0.16%),P:1e-16	Tpos:164.6,Tstd:111.7,Bpos:83.4,Bstd:40.5,StrandBias:-0.8,Multiplicity:1.06
0.127	0.592	0.245	0.036
0.090	0.684	0.154	0.072
0.109	0.036	0.254	0.601
0.072	0.073	0.831	0.024
0.060	0.099	0.829	0.012
0.747	0.001	0.228	0.024
0.664	0.055	0.245	0.036
0.078	0.079	0.807	0.036
0.012	0.322	0.642	0.024
0.532	0.069	0.217	0.182
>GCTGTGTAGG	12-GCTGTGTAGG	9.993441	-35.527472	0	T:14.0(1.67%),B:2.0(0.12%),P:1e-15	Tpos:118.8,Tstd:61.4,Bpos:429.0,Bstd:45.0,StrandBias:1.6,Multiplicity:1.71
0.164	0.001	0.834	0.001
0.086	0.703	0.210	0.001
0.164	0.001	0.001	0.834
0.001	0.001	0.997	0.001
0.249	0.001	0.001	0.749
0.001	0.001	0.997	0.001
0.001	0.001	0.001	0.997
0.626	0.165	0.001	0.208
0.001	0.001	0.834	0.164
0.001	0.001	0.997	0.001
>GTTGACCCGG	13-GTTGACCCGG	10.201377	-34.669446	0	T:17.0(2.03%),B:2.4(0.14%),P:1e-15	Tpos:159.4,Tstd:103.1,Bpos:180.7,Bstd:53.9,StrandBias:0.3,Multiplicity:1.06
0.001	0.001	0.997	0.001
0.001	0.079	0.362	0.558
0.001	0.001	0.079	0.919
0.079	0.001	0.919	0.001
0.760	0.080	0.080	0.080
0.001	0.919	0.079	0.001
0.001	0.997	0.001	0.001
0.001	0.997	0.001	0.001
0.079	0.001	0.919	0.001
0.001	0.001	0.997	0.001
>CGCGTTGACG	14-CGCGTTGACG	9.285012	-32.173024	0	T:13.0(1.55%),B:1.9(0.11%),P:1e-13	Tpos:120.4,Tstd:60.0,Bpos:49.0,Bstd:28.1,StrandBias:0.0,Multiplicity:1.08
0.001	0.997	0.001	0.001
0.125	0.001	0.749	0.125
0.001	0.997	0.001	0.001
0.001	0.001	0.997	0.001
0.001	0.001	0.124	0.874
0.001	0.001	0.124	0.874
0.001	0.001	0.997	0.001
0.625	0.125	0.125	0.125
0.001	0.997	0.001	0.001
0.001	0.124	0.874	0.001
>GCGCCAGSTC	15-GCGCCAGSTC	10.891890	-32.173024	0	T:13.0(1.55%),B:1.7(0.10%),P:1e-13	Tpos:123.3,Tstd:62.5,Bpos:87.0,Bstd:0.0,StrandBias:0.2,Multiplicity:1.00
0.001	0.058	0.940	0.001
0.001	0.968	0.027	0.004
0.001	0.141	0.857	0.001
0.001	0.995	0.003	0.001
0.001	0.997	0.001	0.001
0.692	0.306	0.001	0.001
0.054	0.001	0.944	0.001
0.152	0.424	0.423	0.001
0.142	0.186	0.099	0.573
0.001	0.944	0.054	0.001
>GTCTAGCAAG	16-GTCTAGCAAG	8.287302	-31.809962	0	T:16.0(1.91%),B:2.4(0.14%),P:1e-13	Tpos:116.2,Tstd:79.4,Bpos:102.9,Bstd:64.9,StrandBias:0.4,Multiplicity:1.00
0.030	0.030	0.851	0.089
0.089	0.149	0.093	0.669
0.093	0.758	0.119	0.030
0.004	0.110	0.089	0.797
0.800	0.030	0.093	0.077
0.059	0.063	0.877	0.001
0.001	0.910	0.088	0.001
0.817	0.034	0.119	0.030
0.704	0.059	0.178	0.059
0.001	0.029	0.851	0.119
>ACTGAGGAGC	17-ACTGAGGAGC	7.710271	-31.374474	0	T:65.0(7.76%),B:44.5(2.64%),P:1e-13	Tpos:141.1,Tstd:89.2,Bpos:171.1,Bstd:105.3,StrandBias:0.7,Multiplicity:1.12
0.746	0.034	0.109	0.111
0.066	0.844	0.061	0.029
0.091	0.097	0.053	0.759
0.001	0.047	0.905	0.047
0.649	0.160	0.110	0.081
0.112	0.009	0.841	0.038
0.071	0.063	0.809	0.057
0.794	0.072	0.062	0.072
0.038	0.072	0.833	0.057
0.047	0.829	0.086	0.038
>GCACCTATTC	18-GCACCTATTC	8.350283	-29.011881	0	T:15.0(1.79%),B:2.8(0.17%),P:1e-12	Tpos:153.2,Tstd:80.3,Bpos:105.2,Bstd:42.2,StrandBias:1.0,Multiplicity:1.00
0.100	0.100	0.700	0.100
0.100	0.700	0.100	0.100
0.700	0.100	0.100	0.100
0.100	0.700	0.100	0.100
0.100	0.700	0.100	0.100
0.100	0.100	0.100	0.700
0.700	0.100	0.100	0.100
0.100	0.100	0.100	0.700
0.100	0.100	0.100	0.700
0.100	0.700	0.100	0.100
>TCGCCCTCWK	19-TCGCCCTCWK	9.027314	-29.011881	0	T:15.0(1.79%),B:2.7(0.16%),P:1e-12	Tpos:115.1,Tstd:77.0,Bpos:224.8,Bstd:131.5,StrandBias:-1.0,Multiplicity:1.00
0.001	0.001	0.001	0.997
0.001	0.997	0.001	0.001
0.001	0.001	0.997	0.001
0.001	0.962	0.036	0.001
0.001	0.962	0.001	0.036
0.001	0.997	0.001	0.001
0.001	0.001	0.001	0.997
0.036	0.962	0.001	0.001
0.366	0.141	0.010	0.483
0.001	0.001	0.497	0.501
>TACGGAAAGC	20-TACGGAAAGC	10.711534	-28.893516	0	T:12.0(1.43%),B:0.4(0.02%),P:1e-12	Tpos:132.3,Tstd:79.7,Bpos:140.0,Bstd:0.0,StrandBias:-0.7,Multiplicity:1.08
0.103	0.001	0.001	0.895
0.895	0.001	0.103	0.001
0.001	0.730	0.268	0.001
0.001	0.001	0.895	0.103
0.103	0.001	0.895	0.001
0.895	0.001	0.001	0.103
0.997	0.001	0.001	0.001
0.997	0.001	0.001	0.001
0.001	0.001	0.997	0.001
0.001	0.895	0.103	0.001
>GTCCCGTGCC	21-GTCCCGTGCC	9.644003	-27.188797	0	T:39.0(4.65%),B:20.8(1.24%),P:1e-11	Tpos:128.4,Tstd:88.6,Bpos:187.5,Bstd:129.3,StrandBias:0.3,Multiplicity:1.08
0.001	0.046	0.952	0.001
0.001	0.001	0.046	0.952
0.001	0.997	0.001	0.001
0.046	0.952	0.001	0.001
0.046	0.907	0.001	0.046
0.001	0.126	0.827	0.046
0.120	0.120	0.213	0.547
0.001	0.046	0.952	0.001
0.001	0.952	0.001	0.046
0.001	0.952	0.001	0.046
>CTCCCAACCC	22-CTCCCAACCC	10.540988	-25.780625	0	T:16.0(1.91%),B:3.9(0.23%),P:1e-11	Tpos:153.4,Tstd:113.6,Bpos:183.1,Bstd:74.0,StrandBias:-0.4,Multiplicity:1.00
0.001	0.997	0.001	0.001
0.001	0.001	0.001	0.997
0.001	0.997	0.001	0.001
0.001	0.997	0.001	0.001
0.001	0.954	0.001	0.044
0.997	0.001	0.001	0.001
0.997	0.001	0.001	0.001
0.001	0.840	0.115	0.044
0.001	0.997	0.001	0.001
0.001	0.997	0.001	0.001
>TCGAGAACTC	23-TCGAGAACTC	7.807013	-25.209460	0	T:30.0(3.58%),B:14.0(0.83%),P:1e-10	Tpos:160.9,Tstd:99.2,Bpos:150.5,Bstd:81.6,StrandBias:-0.8,Multiplicity:1.00
0.072	0.096	0.048	0.784
0.001	0.807	0.120	0.072
0.072	0.096	0.760	0.072
0.774	0.125	0.053	0.048
0.072	0.048	0.879	0.001
0.774	0.005	0.120	0.101
0.675	0.157	0.072	0.096
0.048	0.903	0.048	0.001
0.048	0.133	0.048	0.771
0.024	0.904	0.024	0.048
>CTACACTACC	24-CTACACTACC	10.675832	-23.615738	0	T:13.0(1.55%),B:2.2(0.13%),P:1e-10	Tpos:125.8,Tstd:92.6,Bpos:87.3,Bstd:68.0,StrandBias:1.4,Multiplicity:1.50
0.001	0.997	0.001	0.001
0.001	0.062	0.001	0.936
0.936	0.001	0.001	0.062
0.001	0.997	0.001	0.001
0.997	0.001	0.001	0.001
0.001	0.997	0.001	0.001
0.001	0.062	0.001	0.936
0.774	0.063	0.001	0.162
0.001	0.997	0.001	0.001
0.001	0.997	0.001	0.001
>TGTCAAGTAA	25-TGTCAAGTAA	8.350283	-18.518473	0	T:11.0(1.31%),B:2.3(0.14%),P:1e-8	Tpos:177.6,Tstd:72.5,Bpos:118.4,Bstd:46.8,StrandBias:0.3,Multiplicity:1.00
0.100	0.100	0.100	0.700
0.100	0.100	0.700	0.100
0.100	0.100	0.100	0.700
0.100	0.700	0.100	0.100
0.700	0.100	0.100	0.100
0.700	0.100	0.100	0.100
0.100	0.100	0.700	0.100
0.100	0.100	0.100	0.700
0.700	0.100	0.100	0.100
0.700	0.100	0.100	0.100
>TGTGACCGCCC	1-TGTGACCGCCC	10.278255	-56.984810	0	T:20.0(2.39%),B:1.1(0.07%),P:1e-24	Tpos:145.8,Tstd:118.4,Bpos:201.0,Bstd:0.0,StrandBias:-0.3,Multiplicity:1.00
0.124	0.169	0.001	0.706
0.001	0.269	0.729	0.001
0.001	0.001	0.007	0.991
0.001	0.277	0.721	0.001
0.646	0.073	0.280	0.001
0.001	0.751	0.124	0.124
0.001	0.977	0.021	0.001
0.147	0.001	0.851	0.001
0.001	0.875	0.001	0.123
0.001	0.997	0.001	0.001
0.249	0.749	0.001	0.001
>ACTCGGCGCCA	2-ACTCGGCGCCA	9.572093	-53.267617	0	T:19.0(2.27%),B:1.9(0.11%),P:1e-23	Tpos:126.0,Tstd:74.1,Bpos:159.3,Bstd:76.0,StrandBias:0.0,Multiplicity:1.06
0.700	0.166	0.037	0.097
0.032	0.904	0.032	0.032
0.069	0.064	0.064	0.803
0.032	0.872	0.032	0.064
0.064	0.064	0.808	0.064
0.032	0.032	0.935	0.001
0.064	0.808	0.064	0.064
0.037	0.129	0.737	0.097
0.032	0.775	0.032	0.161
0.005	0.962	0.001	0.032
0.738	0.069	0.129	0.064
>GCGCGYCGCCG	3-GCGCGYCGCCG	11.303342	-43.011800	0	T:25.0(2.98%),B:4.1(0.24%),P:1e-18	Tpos:142.6,Tstd:88.0,Bpos:162.4,Bstd:132.7,StrandBias:0.8,Multiplicity:1.00
0.001	0.062	0.936	0.001
0.001	0.997	0.001	0.001
0.001	0.062	0.936	0.001
0.001	0.997	0.001	0.001
0.001	0.001	0.997	0.001
0.001	0.431	0.063	0.505
0.001	0.936	0.001	0.062
0.063	0.063	0.873	0.001
0.001	0.997	0.001	0.001
0.001	0.936	0.062	0.001
0.001	0.063	0.873	0.063
>TCCGCACGCGC	4-TCCGCACGCGC	9.379902	-42.441662	0	T:16.0(1.91%),B:1.1(0.07%),P:1e-18	Tpos:116.8,Tstd:53.1,Bpos:182.9,Bstd:25.3,StrandBias:0.4,Multiplicity:1.00
0.100	0.100	0.100	0.700
0.100	0.700	0.100	0.100
0.100	0.700	0.100	0.100
0.100	0.100	0.700	0.100
0.100	0.700	0.100	0.100
0.700	0.100	0.100	0.100
0.100	0.700	0.100	0.100
0.100	0.100	0.700	0.100
0.100	0.700	0.100	0.100
0.100	0.100	0.700	0.100
0.100	0.700	0.100	0.100
>AGTCCCCCAAT	5-AGTCCCCCAAT	9.431764	-40.559408	0	T:19.0(2.27%),B:2.6(0.16%),P:1e-17	Tpos:151.1,Tstd:70.1,Bpos:136.6,Bstd:27.6,StrandBias:-0.8,Multiplicity:1.00
0.842	0.001	0.105	0.052
0.105	0.052	0.738	0.105
0.008	0.001	0.105	0.886
0.001	0.842	0.001	0.156
0.165	0.782	0.052	0.001
0.052	0.895	0.001	0.052
0.001	0.894	0.001	0.104
0.001	0.887	0.060	0.052
0.886	0.112	0.001	0.001
0.670	0.210	0.060	0.060
0.157	0.052	0.052	0.739
>ACTYCTCAGTY	6-ACTYCTCAGTY	6.196971	-40.559408	0	T:19.0(2.27%),B:2.8(0.17%),P:1e-17	Tpos:211.5,Tstd:155.1,Bpos:211.8,Bstd:53.5,StrandBias:-0.2,Multiplicity:1.00
0.997	0.001	0.001	0.001
0.001	0.997	0.001	0.001
0.001	0.001	0.001	0.997
0.001	0.507	0.001	0.491
0.001	0.753	0.245	0.001
0.001	0.001	0.001	0.997
0.001	0.688	0.310	0.001
0.771	0.227	0.001	0.001
0.126	0.001	0.872	0.001
0.001	0.001	0.001	0.997
0.001	0.491	0.001	0.507
>TGCAGTGAGCC	7-TGCAGTGAGCC	9.377062	-40.274813	0	T:26.0(3.10%),B:5.6(0.33%),P:1e-17	Tpos:91.5,Tstd:62.9,Bpos:284.6,Bstd:70.2,StrandBias:-0.2,Multiplicity:1.00
0.031	0.094	0.129	0.746
0.031	0.062	0.876	0.031
0.031	0.937	0.031	0.001
0.845	0.031	0.062	0.062
0.031	0.125	0.813	0.031
0.035	0.031	0.094	0.840
0.001	0.062	0.871	0.066
0.528	0.222	0.156	0.094
0.001	0.035	0.933	0.031
0.062	0.808	0.129	0.001
0.031	0.840	0.062	0.067
>CTTCTGGGTCT	8-CTTCTGGGTCT	9.540536	-37.717668	0	T:36.0(4.30%),B:12.8(0.76%),P:1e-16	Tpos:135.9,Tstd:88.3,Bpos:164.1,Bstd:89.6,StrandBias:-0.1,Multiplicity:1.11
0.001	0.855	0.001	0.143
0.001	0.001	0.138	0.860
0.001	0.116	0.023	0.860
0.001	0.997	0.001	0.001
0.145	0.135	0.117	0.603
0.109	0.001	0.889	0.001
0.110	0.220	0.669	0.001
0.001	0.266	0.732	0.001
0.245	0.226	0.001	0.528
0.001	0.997	0.001	0.001
0.001	0.250	0.250	0.499
>CCGCGGGGCCG	9-CCGCGGGGCCG	8.445359	-35.097967	0	T:95.0(11.34%),B:76.7(4.55%),P:1e-15	Tpos:148.0,Tstd:90.3,Bpos:157.9,Bstd:154.5,StrandBias:0.1,Multiplicity:1.25
0.054	0.760	0.127	0.059
0.087	0.670	0.142	0.101
0.056	0.124	0.736	0.084
0.068	0.745	0.135	0.052
0.085	0.117	0.733	0.065
0.076	0.112	0.753	0.059
0.095	0.136	0.710	0.059
0.049	0.133	0.749	0.069
0.072	0.732	0.128	0.068
0.061	0.717	0.130	0.092
0.074	0.147	0.696	0.083
>GGCCCGGCGAA	10-GGCCCGGCGAA	8.820610	-31.374474	0	T:65.0(7.76%),B:44.6(2.65%),P:1e-13	Tpos:168.1,Tstd:99.2,Bpos:144.8,Bstd:130.7,StrandBias:0.4,Multiplicity:1.07
0.136	0.119	0.715	0.030
0.035	0.030	0.905	0.030
0.001	0.911	0.059	0.029
0.001	0.816	0.124	0.059
0.149	0.791	0.030	0.030
0.059	0.089	0.851	0.001
0.001	0.029	0.969	0.001
0.001	0.876	0.094	0.029
0.065	0.089	0.781	0.065
0.566	0.267	0.166	0.001
0.851	0.030	0.089	0.030
>CGATCTCAGCC	11-CGATCTCAGCC	10.475264	-30.748961	0	T:18.0(2.15%),B:3.1(0.18%),P:1e-13	Tpos:180.1,Tstd:94.8,Bpos:164.3,Bstd:15.1,StrandBias:0.7,Multiplicity:1.00
0.026	0.972	0.001	0.001
0.166	0.001	0.668	0.165
0.740	0.045	0.214	0.001
0.025	0.190	0.215	0.570
0.001	0.997	0.001	0.001
0.001	0.001	0.204	0.794
0.001	0.669	0.329	0.001
0.754	0.050	0.195	0.001
0.001	0.001	0.997	0.001
0.001	0.834	0.164	0.001
0.001	0.997	0.001	0.001
>CCAAGGCCAAG	12-CCAAGGCCAAG	11.897830	-28.893516	0	T:12.0(1.43%),B:2.0(0.12%),P:1e-12	Tpos:130.9,Tstd:84.8,Bpos:475.1,Bstd:225.8,StrandBias:-0.7,Multiplicity:1.08
0.001	0.997	0.001	0.001
0.001	0.997	0.001	0.001
0.997	0.001	0.001	0.001
0.997	0.001	0.001	0.001
0.001	0.001	0.997	0.001
0.001	0.011	0.987	0.001
0.001	0.997	0.001	0.001
0.001	0.997	0.001	0.001
0.505	0.326	0.001	0.168
0.515	0.326	0.072	0.087
0.001	0.001	0.997	0.001
>TGGACGCCGAG	13-TGGACGCCGAG	12.049906	-28.893516	0	T:12.0(1.43%),B:0.0(0.00%),P:1e-12	Tpos:130.2,Tstd:89.6,Bpos:0.0,Bstd:0.0,StrandBias:-1.0,Multiplicity:1.00
0.100	0.001	0.100	0.799
0.001	0.001	0.899	0.099
0.001	0.099	0.899	0.001
0.899	0.099	0.001	0.001
0.001	0.997	0.001	0.001
0.001	0.100	0.799	0.100
0.001	0.997	0.001	0.001
0.099	0.899	0.001	0.001
0.001	0.001	0.899	0.099
0.997	0.001	0.001	0.001
0.001	0.001	0.997	0.001
>TGCTCTACCCG	14-TGCTCTACCCG	10.015517	-28.893516	0	T:12.0(1.43%),B:1.1(0.06%),P:1e-12	Tpos:120.8,Tstd:72.2,Bpos:38.0,Bstd:0.0,StrandBias:-0.5,Multiplicity:1.00
0.125	0.062	0.031	0.782
0.001	0.130	0.745	0.124
0.001	0.997	0.001	0.001
0.001	0.036	0.093	0.870
0.005	0.870	0.124	0.001
0.031	0.156	0.031	0.782
0.621	0.161	0.156	0.062
0.001	0.905	0.093	0.001
0.062	0.875	0.001	0.062
0.001	0.937	0.001	0.061
0.099	0.094	0.651	0.156
>CCGCCACCCGG	15-CCGCCACCCGG	11.862499	-28.311793	0	T:19.0(2.27%),B:4.3(0.25%),P:1e-12	Tpos:142.2,Tstd:89.5,Bpos:86.0,Bstd:8.6,StrandBias:0.8,Multiplicity:1.00
0.001	0.997	0.001	0.001
0.056	0.785	0.001	0.158
0.001	0.384	0.614	0.001
0.001	0.942	0.001	0.056
0.001	0.997	0.001	0.001
0.584	0.001	0.400	0.015
0.001	0.997	0.001	0.001
0.001	0.997	0.001	0.001
0.001	0.942	0.001	0.056
0.001	0.001	0.997	0.001
0.001	0.001	0.997	0.001
>GCGGGCTCAGA	16-GCGGGCTCAGA	9.410261	-26.450365	0	T:23.0(2.74%),B:7.4(0.44%),P:1e-11	Tpos:137.1,Tstd:86.6,Bpos:130.3,Bstd:129.5,StrandBias:-0.6,Multiplicity:1.22
0.072	0.048	0.808	0.072
0.048	0.777	0.174	0.001
0.024	0.001	0.927	0.048
0.096	0.072	0.784	0.048
0.024	0.048	0.904	0.024
0.024	0.854	0.074	0.048
0.026	0.072	0.074	0.828
0.072	0.830	0.074	0.024
0.673	0.181	0.074	0.072
0.048	0.048	0.880	0.024
0.765	0.054	0.157	0.024
>TGAGGAGCGCA	17-TGAGGAGCGCA	9.379902	-26.279027	0	T:14.0(1.67%),B:2.4(0.14%),P:1e-11	Tpos:125.9,Tstd:98.8,Bpos:93.4,Bstd:33.1,StrandBias:0.0,Multiplicity:1.00
0.100	0.100	0.100	0.700
0.100	0.100	0.700	0.100
0.700	0.100	0.100	0.100
0.100	0.100	0.700	0.100
0.100	0.100	0.700	0.100
0.700	0.100	0.100	0.100
0.100	0.100	0.700	0.100
0.100	0.700	0.100	0.100
0.100	0.100	0.700	0.100
0.100	0.700	0.100	0.100
0.700	0.100	0.100	0.100
>AGKAAGAGAAA	18-AGKAAGAGAAA	9.104059	-25.907925	0	T:36.0(4.30%),B:18.9(1.12%),P:1e-11	Tpos:154.2,Tstd:110.4,Bpos:157.2,Bstd:90.7,StrandBias:0.5,Multiplicity:1.06
0.840	0.050	0.057	0.053
0.254	0.153	0.540	0.053
0.129	0.150	0.316	0.406
0.939	0.050	0.007	0.004
0.997	0.001	0.001	0.001
0.254	0.150	0.487	0.110
0.946	0.001	0.052	0.001
0.156	0.153	0.690	0.001
0.541	0.201	0.208	0.050
0.837	0.050	0.060	0.053
0.578	0.001	0.420	0.001
>CCCCGAGTTCC	19-CCCCGAGTTCC	9.379902	-23.615738	0	T:13.0(1.55%),B:2.5(0.15%),P:1e-10	Tpos:120.8,Tstd:79.1,Bpos:215.3,Bstd:54.1,StrandBias:0.4,Multiplicity:1.08
0.100	0.700	0.100	0.100
0.100	0.700	0.100	0.100
0.100	0.700	0.100	0.100
0.100	0.700	0.100	0.100
0.100	0.100	0.700	0.100
0.700	0.100	0.100	0.100
0.100	0.100	0.700	0.100
0.100	0.100	0.100	0.700
0.100	0.100	0.100	0.700
0.100	0.700	0.100	0.100
0.100	0.700	0.100	0.100
>CCGAGAGAACC	20-CCGAGAGAACC	9.379902	-23.615738	0	T:13.0(1.55%),B:2.9(0.17%),P:1e-10	Tpos:161.0,Tstd:54.4,Bpos:196.0,Bstd:47.1,StrandBias:1.0,Multiplicity:1.00
0.100	0.700	0.100	0.100
0.100	0.700	0.100	0.100
0.100	0.100	0.700	0.100
0.700	0.100	0.100	0.100
0.100	0.100	0.700	0.100
0.700	0.100	0.100	0.100
0.100	0.100	0.700	0.100
0.700	0.100	0.100	0.100
0.700	0.100	0.100	0.100
0.100	0.700	0.100	0.100
0.100	0.700	0.100	0.100
>NCTACACTACC	21-NCTACACTACC	6.925824	-23.386520	0	T:15.0(1.79%),B:3.5(0.21%),P:1e-10	Tpos:133.0,Tstd:102.0,Bpos:121.0,Bstd:83.5,StrandBias:1.4,Multiplicity:1.57
0.176	0.282	0.236	0.305
0.095	0.674	0.113	0.118
0.143	0.206	0.111	0.540
0.437	0.210	0.205	0.147
0.103	0.716	0.102	0.079
0.582	0.172	0.121	0.125
0.089	0.677	0.135	0.099
0.130	0.225	0.135	0.510
0.449	0.193	0.204	0.154
0.122	0.657	0.137	0.084
0.183	0.453	0.173	0.191
>GGCCACCGAAG	22-GGCCACCGAAG	9.379902	-21.057349	0	T:14.0(1.67%),B:3.2(0.19%),P:1e-9	Tpos:132.9,Tstd:61.7,Bpos:195.3,Bstd:63.9,StrandBias:1.3,Multiplicity:1.00
0.100	0.100	0.700	0.100
0.100	0.100	0.700	0.100
0.100	0.700	0.100	0.100
0.100	0.700	0.100	0.100
0.700	0.100	0.100	0.100
0.100	0.700	0.100	0.100
0.100	0.700	0.100	0.100
0.100	0.100	0.700	0.100
0.700	0.100	0.100	0.100
0.700	0.100	0.100	0.100
0.100	0.100	0.700	0.100
>GACTGCGGTTC	23-GACTGCGGTTC	9.379902	-21.026976	0	T:12.0(1.43%),B:2.3(0.14%),P:1e-9	Tpos:138.1,Tstd:98.1,Bpos:38.1,Bstd:33.4,StrandBias:0.0,Multiplicity:1.00
0.100	0.100	0.700	0.100
0.700	0.100	0.100	0.100
0.100	0.700	0.100	0.100
0.100	0.100	0.100	0.700
0.100	0.100	0.700	0.100
0.100	0.700	0.100	0.100
0.100	0.100	0.700	0.100
0.100	0.100	0.700	0.100
0.100	0.100	0.100	0.700
0.100	0.100	0.100	0.700
0.100	0.700	0.100	0.100
>AGCCGCGGTCT	24-AGCCGCGGTCT	9.882446	-18.521804	0	T:16.0(1.91%),B:5.1(0.30%),P:1e-8	Tpos:203.0,Tstd:86.1,Bpos:35.2,Bstd:25.7,StrandBias:0.4,Multiplicity:1.00
0.857	0.085	0.001	0.057
0.001	0.057	0.914	0.028
0.001	0.942	0.056	0.001
0.029	0.856	0.086	0.029
0.029	0.114	0.771	0.086
0.086	0.771	0.086	0.057
0.029	0.086	0.828	0.057
0.043	0.057	0.899	0.001
0.086	0.101	0.171	0.642
0.001	0.857	0.114	0.028
0.143	0.114	0.057	0.686
>GGTGTGTAGGA	25-GGTGTGTAGGA	9.498773	-10.559266	0	T:9.0(1.07%),B:3.4(0.20%),P:1e-4	Tpos:118.5,Tstd:54.6,Bpos:252.8,Bstd:179.9,StrandBias:1.9,Multiplicity:2.11
0.055	0.046	0.795	0.104
0.083	0.138	0.729	0.050
0.118	0.092	0.106	0.684
0.046	0.055	0.844	0.055
0.097	0.042	0.151	0.710
0.046	0.106	0.802	0.046
0.124	0.143	0.138	0.595
0.614	0.069	0.262	0.055
0.071	0.023	0.864	0.042
0.096	0.096	0.758	0.050
0.613	0.128	0.138	0.121
>CGGCCCCGCGGG	1-CGGCCCCGCGGG	11.604986	-104.954647	0	T:32.0(3.82%),B:1.5(0.09%),P:1e-45	Tpos:133.9,Tstd:71.6,Bpos:155.0,Bstd:0.0,StrandBias:0.7,Multiplicity:1.06
0.198	0.693	0.108	0.001
0.108	0.009	0.882	0.001
0.001	0.001	0.900	0.098
0.001	0.997	0.001	0.001
0.001	0.990	0.001	0.008
0.001	0.957	0.041	0.001
0.001	0.997	0.001	0.001
0.001	0.001	0.997	0.001
0.107	0.891	0.001	0.001
0.009	0.005	0.887	0.099
0.001	0.099	0.801	0.099
0.001	0.399	0.566	0.034
>GCGGCCGGGTCC	2-GCGGCCGGGTCC	10.994465	-72.331022	0	T:24.0(2.86%),B:1.7(0.10%),P:1e-31	Tpos:143.4,Tstd:97.9,Bpos:416.0,Bstd:0.0,StrandBias:0.6,Multiplicity:1.09
0.021	0.021	0.957	0.001
0.081	0.554	0.364	0.001
0.040	0.162	0.737	0.061
0.001	0.224	0.774	0.001
0.020	0.697	0.263	0.020
0.061	0.777	0.121	0.041
0.001	0.019	0.979	0.001
0.101	0.262	0.556	0.081
0.001	0.265	0.693	0.041
0.124	0.265	0.043	0.568
0.001	0.816	0.143	0.040
0.002	0.858	0.040	0.100
>CCACTGCGGTGC	3-CCACTGCGGTGC	10.898867	-49.602809	0	T:18.0(2.15%),B:1.5(0.09%),P:1e-21	Tpos:136.3,Tstd:103.0,Bpos:224.8,Bstd:2.0,StrandBias:-0.3,Multiplicity:1.00
0.001	0.871	0.097	0.031
0.001	0.964	0.034	0.001
0.594	0.094	0.156	0.156
0.062	0.906	0.001	0.031
0.125	0.062	0.031	0.782
0.001	0.062	0.875	0.062
0.001	0.871	0.031	0.097
0.031	0.001	0.875	0.093
0.001	0.066	0.902	0.031
0.160	0.066	0.125	0.649
0.035	0.062	0.868	0.035
0.001	0.875	0.093	0.031
>GGAGGGRGGCTG	4-GGAGGGRGGCTG	12.170827	-42.441662	0	T:16.0(1.91%),B:0.0(0.00%),P:1e-18	Tpos:139.8,Tstd:109.1,Bpos:0.0,Bstd:0.0,StrandBias:-0.7,Multiplicity:1.00
0.001	0.001	0.997	0.001
0.001	0.180	0.818	0.001
0.741	0.101	0.157	0.001
0.090	0.029	0.780	0.101
0.011	0.011	0.977	0.001
0.001	0.001	0.997	0.001
0.567	0.001	0.424	0.008
0.001	0.351	0.647	0.001
0.090	0.090	0.810	0.010
0.090	0.908	0.001	0.001
0.180	0.001	0.001	0.818
0.001	0.010	0.988	0.001
>TSCTGSCCTGGC	5-TSCTGSCCTGGC	10.686491	-40.559408	0	T:19.0(2.27%),B:3.0(0.18%),P:1e-17	Tpos:131.6,Tstd:95.3,Bpos:109.1,Bstd:25.3,StrandBias:1.1,Multiplicity:1.00
0.033	0.130	0.326	0.511
0.062	0.486	0.388	0.064
0.139	0.764	0.066	0.031
0.236	0.096	0.094	0.574
0.001	0.259	0.641	0.099
0.031	0.449	0.457	0.062
0.062	0.874	0.031	0.033
0.001	0.903	0.031	0.065
0.004	0.065	0.356	0.575
0.031	0.096	0.872	0.001
0.062	0.128	0.779	0.031
0.065	0.808	0.065	0.062
>CGGGGGCACGGC	6-CGGGGGCACGGC	11.839441	-40.559408	0	T:19.0(2.27%),B:2.8(0.17%),P:1e-17	Tpos:146.1,Tstd:96.6,Bpos:308.3,Bstd:165.5,StrandBias:0.3,Multiplicity:1.00
0.052	0.750	0.197	0.001
0.001	0.001	0.997	0.001
0.001	0.001	0.997	0.001
0.001	0.001	0.997	0.001
0.001	0.001	0.997	0.001
0.001	0.001	0.997	0.001
0.001	0.997	0.001	0.001
0.498	0.001	0.304	0.197
0.001	0.947	0.051	0.001
0.001	0.197	0.801	0.001
0.001	0.001	0.997	0.001
0.001	0.553	0.249	0.197
>GCCGCGGGCACA	7-GCCGCGGGCACA	9.892230	-37.586939	0	T:18.0(2.15%),B:2.4(0.14%),P:1e-16	Tpos:147.2,Tstd:83.3,Bpos:83.9,Bstd:75.6,StrandBias:1.0,Multiplicity:1.00
0.001	0.001	0.997	0.001
0.001	0.667	0.289	0.043
0.042	0.956	0.001	0.001
0.001	0.001	0.753	0.245
0.001	0.997	0.001	0.001
0.001	0.001	0.997	0.001
0.001	0.001	0.997	0.001
0.001	0.288	0.710	0.001
0.001	0.997	0.001	0.001
0.766	0.001	0.001	0.232
0.001	0.956	0.042	0.001
0.956	0.002	0.034	0.008
>CTGCAGCGACGC	8-CTGCAGCGACGC	10.890884	-36.652432	0	T:28.0(3.34%),B:7.0(0.42%),P:1e-15	Tpos:165.9,Tstd:72.8,Bpos:102.9,Bstd:99.6,StrandBias:-0.7,Multiplicity:1.00
0.001	0.968	0.030	0.001
0.031	0.093	0.031	0.845
0.062	0.001	0.906	0.031
0.031	0.906	0.062	0.001
0.814	0.062	0.062	0.062
0.001	0.146	0.852	0.001
0.005	0.840	0.093	0.062
0.062	0.124	0.783	0.031
0.512	0.186	0.209	0.093
0.093	0.875	0.031	0.001
0.001	0.092	0.906	0.001
0.031	0.827	0.111	0.031
>GGCACCTGGCGG	9-GGCACCTGGCGG	11.510986	-35.527472	0	T:14.0(1.67%),B:2.0(0.12%),P:1e-15	Tpos:167.5,Tstd:87.5,Bpos:291.7,Bstd:108.8,StrandBias:0.8,Multiplicity:1.00
0.053	0.106	0.788	0.053
0.001	0.026	0.972	0.001
0.121	0.692	0.186	0.001
0.507	0.159	0.228	0.106
0.053	0.854	0.066	0.027
0.026	0.920	0.053	0.001
0.058	0.005	0.133	0.804
0.001	0.052	0.946	0.001
0.027	0.032	0.914	0.027
0.027	0.840	0.053	0.080
0.079	0.001	0.867	0.053
0.026	0.053	0.920	0.001
>GCCCGGGTGACT	10-GCCCGGGTGACT	11.281453	-35.527472	0	T:14.0(1.67%),B:2.0(0.12%),P:1e-15	Tpos:145.2,Tstd:76.8,Bpos:228.3,Bstd:95.9,StrandBias:-0.8,Multiplicity:1.00
0.001	0.001	0.997	0.001
0.001	0.834	0.164	0.001
0.001	0.997	0.001	0.001
0.001	0.804	0.165	0.030
0.057	0.001	0.941	0.001
0.001	0.001	0.997	0.001
0.001	0.164	0.834	0.001
0.001	0.417	0.001	0.581
0.001	0.001	0.997	0.001
0.834	0.001	0.001	0.164
0.001	0.777	0.221	0.001
0.001	0.001	0.164	0.834
>CGCCGGTCTCCC	11-CGCCGGTCTCCC	11.306472	-33.316836	0	T:19.0(2.27%),B:3.6(0.21%),P:1e-14	Tpos:167.3,Tstd:108.0,Bpos:145.3,Bstd:70.4,StrandBias:-0.5,Multiplicity:1.00
0.050	0.899	0.050	0.001
0.025	0.076	0.874	0.025
0.025	0.873	0.051	0.051
0.001	0.874	0.075	0.050
0.101	0.196	0.672	0.031
0.075	0.106	0.818	0.001
0.050	0.196	0.157	0.597
0.001	0.924	0.025	0.050
0.001	0.075	0.101	0.823
0.001	0.949	0.025	0.025
0.051	0.847	0.051	0.051
0.075	0.874	0.050	0.001
>CTGCGGAGGGCG	12-CTGCGGAGGGCG	10.828743	-32.173024	0	T:13.0(1.55%),B:1.7(0.10%),P:1e-13	Tpos:133.1,Tstd:67.1,Bpos:208.4,Bstd:208.4,StrandBias:0.0,Multiplicity:1.08
0.014	0.845	0.106	0.035
0.067	0.153	0.151	0.629
0.014	0.078	0.851	0.057
0.089	0.706	0.152	0.053
0.089	0.114	0.691	0.106
0.050	0.089	0.815	0.046
0.632	0.125	0.169	0.074
0.078	0.092	0.780	0.050
0.064	0.139	0.755	0.042
0.032	0.130	0.796	0.042
0.075	0.733	0.114	0.078
0.071	0.078	0.770	0.081
>GCTGCCACCCGG	13-GCTGCCACCCGG	11.446419	-30.748961	0	T:18.0(2.15%),B:3.0(0.18%),P:1e-13	Tpos:125.8,Tstd:79.2,Bpos:180.6,Bstd:49.7,StrandBias:-0.3,Multiplicity:1.00
0.045	0.068	0.864	0.023
0.023	0.887	0.045	0.045
0.050	0.229	0.068	0.653
0.001	0.171	0.827	0.001
0.001	0.886	0.068	0.045
0.001	0.886	0.068	0.045
0.729	0.073	0.130	0.068
0.068	0.796	0.091	0.045
0.001	0.908	0.090	0.001
0.068	0.819	0.045	0.068
0.027	0.045	0.883	0.045
0.023	0.045	0.887	0.045
>AGYCCCGGGCCT	14-AGYCCCGGGCCT	11.920550	-29.011881	0	T:15.0(1.79%),B:2.5(0.15%),P:1e-12	Tpos:163.6,Tstd:98.3,Bpos:99.0,Bstd:0.0,StrandBias:-0.5,Multiplicity:1.07
0.889	0.001	0.001	0.109
0.109	0.001	0.889	0.001
0.001	0.560	0.001	0.438
0.109	0.889	0.001	0.001
0.109	0.889	0.001	0.001
0.001	0.773	0.225	0.001
0.017	0.088	0.885	0.010
0.029	0.001	0.941	0.029
0.003	0.001	0.886	0.110
0.127	0.862	0.001	0.010
0.029	0.860	0.001	0.110
0.001	0.110	0.110	0.779
>CTCCTTCCCGGG	15-CTCCTTCCCGGG	11.221629	-26.643390	0	T:20.0(2.39%),B:5.9(0.35%),P:1e-11	Tpos:178.8,Tstd:120.3,Bpos:162.8,Bstd:52.3,StrandBias:0.5,Multiplicity:1.10
0.001	0.882	0.116	0.001
0.166	0.173	0.190	0.471
0.006	0.753	0.240	0.001
0.006	0.876	0.112	0.006
0.001	0.295	0.056	0.648
0.001	0.234	0.056	0.709
0.055	0.889	0.055	0.001
0.001	0.883	0.006	0.110
0.283	0.544	0.061	0.112
0.006	0.001	0.875	0.118
0.055	0.056	0.834	0.055
0.001	0.110	0.888	0.001
>AGCGTCCCCGGC	16-AGCGTCCCCGGC	10.970052	-26.279027	0	T:14.0(1.67%),B:2.8(0.17%),P:1e-11	Tpos:133.7,Tstd:98.1,Bpos:106.3,Bstd:32.5,StrandBias:-0.2,Multiplicity:1.07
0.773	0.028	0.083	0.116
0.001	0.143	0.855	0.001
0.055	0.834	0.083	0.028
0.028	0.060	0.857	0.055
0.055	0.139	0.116	0.690
0.001	0.806	0.166	0.027
0.001	0.943	0.001	0.055
0.028	0.861	0.028	0.083
0.083	0.834	0.055	0.028
0.116	0.060	0.823	0.001
0.028	0.083	0.861	0.028
0.001	0.889	0.055	0.055
>GGCGCGCAGCGA	17-GGCGCGCAGCGA	10.457628	-26.030660	0	T:18.0(2.15%),B:4.0(0.24%),P:1e-11	Tpos:154.2,Tstd:62.6,Bpos:154.6,Bstd:144.4,StrandBias:-0.5,Multiplicity:1.00
0.040	0.141	0.755	0.064
0.040	0.068	0.872	0.020
0.075	0.699	0.167	0.059
0.047	0.095	0.808	0.050
0.056	0.754	0.135	0.055
0.052	0.091	0.769	0.088
0.040	0.780	0.133	0.047
0.629	0.107	0.127	0.137
0.016	0.080	0.884	0.020
0.095	0.698	0.167	0.040
0.064	0.121	0.768	0.047
0.587	0.141	0.205	0.067
>GGCRCCGCTCCC	18-GGCRCCGCTCCC	8.737982	-25.694784	0	T:11.0(1.31%),B:1.4(0.08%),P:1e-11	Tpos:141.1,Tstd:75.2,Bpos:335.0,Bstd:0.0,StrandBias:0.3,Multiplicity:1.00
0.001	0.258	0.740	0.001
0.001	0.001	0.997	0.001
0.001	0.997	0.001	0.001
0.516	0.001	0.482	0.001
0.001	0.997	0.001	0.001
0.001	0.997	0.001	0.001
0.001	0.001	0.997	0.001
0.001	0.997	0.001	0.001
0.001	0.258	0.001	0.740
0.001	0.997	0.001	0.001
0.001	0.997	0.001	0.001
0.001	0.997	0.001	0.001
>CCACCGCCGGGA	19-CCACCGCCGGGA	9.683114	-23.804148	0	T:17.0(2.03%),B:4.1(0.24%),P:1e-10	Tpos:146.4,Tstd:85.0,Bpos:131.6,Bstd:52.3,StrandBias:-0.5,Multiplicity:1.00
0.075	0.710	0.148	0.067
0.071	0.757	0.114	0.058
0.482	0.176	0.214	0.128
0.065	0.695	0.183	0.057
0.115	0.675	0.116	0.094
0.083	0.172	0.616	0.129
0.065	0.763	0.118	0.054
0.105	0.661	0.139	0.095
0.114	0.132	0.657	0.097
0.087	0.132	0.729	0.052
0.069	0.137	0.749	0.045
0.507	0.210	0.184	0.099
>TGAGACCCCGCC	20-TGAGACCCCGCC	10.706280	-23.386520	0	T:15.0(1.79%),B:3.9(0.23%),P:1e-10	Tpos:143.8,Tstd:65.8,Bpos:185.0,Bstd:27.0,StrandBias:-1.0,Multiplicity:1.20
0.111	0.074	0.044	0.771
0.001	0.001	0.962	0.036
0.815	0.074	0.037	0.074
0.001	0.036	0.962	0.001
0.618	0.111	0.154	0.117
0.037	0.808	0.044	0.111
0.074	0.851	0.001	0.074
0.001	0.888	0.074	0.037
0.147	0.815	0.001	0.037
0.044	0.111	0.734	0.111
0.001	0.888	0.037	0.074
0.001	0.925	0.073	0.001
>CACCTGCGCCGG	21-CACCTGCGCCGG	8.573801	-19.527200	0	T:15.0(1.79%),B:4.2(0.25%),P:1e-8	Tpos:149.8,Tstd:126.5,Bpos:242.8,Bstd:32.6,StrandBias:0.0,Multiplicity:1.07
0.001	0.997	0.001	0.001
0.997	0.001	0.001	0.001
0.001	0.997	0.001	0.001
0.001	0.997	0.001	0.001
0.001	0.001	0.001	0.997
0.001	0.001	0.997	0.001
0.001	0.997	0.001	0.001
0.001	0.001	0.997	0.001
0.001	0.997	0.001	0.001
0.001	0.673	0.325	0.001
0.001	0.001	0.997	0.001
0.001	0.325	0.673	0.001
>CCGGCGCTCCCA	22-CCGGCGCTCCCA	10.409522	-18.518473	0	T:11.0(1.31%),B:2.9(0.17%),P:1e-8	Tpos:156.7,Tstd:88.9,Bpos:163.9,Bstd:88.6,StrandBias:-0.3,Multiplicity:1.00
0.100	0.700	0.100	0.100
0.100	0.700	0.100	0.100
0.100	0.100	0.700	0.100
0.100	0.100	0.700	0.100
0.100	0.700	0.100	0.100
0.100	0.100	0.700	0.100
0.100	0.700	0.100	0.100
0.100	0.100	0.100	0.700
0.100	0.700	0.100	0.100
0.100	0.700	0.100	0.100
0.100	0.700	0.100	0.100
0.700	0.100	0.100	0.100
>GGGACCCAGGGT	23-GGGACCCAGGGT	10.409522	-14.505305	0	T:11.0(1.31%),B:3.4(0.20%),P:1e-6	Tpos:140.2,Tstd:59.7,Bpos:399.0,Bstd:135.8,StrandBias:-0.8,Multiplicity:1.00
0.100	0.100	0.700	0.100
0.100	0.100	0.700	0.100
0.100	0.100	0.700	0.100
0.700	0.100	0.100	0.100
0.100	0.700	0.100	0.100
0.100	0.700	0.100	0.100
0.100	0.700	0.100	0.100
0.700	0.100	0.100	0.100
0.100	0.100	0.700	0.100
0.100	0.100	0.700	0.100
0.100	0.100	0.700	0.100
0.100	0.100	0.100	0.700
>GCGTCCCGGCTG	24-GCGTCCCGGCTG	10.409522	-13.058941	0	T:13.0(1.55%),B:5.3(0.32%),P:1e-5	Tpos:142.2,Tstd:87.3,Bpos:173.3,Bstd:76.4,StrandBias:1.2,Multiplicity:1.00
0.100	0.100	0.700	0.100
0.100	0.700	0.100	0.100
0.100	0.100	0.700	0.100
0.100	0.100	0.100	0.700
0.100	0.700	0.100	0.100
0.100	0.700	0.100	0.100
0.100	0.700	0.100	0.100
0.100	0.100	0.700	0.100
0.100	0.100	0.700	0.100
0.100	0.700	0.100	0.100
0.100	0.100	0.100	0.700
0.100	0.100	0.700	0.100
>AGGTGTGTAGGA	25-AGGTGTGTAGGA	9.053357	-11.786288	0	T:11.0(1.31%),B:4.4(0.26%),P:1e-5	Tpos:111.1,Tstd:54.4,Bpos:99.2,Bstd:33.6,StrandBias:1.7,Multiplicity:1.91
0.635	0.070	0.196	0.099
0.064	0.056	0.815	0.065
0.082	0.144	0.724	0.050
0.129	0.114	0.182	0.575
0.067	0.095	0.760	0.078
0.138	0.098	0.222	0.542
0.050	0.134	0.759	0.057
0.134	0.163	0.236	0.468
0.569	0.084	0.257	0.090
0.082	0.048	0.805	0.065
0.115	0.102	0.747	0.036
0.601	0.130	0.160	0.109
>TGCGGT	1-TGCGGT	4.614729	-14.008155	0	T:369.0(44.03%),B:605.5(35.94%),P:1e-6	Tpos:146.4,Tstd:92.3,Bpos:153.5,Bstd:133.9,StrandBias:0.1,Multiplicity:1.40
0.187	0.001	0.001	0.811
0.001	0.001	0.811	0.187
0.001	0.997	0.001	0.001
0.001	0.001	0.997	0.001
0.001	0.001	0.997	0.001
0.164	0.001	0.001	0.834
>TTACGG	2-TTACGG	4.049545	-13.975689	0	T:180.0(21.48%),B:256.7(15.23%),P:1e-6	Tpos:158.7,Tstd:99.2,Bpos:156.6,Bstd:144.8,StrandBias:0.2,Multiplicity:1.12
0.032	0.001	0.001	0.966
0.001	0.382	0.001	0.616
0.997	0.001	0.001	0.001
0.001	0.997	0.001	0.001
0.001	0.001	0.997	0.001
0.001	0.281	0.717	0.001
>TCGGCC	3-TCGGCC	3.286878	-11.983622	0	T:264.0(31.50%),B:417.3(24.77%),P:1e-5	Tpos:147.1,Tstd:101.5,Bpos:140.6,Bstd:126.7,StrandBias:0.0,Multiplicity:1.27
0.001	0.001	0.001	0.997
0.057	0.941	0.001	0.001
0.001	0.001	0.997	0.001
0.116	0.001	0.882	0.001
0.001	0.997	0.001	0.001
0.001	0.997	0.001	0.001
>TCTACA	4-TCTACA	7.882671	-9.399733	0	T:66.0(7.88%),B:81.1(4.81%),P:1e-4	Tpos:132.8,Tstd:89.5,Bpos:134.3,Bstd:86.3,StrandBias:0.6,Multiplicity:1.15
0.001	0.341	0.001	0.657
0.001	0.997	0.001	0.001
0.001	0.001	0.001	0.997
0.997	0.001	0.001	0.001
0.001	0.997	0.001	0.001
0.997	0.001	0.001	0.001
>GTCGAG	5-GTCGAG	6.177716	-5.293068	0	T:54.0(6.44%),B:75.9(4.50%),P:1e-2	Tpos:155.0,Tstd:106.4,Bpos:176.9,Bstd:181.8,StrandBias:-0.3,Multiplicity:1.00
0.100	0.100	0.700	0.100
0.100	0.100	0.100	0.700
0.100	0.700	0.100	0.100
0.100	0.100	0.700	0.100
0.700	0.100	0.100	0.100
0.100	0.100	0.700	0.100
>CCCGTGT	1-CCCGTGT	6.934398	-24.678264	0	T:135.0(16.11%),B:150.3(8.92%),P:1e-10	Tpos:156.3,Tstd:104.3,Bpos:161.2,Bstd:129.7,StrandBias:0.1,Multiplicity:1.08
0.203	0.795	0.001	0.001
0.001	0.997	0.001	0.001
0.001	0.997	0.001	0.001
0.121	0.001	0.877	0.001
0.118	0.001	0.001	0.880
0.122	0.001	0.876	0.001
0.123	0.001	0.001	0.875
>ACCGCAA	2-ACCGCAA	6.043896	-24.476941	0	T:96.0(11.46%),B:93.2(5.53%),P:1e-10	Tpos:146.5,Tstd:90.2,Bpos:155.2,Bstd:123.2,StrandBias:0.1,Multiplicity:1.03
0.997	0.001	0.001	0.001
0.001	0.942	0.001	0.056
0.001	0.997	0.001	0.001
0.001	0.001	0.997	0.001
0.001	0.929	0.001	0.069
0.835	0.001	0.001	0.163
0.816	0.182	0.001	0.001
>CCAGGTC	3-CCAGGTC	7.246732	-19.601014	0	T:168.0(20.05%),B:216.5(12.85%),P:1e-8	Tpos:153.2,Tstd:101.1,Bpos:156.1,Bstd:133.7,StrandBias:-0.1,Multiplicity:1.18
0.001	0.997	0.001	0.001
0.070	0.928	0.001	0.001
0.997	0.001	0.001	0.001
0.001	0.138	0.741	0.120
0.001	0.001	0.997	0.001
0.321	0.001	0.001	0.677
0.001	0.997	0.001	0.001
>GTCAACG	4-GTCAACG	7.207335	-18.797383	0	T:13.0(1.55%),B:3.1(0.18%),P:1e-8	Tpos:168.0,Tstd:110.1,Bpos:124.6,Bstd:37.2,StrandBias:-0.2,Multiplicity:1.00
0.100	0.100	0.700	0.100
0.100	0.100	0.100	0.700
0.100	0.700	0.100	0.100
0.700	0.100	0.100	0.100
0.700	0.100	0.100	0.100
0.100	0.700	0.100	0.100
0.100	0.100	0.700	0.100
>GTTCACC	5-GTTCACC	5.551903	-15.813871	0	T:191.0(22.79%),B:268.8(15.95%),P:1e-6	Tpos:148.6,Tstd:97.8,Bpos:145.7,Bstd:116.7,StrandBias:-0.2,Multiplicity:1.17
0.068	0.001	0.905	0.026
0.020	0.006	0.052	0.922
0.031	0.001	0.190	0.778
0.241	0.754	0.001	0.004
0.841	0.042	0.070	0.047
0.001	0.752	0.001	0.246
0.027	0.901	0.021	0.051
>MTCGACT	6-MTCGACT	6.464522	-14.433793	0	T:39.0(4.65%),B:32.4(1.93%),P:1e-6	Tpos:126.9,Tstd:97.4,Bpos:159.5,Bstd:125.9,StrandBias:-0.3,Multiplicity:1.00
0.408	0.341	0.157	0.094
0.001	0.293	0.001	0.705
0.001	0.853	0.145	0.001
0.001	0.001	0.985	0.013
0.538	0.274	0.001	0.187
0.256	0.610	0.133	0.001
0.014	0.001	0.015	0.970
>GTTAAGT	7-GTTAAGT	7.315615	-12.841723	0	T:47.0(5.61%),B:45.9(2.73%),P:1e-5	Tpos:142.2,Tstd:75.4,Bpos:173.8,Bstd:131.0,StrandBias:0.1,Multiplicity:1.04
0.001	0.001	0.997	0.001
0.001	0.001	0.001	0.997
0.001	0.135	0.001	0.863
0.997	0.001	0.001	0.001
0.837	0.161	0.001	0.001
0.001	0.001	0.822	0.176
0.001	0.001	0.001	0.997
>CCGTCGG	8-CCGTCGG	6.295957	-10.631321	0	T:72.0(8.59%),B:87.9(5.22%),P:1e-4	Tpos:135.7,Tstd:89.6,Bpos:155.1,Bstd:150.7,StrandBias:0.1,Multiplicity:1.07
0.001	0.997	0.001	0.001
0.001	0.997	0.001	0.001
0.001	0.001	0.611	0.387
0.001	0.001	0.001	0.997
0.001	0.997	0.001	0.001
0.001	0.001	0.997	0.001
0.055	0.001	0.943	0.001
>AACGGAT	9-AACGGAT	7.207335	-10.559266	0	T:9.0(1.07%),B:3.1(0.19%),P:1e-4	Tpos:176.8,Tstd:60.7,Bpos:202.1,Bstd:92.0,StrandBias:0.0,Multiplicity:1.11
0.700	0.100	0.100	0.100
0.700	0.100	0.100	0.100
0.100	0.700	0.100	0.100
0.100	0.100	0.700	0.100
0.100	0.100	0.700	0.100
0.700	0.100	0.100	0.100
0.100	0.100	0.100	0.700
>WGTGTAG	10-WGTGTAG	8.844385	-9.444294	0	T:39.0(4.65%),B:41.0(2.43%),P:1e-4	Tpos:118.5,Tstd:80.8,Bpos:137.0,Bstd:103.9,StrandBias:0.0,Multiplicity:1.42
0.431	0.001	0.001	0.567
0.001	0.001	0.997	0.001
0.001	0.001	0.001	0.997
0.001	0.001	0.997	0.001
0.001	0.001	0.001	0.997
0.997	0.001	0.001	0.001
0.001	0.001	0.997	0.001
>GCCGGAA	11-GCCGGAA	7.207335	-9.444294	0	T:39.0(4.65%),B:41.0(2.43%),P:1e-4	Tpos:154.3,Tstd:103.9,Bpos:123.1,Bstd:112.9,StrandBias:0.5,Multiplicity:1.00
0.100	0.100	0.700	0.100
0.100	0.700	0.100	0.100
0.100	0.700	0.100	0.100
0.100	0.100	0.700	0.100
0.100	0.100	0.700	0.100
0.700	0.100	0.100	0.100
0.700	0.100	0.100	0.100
>YGTCGCM	12-YGTCGCM	4.332066	-8.684413	0	T:250.0(29.83%),B:410.0(24.34%),P:1e-3	Tpos:142.8,Tstd:89.1,Bpos:155.9,Bstd:134.6,StrandBias:-0.0,Multiplicity:1.36
0.001	0.530	0.011	0.458
0.001	0.001	0.997	0.001
0.001	0.001	0.018	0.980
0.001	0.993	0.001	0.005
0.001	0.001	0.997	0.001
0.020	0.922	0.019	0.039
0.463	0.535	0.001	0.001
>CGAGGGA	13-CGAGGGA	7.207335	-6.585061	0	T:55.0(6.56%),B:72.2(4.28%),P:1e-2	Tpos:154.4,Tstd:100.5,Bpos:192.1,Bstd:183.9,StrandBias:0.5,Multiplicity:1.07
0.100	0.700	0.100	0.100
0.100	0.100	0.700	0.100
0.700	0.100	0.100	0.100
0.100	0.100	0.700	0.100
0.100	0.100	0.700	0.100
0.100	0.100	0.700	0.100
0.700	0.100	0.100	0.100
>ACACGGTG	1-ACACGGTG	8.773719	-33.802755	0	T:25.0(2.98%),B:6.4(0.38%),P:1e-14	Tpos:131.0,Tstd:99.4,Bpos:151.0,Bstd:117.5,StrandBias:-0.8,Multiplicity:1.00
0.997	0.001	0.001	0.001
0.001	0.673	0.001	0.325
0.777	0.221	0.001	0.001
0.001	0.997	0.001	0.001
0.001	0.001	0.997	0.001
0.001	0.001	0.997	0.001
0.001	0.001	0.001	0.997
0.325	0.001	0.673	0.001
>CCAGGTCC	2-CCAGGTCC	7.890720	-28.178033	0	T:84.0(10.02%),B:71.8(4.26%),P:1e-12	Tpos:146.3,Tstd:93.6,Bpos:139.5,Bstd:106.6,StrandBias:0.0,Multiplicity:1.07
0.001	0.997	0.001	0.001
0.066	0.932	0.001	0.001
0.997	0.001	0.001	0.001
0.001	0.001	0.997	0.001
0.001	0.001	0.997	0.001
0.261	0.001	0.001	0.737
0.001	0.997	0.001	0.001
0.147	0.851	0.001	0.001
>GCCCGGCG	3-GCCCGGCG	6.714207	-27.678687	0	T:94.0(11.22%),B:85.5(5.08%),P:1e-12	Tpos:160.9,Tstd:96.1,Bpos:161.3,Bstd:157.6,StrandBias:0.1,Multiplicity:1.10
0.001	0.001	0.997	0.001
0.071	0.927	0.001	0.001
0.235	0.763	0.001	0.001
0.001	0.997	0.001	0.001
0.001	0.001	0.997	0.001
0.001	0.001	0.765	0.233
0.001	0.997	0.001	0.001
0.001	0.001	0.997	0.001
>CTTCGACG	4-CTTCGACG	7.930320	-27.462296	0	T:22.0(2.63%),B:6.9(0.41%),P:1e-11	Tpos:167.0,Tstd:110.5,Bpos:196.8,Bstd:106.9,StrandBias:-0.4,Multiplicity:1.00
0.115	0.883	0.001	0.001
0.001	0.001	0.001	0.997
0.001	0.001	0.115	0.883
0.001	0.997	0.001	0.001
0.001	0.001	0.883	0.115
0.701	0.001	0.001	0.297
0.115	0.883	0.001	0.001
0.115	0.001	0.769	0.115
>TGGCGCCG	5-TGGCGCCG	8.881981	-25.275639	0	T:62.0(7.40%),B:47.7(2.83%),P:1e-10	Tpos:154.5,Tstd:91.3,Bpos:145.4,Bstd:113.5,StrandBias:-0.4,Multiplicity:1.05
0.001	0.001	0.001	0.997
0.001	0.001	0.997	0.001
0.001	0.001	0.829	0.169
0.001	0.997	0.001	0.001
0.001	0.001	0.997	0.001
0.001	0.997	0.001	0.001
0.001	0.662	0.336	0.001
0.001	0.001	0.997	0.001
>WATGCGGC	6-WATGCGGC	7.016951	-24.426085	0	T:36.0(4.30%),B:19.6(1.16%),P:1e-10	Tpos:125.7,Tstd:92.7,Bpos:147.8,Bstd:75.0,StrandBias:-0.4,Multiplicity:1.00
0.414	0.171	0.001	0.414
0.997	0.001	0.001	0.001
0.001	0.001	0.001	0.997
0.121	0.001	0.877	0.001
0.001	0.997	0.001	0.001
0.001	0.001	0.835	0.163
0.001	0.001	0.997	0.001
0.001	0.997	0.001	0.001
>TWCGGKTG	7-TWCGGKTG	7.305649	-24.386534	0	T:57.0(6.80%),B:43.0(2.55%),P:1e-10	Tpos:159.4,Tstd:108.1,Bpos:143.2,Bstd:97.5,StrandBias:0.8,Multiplicity:1.04
0.001	0.001	0.001	0.997
0.488	0.001	0.096	0.415
0.001	0.997	0.001	0.001
0.001	0.001	0.997	0.001
0.011	0.001	0.709	0.279
0.090	0.001	0.426	0.483
0.001	0.001	0.049	0.949
0.001	0.001	0.833	0.165
