>CTTGCTTGCTTC	23-CTTGCTTGCTTC,BestGuess:EWSR1-FLI1/MA0149.1/Jaspar(0.662)	9.773789	-12.219207	0	T:172.0(1.99%),B:67.9(1.09%),P:1e-5
0.026	0.830	0.059	0.085
0.069	0.068	0.017	0.846
0.068	0.008	0.101	0.823
0.025	0.053	0.829	0.093
0.025	0.924	0.017	0.034
0.025	0.095	0.008	0.872
0.042	0.034	0.119	0.805
0.085	0.118	0.711	0.086
0.042	0.855	0.025	0.078
0.034	0.068	0.017	0.881
0.034	0.034	0.087	0.845
0.017	0.797	0.101	0.085
