>NNCAGGAGTTNM	18-KNAACTCCTGNN	7.266241	-19.592011	0	T:57.0(0.66%),B:5.9(0.09%),P:1e-8
0.264	0.227	0.305	0.205
0.256	0.229	0.196	0.319
0.135	0.592	0.120	0.153
0.563	0.166	0.167	0.104
0.148	0.194	0.533	0.125
0.111	0.109	0.655	0.125
0.555	0.179	0.136	0.130
0.122	0.125	0.625	0.128
0.155	0.118	0.128	0.599
0.167	0.114	0.147	0.572
0.224	0.202	0.242	0.332
0.251	0.352	0.199	0.198
