>TCTCATGAGAHC	4-GDTCTCATGAGA	8.115277	-42.962238	0	T:546.0(6.32%),B:197.4(3.16%),P:1e-18
0.014	0.030	0.068	0.888
0.020	0.738	0.133	0.109
0.013	0.001	0.001	0.985
0.013	0.831	0.115	0.041
0.877	0.048	0.020	0.055
0.109	0.047	0.163	0.681
0.080	0.162	0.757	0.001
0.891	0.001	0.006	0.102
0.263	0.076	0.641	0.020
0.734	0.082	0.089	0.095
0.280	0.260	0.055	0.405
0.071	0.602	0.061	0.266
