>GDTCTCATGAGA	4-GDTCTCATGAGA,BestGuess:GFX(?)/Promoter/Homer(0.680)	8.115277	-42.962238	0	T:546.0(6.32%),B:197.4(3.16%),P:1e-18
0.266	0.061	0.602	0.071
0.405	0.055	0.260	0.280
0.095	0.089	0.082	0.734
0.020	0.641	0.076	0.263
0.102	0.006	0.001	0.891
0.001	0.757	0.162	0.080
0.681	0.163	0.047	0.109
0.055	0.020	0.048	0.877
0.041	0.115	0.831	0.013
0.985	0.001	0.001	0.013
0.109	0.133	0.738	0.020
0.888	0.068	0.030	0.014
