>CTGCHACCATGT	8-ACATGGTDGCAG	10.504174	-32.739123	0	T:92.0(1.06%),B:7.0(0.11%),P:1e-14
0.001	0.875	0.001	0.123
0.247	0.001	0.001	0.751
0.034	0.045	0.583	0.338
0.067	0.597	0.001	0.335
0.312	0.369	0.001	0.317
0.640	0.045	0.271	0.044
0.144	0.563	0.056	0.237
0.056	0.637	0.001	0.306
0.819	0.022	0.158	0.001
0.001	0.043	0.001	0.955
0.001	0.044	0.933	0.022
0.111	0.225	0.011	0.653
