>CACATCTATTCA	14-TGAATAGATGTG	9.655895	-23.710753	0	T:105.0(1.22%),B:18.6(0.30%),P:1e-10
0.068	0.795	0.068	0.069
0.864	0.090	0.011	0.035
0.090	0.798	0.056	0.056
0.903	0.013	0.023	0.061
0.058	0.045	0.035	0.862
0.034	0.794	0.058	0.114
0.113	0.103	0.023	0.761
0.830	0.045	0.046	0.079
0.034	0.034	0.056	0.876
0.113	0.056	0.046	0.785
0.034	0.874	0.023	0.069
0.876	0.067	0.001	0.056
