>KNAACTCCTGNN	18-KNAACTCCTGNN,BestGuess:Rbpjl/MA1621.1/Jaspar(0.717)	7.266241	-19.592011	0	T:57.0(0.66%),B:5.9(0.09%),P:1e-8
0.198	0.199	0.352	0.251
0.332	0.242	0.202	0.224
0.572	0.147	0.114	0.167
0.599	0.128	0.118	0.155
0.128	0.625	0.125	0.122
0.130	0.136	0.179	0.555
0.125	0.655	0.109	0.111
0.125	0.533	0.194	0.148
0.104	0.167	0.166	0.563
0.153	0.120	0.592	0.135
0.319	0.196	0.229	0.256
0.205	0.305	0.227	0.264
