>TAGACTAGACTA	25-TAGTCTAGTCTA	10.333310	-3.003457	0	T:15.0(0.17%),B:4.0(0.06%),P:1e-1
0.193	0.151	0.062	0.594
0.819	0.001	0.060	0.120
0.179	0.239	0.536	0.046
0.907	0.031	0.032	0.030
0.030	0.761	0.060	0.149
0.059	0.153	0.001	0.787
0.895	0.001	0.060	0.044
0.016	0.231	0.691	0.062
0.910	0.045	0.044	0.001
0.016	0.775	0.135	0.074
0.196	0.077	0.001	0.726
0.834	0.030	0.106	0.030
