>TCATGTGACTGT	24-TCATGTGACTGT	10.216649	-12.068242	0	T:54.0(0.62%),B:10.9(0.17%),P:1e-5
0.038	0.056	0.037	0.869
0.056	0.832	0.084	0.028
0.877	0.057	0.009	0.057
0.028	0.047	0.086	0.839
0.048	0.084	0.820	0.048
0.056	0.019	0.038	0.887
0.094	0.067	0.783	0.056
0.727	0.066	0.104	0.103
0.057	0.821	0.038	0.084
0.047	0.019	0.019	0.915
0.085	0.020	0.828	0.067
0.048	0.075	0.057	0.820
