>WGTGGCCTCTTC	20-GAAGAGGCCACW	8.277787	-19.203225	0	T:45.0(0.52%),B:2.8(0.04%),P:1e-8
0.391	0.135	0.176	0.298
0.146	0.147	0.554	0.153
0.174	0.094	0.161	0.571
0.127	0.060	0.631	0.182
0.163	0.119	0.536	0.182
0.126	0.582	0.149	0.143
0.111	0.610	0.050	0.229
0.129	0.115	0.082	0.674
0.074	0.644	0.107	0.175
0.166	0.140	0.043	0.651
0.099	0.159	0.227	0.515
0.186	0.393	0.191	0.230
