>TWTRAAACCATC	5-TWTRAAACCATC,BestGuess:CHR(?)/Hela-CellCycle-Expression/Homer(0.605)	9.787913	-41.637913	0	T:118.0(1.37%),B:9.9(0.16%),P:1e-18
0.102	0.125	0.203	0.570
0.385	0.169	0.097	0.350
0.148	0.047	0.045	0.760
0.424	0.204	0.307	0.064
0.705	0.011	0.023	0.261
0.640	0.042	0.252	0.066
0.612	0.032	0.303	0.053
0.051	0.612	0.271	0.066
0.026	0.701	0.001	0.272
0.658	0.310	0.002	0.030
0.001	0.278	0.049	0.672
0.049	0.805	0.051	0.095
