>TTACTCATTCTT	11-TTACTCATTCTT	10.285972	-25.919019	0	T:74.0(0.86%),B:6.2(0.10%),P:1e-11
0.037	0.027	0.013	0.923
0.038	0.075	0.051	0.836
0.608	0.266	0.062	0.064
0.038	0.683	0.242	0.037
0.402	0.001	0.001	0.596
0.241	0.468	0.141	0.149
0.599	0.213	0.050	0.138
0.038	0.051	0.051	0.860
0.013	0.392	0.014	0.581
0.050	0.836	0.013	0.101
0.013	0.390	0.001	0.596
0.353	0.001	0.001	0.645
