>TCATGATAGTGA	9-TCATGATAGTGA	10.137216	-29.880334	0	T:172.0(1.99%),B:38.7(0.62%),P:1e-12
0.030	0.030	0.102	0.838
0.001	0.468	0.245	0.285
0.671	0.113	0.187	0.029
0.115	0.001	0.043	0.841
0.171	0.115	0.713	0.001
0.579	0.015	0.291	0.115
0.271	0.141	0.014	0.574
0.880	0.015	0.076	0.029
0.029	0.073	0.869	0.029
0.102	0.001	0.070	0.827
0.043	0.029	0.843	0.085
0.925	0.015	0.029	0.031
