>TGGAAACCACAC	17-TGGAAACCACAC	11.379690	-19.787747	0	T:64.0(0.74%),B:7.1(0.11%),P:1e-8
0.102	0.001	0.035	0.862
0.069	0.001	0.929	0.001
0.035	0.106	0.824	0.035
0.929	0.001	0.035	0.035
0.964	0.001	0.034	0.001
0.894	0.035	0.070	0.001
0.035	0.929	0.001	0.035
0.001	0.964	0.001	0.034
0.964	0.034	0.001	0.001
0.034	0.964	0.001	0.001
0.946	0.052	0.001	0.001
0.105	0.824	0.001	0.070
