>NCTTTBNCTTGN	16-NCTTTBNCTTGN	8.060050	-22.233592	0	T:59.0(0.68%),B:4.5(0.07%),P:1e-9
0.208	0.356	0.228	0.208
0.108	0.670	0.057	0.165
0.121	0.151	0.028	0.700
0.055	0.156	0.147	0.642
0.067	0.165	0.151	0.617
0.156	0.362	0.228	0.254
0.205	0.208	0.313	0.274
0.063	0.655	0.126	0.156
0.104	0.160	0.047	0.689
0.085	0.061	0.155	0.699
0.084	0.082	0.521	0.313
0.175	0.311	0.250	0.265
