>GAAGCAAGCAAG	23-CTTGCTTGCTTC	9.773789	-12.219207	0	T:172.0(1.99%),B:67.9(1.09%),P:1e-5
0.085	0.101	0.797	0.017
0.845	0.087	0.034	0.034
0.881	0.017	0.068	0.034
0.078	0.025	0.855	0.042
0.086	0.711	0.118	0.085
0.805	0.119	0.034	0.042
0.872	0.008	0.095	0.025
0.034	0.017	0.924	0.025
0.093	0.829	0.053	0.025
0.823	0.101	0.008	0.068
0.846	0.017	0.068	0.069
0.085	0.059	0.830	0.026
