>CTCCGGGGAGGA	19-CTCCGGGGAGGA,BestGuess:ZNF263/MA0528.2/Jaspar(0.811)	10.085903	-20.265743	0	T:65.0(1.57%),B:18.3(0.38%),P:1e-8
0.069	0.846	0.051	0.034
0.051	0.105	0.034	0.810
0.037	0.739	0.121	0.103
0.086	0.826	0.037	0.051
0.154	0.054	0.741	0.051
0.034	0.034	0.931	0.001
0.051	0.017	0.863	0.069
0.068	0.139	0.792	0.001
0.861	0.088	0.017	0.034
0.017	0.054	0.928	0.001
0.051	0.069	0.846	0.034
0.839	0.020	0.104	0.037
