>GCCGCCGGGGAS	2-GCCGCCGGGGAS	10.382114	-33.468756	0	T:43.0(1.04%),B:0.9(0.02%),P:1e-14
0.104	0.232	0.564	0.100
0.044	0.801	0.142	0.013
0.118	0.628	0.141	0.113
0.030	0.083	0.787	0.100
0.022	0.865	0.087	0.026
0.100	0.690	0.144	0.066
0.087	0.113	0.726	0.074
0.035	0.044	0.903	0.018
0.022	0.022	0.934	0.022
0.026	0.122	0.839	0.013
0.476	0.261	0.219	0.044
0.131	0.381	0.406	0.083
