>CGGGCCGTGCGG	24-CGGGCCGTGCGG	9.583820	-11.687142	0	T:27.0(0.65%),B:5.4(0.11%),P:1e-5
0.114	0.603	0.175	0.108
0.104	0.107	0.678	0.111
0.073	0.116	0.746	0.065
0.059	0.127	0.753	0.061
0.073	0.706	0.161	0.060
0.122	0.608	0.141	0.129
0.078	0.211	0.624	0.087
0.107	0.181	0.201	0.511
0.046	0.108	0.803	0.043
0.112	0.605	0.188	0.095
0.121	0.115	0.639	0.125
0.062	0.144	0.726	0.068
