>TCCTCCCCGGAG	19-CTCCGGGGAGGA	10.085903	-20.265743	0	T:65.0(1.57%),B:18.3(0.38%),P:1e-8
0.037	0.104	0.020	0.839
0.034	0.846	0.069	0.051
0.001	0.928	0.054	0.017
0.034	0.017	0.088	0.861
0.001	0.792	0.139	0.068
0.069	0.863	0.017	0.051
0.001	0.931	0.034	0.034
0.051	0.741	0.054	0.154
0.051	0.037	0.826	0.086
0.103	0.121	0.739	0.037
0.810	0.034	0.105	0.051
0.034	0.051	0.846	0.069
