>GGCCCCAGGTGG	16-GGCCCCAGGTGG,BestGuess:Plagl1/MA1615.1/Jaspar(0.744)	9.939977	-22.405629	0	T:48.0(1.16%),B:7.7(0.16%),P:1e-9
0.081	0.050	0.772	0.097
0.061	0.138	0.731	0.070
0.058	0.754	0.116	0.072
0.069	0.751	0.083	0.097
0.075	0.752	0.097	0.076
0.073	0.775	0.088	0.064
0.680	0.081	0.116	0.123
0.072	0.061	0.813	0.054
0.069	0.121	0.763	0.047
0.125	0.106	0.140	0.629
0.045	0.050	0.832	0.073
0.072	0.103	0.747	0.078
