>CGGGCTGCGAGC	3-CGGGCTGCGAGC,BestGuess:Tlx?(NR)/NPC-H3K4me1-ChIP-Seq(GSE16256)/Homer(0.572)	10.787166	-31.036824	0	T:44.0(1.06%),B:1.7(0.04%),P:1e-13
0.032	0.778	0.158	0.032
0.095	0.016	0.857	0.032
0.032	0.017	0.919	0.032
0.016	0.112	0.856	0.016
0.016	0.872	0.080	0.032
0.047	0.111	0.096	0.746
0.016	0.080	0.888	0.016
0.112	0.697	0.142	0.049
0.016	0.065	0.886	0.033
0.711	0.177	0.080	0.032
0.065	0.032	0.887	0.016
0.001	0.920	0.078	0.001
