>GCTCGCAGCCCG	3-CGGGCTGCGAGC	10.787166	-31.036824	0	T:44.0(1.06%),B:1.7(0.04%),P:1e-13
0.001	0.078	0.920	0.001
0.016	0.887	0.032	0.065
0.032	0.080	0.177	0.711
0.033	0.886	0.065	0.016
0.049	0.142	0.697	0.112
0.016	0.888	0.080	0.016
0.746	0.096	0.111	0.047
0.032	0.080	0.872	0.016
0.016	0.856	0.112	0.016
0.032	0.919	0.017	0.032
0.032	0.857	0.016	0.095
0.032	0.158	0.778	0.032
