>ACACACACACAC	22-ACACACACACAC	6.901849	-14.036021	0	T:552.0(13.31%),B:488.4(10.05%),P:1e-6
0.711	0.112	0.098	0.079
0.082	0.770	0.062	0.086
0.738	0.096	0.075	0.091
0.073	0.768	0.080	0.079
0.752	0.098	0.081	0.069
0.075	0.745	0.091	0.089
0.779	0.087	0.046	0.088
0.072	0.764	0.082	0.082
0.770	0.099	0.053	0.078
0.080	0.759	0.074	0.087
0.742	0.117	0.064	0.077
0.082	0.704	0.102	0.112
