>GAGCCGCCCCTG	11-GAGCCGCCCCTG	10.192493	-24.111447	0	T:46.0(1.11%),B:5.4(0.11%),P:1e-10
0.064	0.229	0.661	0.046
0.554	0.168	0.208	0.070
0.006	0.183	0.772	0.039
0.023	0.845	0.109	0.023
0.146	0.617	0.127	0.110
0.017	0.147	0.597	0.239
0.040	0.801	0.104	0.055
0.023	0.843	0.081	0.053
0.081	0.722	0.076	0.121
0.040	0.853	0.070	0.037
0.087	0.110	0.101	0.702
0.023	0.158	0.755	0.064
