>TTATTATTAWTA	4-TTATTATTAWTA	6.311688	-29.872699	0	T:840.0(20.25%),B:699.2(14.38%),P:1e-12
0.281	0.009	0.032	0.678
0.064	0.114	0.196	0.626
0.719	0.057	0.087	0.137
0.125	0.060	0.014	0.801
0.046	0.036	0.064	0.854
0.804	0.027	0.068	0.101
0.158	0.078	0.175	0.589
0.212	0.014	0.036	0.738
0.689	0.041	0.142	0.128
0.411	0.036	0.018	0.535
0.046	0.041	0.027	0.886
0.671	0.046	0.192	0.091
