>CCCGCCCGAGCC	12-CCCGCCCGAGCC	10.825455	-24.104236	0	T:31.0(0.75%),B:0.6(0.01%),P:1e-10
0.038	0.792	0.106	0.064
0.034	0.814	0.094	0.058
0.104	0.706	0.121	0.069
0.079	0.126	0.688	0.107
0.030	0.823	0.110	0.037
0.037	0.821	0.091	0.051
0.089	0.730	0.106	0.075
0.075	0.180	0.683	0.062
0.539	0.208	0.192	0.061
0.054	0.124	0.769	0.053
0.051	0.799	0.093	0.057
0.042	0.835	0.058	0.065
