>GCCCGCCTGCTG	9-GCCCGCCTGCTG	10.450622	-26.285681	0	T:41.0(0.99%),B:2.6(0.05%),P:1e-11
0.024	0.084	0.832	0.060
0.012	0.893	0.059	0.036
0.043	0.843	0.085	0.029
0.101	0.754	0.073	0.072
0.071	0.101	0.773	0.055
0.036	0.825	0.127	0.012
0.017	0.935	0.012	0.036
0.077	0.095	0.049	0.779
0.036	0.120	0.784	0.060
0.012	0.940	0.024	0.024
0.091	0.084	0.079	0.746
0.012	0.049	0.915	0.024
