>CGCGCCCGGAGG	13-CGCGCCCGGAGG	12.727936	-24.104236	0	T:31.0(0.75%),B:0.0(0.00%),P:1e-10
0.001	0.946	0.052	0.001
0.001	0.052	0.946	0.001
0.001	0.894	0.104	0.001
0.001	0.052	0.895	0.052
0.001	0.946	0.001	0.052
0.001	0.946	0.052	0.001
0.053	0.841	0.053	0.053
0.052	0.052	0.895	0.001
0.052	0.001	0.946	0.001
0.946	0.052	0.001	0.001
0.001	0.052	0.895	0.052
0.001	0.052	0.946	0.001
