>CTCAGCAGTTTT	18-CTCAGCAGTTTT,BestGuess:MafF(bZIP)/HepG2-MafF-ChIP-Seq(GSE31477)/Homer(0.802)	9.923791	-21.359452	0	T:67.0(1.62%),B:18.4(0.38%),P:1e-9
0.033	0.898	0.033	0.036
0.116	0.050	0.017	0.817
0.018	0.847	0.051	0.084
0.883	0.033	0.018	0.066
0.068	0.083	0.783	0.066
0.050	0.865	0.035	0.050
0.868	0.033	0.033	0.066
0.100	0.017	0.716	0.167
0.033	0.068	0.033	0.866
0.051	0.033	0.051	0.865
0.033	0.066	0.066	0.835
0.051	0.136	0.033	0.780
