>AGCCGGGGCGCG	17-AGCCGGGGCGCG	10.949640	-21.901644	0	T:35.0(0.84%),B:2.4(0.05%),P:1e-9
0.689	0.156	0.154	0.001
0.001	0.051	0.947	0.001
0.001	0.894	0.104	0.001
0.001	0.889	0.084	0.026
0.001	0.104	0.817	0.078
0.130	0.160	0.709	0.001
0.026	0.001	0.972	0.001
0.001	0.082	0.916	0.001
0.001	0.861	0.082	0.056
0.157	0.052	0.713	0.078
0.026	0.835	0.113	0.026
0.135	0.001	0.756	0.108
