>AAAACTGCTGAG	18-CTCAGCAGTTTT	9.923791	-21.359452	0	T:67.0(1.62%),B:18.4(0.38%),P:1e-9
0.780	0.033	0.136	0.051
0.835	0.066	0.066	0.033
0.865	0.051	0.033	0.051
0.866	0.033	0.068	0.033
0.167	0.716	0.017	0.100
0.066	0.033	0.033	0.868
0.050	0.035	0.865	0.050
0.066	0.783	0.083	0.068
0.066	0.018	0.033	0.883
0.084	0.051	0.847	0.018
0.817	0.017	0.050	0.116
0.036	0.033	0.898	0.033
