>GGCCTCGGGCTC	20-GGCCTCGGGCTC	10.549960	-19.072389	0	T:56.0(1.35%),B:14.6(0.30%),P:1e-8
0.079	0.001	0.841	0.079
0.001	0.082	0.878	0.039
0.001	0.788	0.171	0.040
0.001	0.880	0.001	0.118
0.001	0.213	0.162	0.624
0.040	0.869	0.040	0.051
0.132	0.169	0.659	0.040
0.039	0.079	0.881	0.001
0.001	0.049	0.871	0.079
0.001	0.959	0.039	0.001
0.001	0.039	0.089	0.871
0.001	0.875	0.082	0.042
