>NVTGANTCAB	1-NVTGANTCAB	5.904613	-160.502545	0	T:3394.0(39.28%),B:1592.2(25.51%),P:1e-69	Tpos:140.6,Tstd:80.1,Bpos:134.9,Bstd:97.7,StrandBias:-0.0,Multiplicity:1.25
0.261	0.250	0.275	0.213
0.318	0.280	0.267	0.135
0.109	0.023	0.040	0.828
0.037	0.070	0.703	0.190
0.677	0.047	0.133	0.143
0.200	0.288	0.297	0.215
0.054	0.195	0.038	0.713
0.219	0.682	0.055	0.044
0.886	0.047	0.022	0.045
0.155	0.313	0.214	0.319
>NHYCTTATCW	2-NHYCTTATCW	7.249511	-67.988380	0	T:594.0(6.88%),B:176.2(2.82%),P:1e-29	Tpos:153.0,Tstd:101.1,Bpos:121.9,Bstd:96.8,StrandBias:-0.1,Multiplicity:1.06
0.201	0.281	0.226	0.291
0.360	0.280	0.021	0.340
0.154	0.295	0.190	0.361
0.039	0.562	0.342	0.057
0.045	0.095	0.036	0.824
0.078	0.087	0.108	0.727
0.823	0.054	0.085	0.038
0.039	0.073	0.050	0.838
0.144	0.761	0.048	0.047
0.425	0.057	0.004	0.514
>GCCACACCAT	3-GCCACACCAT	8.670220	-43.160827	0	T:248.0(2.87%),B:54.4(0.87%),P:1e-18	Tpos:153.0,Tstd:94.3,Bpos:132.2,Bstd:118.3,StrandBias:0.1,Multiplicity:1.01
0.001	0.001	0.997	0.001
0.001	0.807	0.053	0.139
0.001	0.997	0.001	0.001
0.839	0.085	0.001	0.075
0.166	0.823	0.001	0.010
0.919	0.039	0.021	0.021
0.001	0.924	0.001	0.074
0.016	0.898	0.021	0.065
0.909	0.052	0.001	0.038
0.039	0.032	0.033	0.896
>GGRATTAYGG	4-GGRATTAYGG	6.791759	-42.176110	0	T:485.0(5.61%),B:167.8(2.69%),P:1e-18	Tpos:142.8,Tstd:94.6,Bpos:148.5,Bstd:113.7,StrandBias:-0.1,Multiplicity:1.06
0.293	0.001	0.696	0.010
0.332	0.013	0.568	0.087
0.454	0.082	0.436	0.028
0.698	0.128	0.001	0.173
0.087	0.160	0.117	0.636
0.033	0.055	0.150	0.762
0.466	0.152	0.174	0.209
0.172	0.261	0.188	0.378
0.316	0.060	0.478	0.147
0.143	0.052	0.673	0.132
>GCATGGCCAA	5-GCATGGCCAA	7.472793	-41.889668	0	T:513.0(5.94%),B:182.7(2.93%),P:1e-18	Tpos:146.3,Tstd:100.9,Bpos:164.6,Bstd:102.9,StrandBias:-0.0,Multiplicity:1.09
0.265	0.113	0.504	0.118
0.105	0.683	0.039	0.173
0.679	0.181	0.123	0.017
0.017	0.001	0.001	0.981
0.202	0.003	0.794	0.001
0.145	0.064	0.604	0.187
0.007	0.710	0.264	0.019
0.183	0.503	0.001	0.313
0.605	0.021	0.137	0.237
0.751	0.031	0.201	0.017
>BADATSTCAT	6-BADATSTCAT	5.620304	-41.161883	0	T:1337.0(15.47%),B:660.5(10.58%),P:1e-17	Tpos:146.7,Tstd:92.1,Bpos:139.9,Bstd:110.2,StrandBias:0.1,Multiplicity:1.19
0.186	0.354	0.226	0.234
0.535	0.043	0.043	0.379
0.241	0.110	0.286	0.362
0.506	0.147	0.293	0.054
0.060	0.053	0.053	0.834
0.062	0.471	0.324	0.143
0.350	0.038	0.023	0.589
0.049	0.483	0.289	0.179
0.484	0.164	0.037	0.314
0.169	0.188	0.077	0.566
>GGGGTTTCCC	7-GGGGTTTCCC	7.439674	-38.628389	0	T:844.0(9.77%),B:373.7(5.99%),P:1e-16	Tpos:143.5,Tstd:88.1,Bpos:140.2,Bstd:99.8,StrandBias:-0.0,Multiplicity:1.11
0.061	0.028	0.848	0.063
0.042	0.024	0.818	0.116
0.062	0.068	0.801	0.069
0.130	0.086	0.656	0.128
0.121	0.095	0.077	0.707
0.038	0.035	0.038	0.889
0.052	0.089	0.081	0.778
0.045	0.837	0.052	0.066
0.060	0.830	0.041	0.069
0.064	0.839	0.033	0.064
>TAARCCTCCY	8-TAARCCTCCY	7.641942	-38.284638	0	T:373.0(4.32%),B:118.8(1.90%),P:1e-16	Tpos:148.7,Tstd:100.2,Bpos:139.8,Bstd:107.9,StrandBias:-0.3,Multiplicity:1.03
0.001	0.273	0.001	0.725
0.634	0.216	0.001	0.149
0.692	0.088	0.053	0.167
0.317	0.209	0.367	0.107
0.155	0.691	0.001	0.153
0.001	0.866	0.001	0.132
0.126	0.127	0.001	0.746
0.001	0.618	0.191	0.190
0.151	0.510	0.002	0.337
0.190	0.396	0.042	0.372
>SWGDTYAGGA	9-SWGDTYAGGA	6.150733	-37.252751	0	T:326.0(3.77%),B:97.8(1.57%),P:1e-16	Tpos:145.6,Tstd:92.7,Bpos:135.0,Bstd:94.5,StrandBias:0.3,Multiplicity:1.10
0.142	0.294	0.413	0.151
0.519	0.090	0.007	0.384
0.147	0.265	0.481	0.107
0.235	0.139	0.242	0.384
0.048	0.324	0.008	0.620
0.008	0.460	0.190	0.342
0.636	0.050	0.163	0.151
0.295	0.045	0.517	0.143
0.012	0.269	0.630	0.089
0.439	0.244	0.069	0.248
>CATGWGAWCC	10-CATGWGAWCC	8.208870	-37.049588	0	T:163.0(1.89%),B:27.1(0.43%),P:1e-16	Tpos:132.9,Tstd:76.6,Bpos:152.1,Bstd:87.5,StrandBias:-0.0,Multiplicity:1.02
0.261	0.732	0.006	0.001
0.733	0.001	0.100	0.166
0.314	0.071	0.001	0.614
0.001	0.346	0.648	0.005
0.531	0.005	0.001	0.463
0.187	0.138	0.666	0.009
0.492	0.001	0.235	0.271
0.475	0.030	0.132	0.363
0.001	0.718	0.029	0.252
0.314	0.664	0.001	0.021
>CTCACAATCA	11-CTCACAATCA	9.080087	-31.639256	0	T:267.0(3.09%),B:78.0(1.25%),P:1e-13	Tpos:131.9,Tstd:81.7,Bpos:127.2,Bstd:100.9,StrandBias:0.5,Multiplicity:1.04
0.001	0.997	0.001	0.001
0.047	0.038	0.001	0.914
0.001	0.760	0.042	0.197
0.979	0.010	0.010	0.001
0.082	0.844	0.073	0.001
0.812	0.031	0.011	0.146
0.954	0.001	0.001	0.044
0.039	0.034	0.031	0.896
0.001	0.943	0.001	0.055
0.997	0.001	0.001	0.001
>GAAACTGAAA	12-GAAACTGAAA	8.718788	-31.472829	0	T:955.0(11.05%),B:462.9(7.42%),P:1e-13	Tpos:146.8,Tstd:89.5,Bpos:136.2,Bstd:98.6,StrandBias:-0.0,Multiplicity:1.15
0.001	0.036	0.962	0.001
0.829	0.001	0.001	0.169
0.837	0.001	0.106	0.056
0.853	0.001	0.145	0.001
0.001	0.618	0.380	0.001
0.233	0.001	0.001	0.765
0.170	0.002	0.827	0.001
0.605	0.001	0.393	0.001
0.699	0.001	0.277	0.023
0.767	0.001	0.231	0.001
>STTGAMTTGT	13-STTGAMTTGT	8.147817	-30.119415	0	T:132.0(1.53%),B:22.8(0.36%),P:1e-13	Tpos:158.6,Tstd:103.3,Bpos:180.8,Bstd:108.0,StrandBias:-0.0,Multiplicity:1.00
0.001	0.449	0.549	0.001
0.001	0.001	0.013	0.985
0.001	0.001	0.012	0.986
0.013	0.001	0.985	0.001
0.997	0.001	0.001	0.001
0.551	0.447	0.001	0.001
0.001	0.049	0.001	0.949
0.001	0.001	0.001	0.997
0.001	0.001	0.997	0.001
0.003	0.001	0.001	0.995
>TCCCACAAGA	14-TCCCACAAGA	7.664119	-28.809526	0	T:219.0(2.53%),B:60.9(0.98%),P:1e-12	Tpos:141.9,Tstd:87.1,Bpos:135.8,Bstd:85.3,StrandBias:-0.0,Multiplicity:1.06
0.213	0.024	0.174	0.589
0.157	0.483	0.200	0.160
0.041	0.882	0.026	0.051
0.208	0.751	0.006	0.035
0.655	0.061	0.040	0.244
0.043	0.682	0.049	0.226
0.648	0.176	0.026	0.150
0.489	0.041	0.216	0.254
0.079	0.158	0.617	0.146
0.574	0.182	0.216	0.028
>CTTCTTTACA	15-CTTCTTTACA	9.084005	-27.879638	0	T:216.0(2.50%),B:60.8(0.97%),P:1e-12	Tpos:136.4,Tstd:89.7,Bpos:136.5,Bstd:89.7,StrandBias:-0.3,Multiplicity:1.01
0.021	0.878	0.030	0.071
0.021	0.001	0.010	0.968
0.021	0.001	0.021	0.957
0.029	0.904	0.052	0.015
0.014	0.036	0.001	0.949
0.068	0.001	0.001	0.930
0.052	0.030	0.069	0.849
0.887	0.111	0.001	0.001
0.074	0.924	0.001	0.001
0.858	0.083	0.010	0.049
>TTATAAAACC	16-TTATAAAACC	9.850831	-23.715956	0	T:128.0(1.48%),B:27.7(0.44%),P:1e-10	Tpos:154.1,Tstd:83.6,Bpos:135.1,Bstd:99.4,StrandBias:0.2,Multiplicity:1.01
0.001	0.089	0.080	0.830
0.001	0.001	0.122	0.876
0.997	0.001	0.001	0.001
0.001	0.001	0.001	0.997
0.992	0.001	0.001	0.006
0.997	0.001	0.001	0.001
0.969	0.001	0.029	0.001
0.913	0.001	0.085	0.001
0.001	0.997	0.001	0.001
0.001	0.959	0.039	0.001
>CTCTCAATCT	17-CTCTCAATCT	7.112667	-21.658409	0	T:127.0(1.47%),B:29.4(0.47%),P:1e-9	Tpos:142.3,Tstd:91.2,Bpos:123.7,Bstd:106.0,StrandBias:-0.1,Multiplicity:1.03
0.001	0.796	0.202	0.001
0.001	0.001	0.001	0.997
0.001	0.976	0.022	0.001
0.001	0.001	0.001	0.997
0.001	0.997	0.001	0.001
0.997	0.001	0.001	0.001
0.729	0.001	0.001	0.269
0.001	0.001	0.001	0.997
0.001	0.997	0.001	0.001
0.001	0.001	0.001	0.997
>CATGTAAGAC	18-CATGTAAGAC	8.475557	-21.582595	0	T:86.0(1.00%),B:13.6(0.22%),P:1e-9	Tpos:142.7,Tstd:85.6,Bpos:183.2,Bstd:72.2,StrandBias:0.4,Multiplicity:1.00
0.001	0.902	0.027	0.070
0.740	0.130	0.006	0.124
0.168	0.156	0.218	0.458
0.001	0.020	0.966	0.013
0.028	0.122	0.051	0.799
0.581	0.136	0.276	0.007
0.709	0.054	0.007	0.230
0.072	0.264	0.543	0.121
0.463	0.094	0.161	0.281
0.034	0.577	0.285	0.104
>CGAATCACCT	19-CGAATCACCT	7.451527	-21.552679	0	T:518.0(6.00%),B:236.4(3.79%),P:1e-9	Tpos:144.2,Tstd:99.3,Bpos:140.6,Bstd:113.7,StrandBias:0.1,Multiplicity:1.02
0.083	0.637	0.170	0.110
0.102	0.163	0.673	0.062
0.825	0.066	0.079	0.030
0.789	0.061	0.119	0.031
0.068	0.021	0.109	0.802
0.030	0.845	0.054	0.071
0.832	0.077	0.030	0.061
0.089	0.816	0.041	0.054
0.042	0.916	0.012	0.030
0.034	0.068	0.024	0.874
>CTATGCCATA	20-CTATGCCATA	9.408906	-20.213159	0	T:47.0(0.54%),B:2.4(0.04%),P:1e-8	Tpos:136.4,Tstd:96.0,Bpos:116.4,Bstd:29.6,StrandBias:-0.2,Multiplicity:1.10
0.001	0.852	0.107	0.040
0.001	0.106	0.001	0.892
0.823	0.004	0.163	0.010
0.001	0.106	0.001	0.892
0.160	0.001	0.838	0.001
0.106	0.892	0.001	0.001
0.040	0.941	0.001	0.018
0.959	0.001	0.039	0.001
0.040	0.001	0.107	0.852
0.892	0.001	0.106	0.001
>AGTAAGAGGT	21-AGTAAGAGGT	9.918799	-19.748586	0	T:112.0(1.30%),B:25.2(0.40%),P:1e-8	Tpos:129.2,Tstd:90.8,Bpos:172.3,Bstd:165.2,StrandBias:0.3,Multiplicity:1.08
0.968	0.012	0.001	0.019
0.028	0.011	0.957	0.004
0.111	0.001	0.225	0.663
0.889	0.033	0.001	0.077
0.916	0.001	0.027	0.056
0.051	0.019	0.917	0.013
0.995	0.001	0.003	0.001
0.001	0.012	0.986	0.001
0.001	0.081	0.917	0.001
0.126	0.029	0.001	0.844
>GTGGTCACTG	22-GTGGTCACTG	10.071466	-19.748586	0	T:112.0(1.30%),B:25.7(0.41%),P:1e-8	Tpos:149.8,Tstd:99.2,Bpos:127.4,Bstd:69.3,StrandBias:-0.1,Multiplicity:1.01
0.001	0.001	0.713	0.285
0.001	0.001	0.001	0.997
0.001	0.066	0.932	0.001
0.001	0.001	0.997	0.001
0.001	0.001	0.001	0.997
0.001	0.997	0.001	0.001
0.673	0.325	0.001	0.001
0.198	0.800	0.001	0.001
0.094	0.001	0.001	0.904
0.001	0.001	0.997	0.001
>GCAGGTTAGG	23-GCAGGTTAGG	8.736407	-18.126358	0	T:130.0(1.50%),B:35.2(0.56%),P:1e-7	Tpos:147.8,Tstd:96.0,Bpos:156.9,Bstd:85.3,StrandBias:0.1,Multiplicity:1.01
0.073	0.018	0.873	0.036
0.054	0.909	0.001	0.036
0.981	0.001	0.001	0.017
0.001	0.018	0.945	0.036
0.036	0.054	0.883	0.027
0.040	0.018	0.053	0.889
0.040	0.032	0.110	0.818
0.885	0.018	0.096	0.001
0.039	0.001	0.851	0.109
0.035	0.001	0.963	0.001
>CTGATTGGTT	24-CTGATTGGTT	7.263136	-18.097827	0	T:654.0(7.57%),B:330.4(5.29%),P:1e-7	Tpos:137.7,Tstd:94.4,Bpos:146.3,Bstd:99.5,StrandBias:0.1,Multiplicity:1.22
0.112	0.698	0.131	0.059
0.079	0.043	0.029	0.849
0.058	0.094	0.789	0.059
0.771	0.106	0.081	0.042
0.125	0.053	0.047	0.775
0.032	0.027	0.102	0.839
0.053	0.039	0.814	0.094
0.060	0.060	0.862	0.018
0.058	0.112	0.059	0.771
0.038	0.058	0.068	0.836
>CTTTATCTAT	25-CTTTATCTAT	9.358035	-17.225648	0	T:100.0(1.16%),B:23.1(0.37%),P:1e-7	Tpos:148.0,Tstd:106.7,Bpos:121.6,Bstd:107.0,StrandBias:-0.3,Multiplicity:1.01
0.001	0.997	0.001	0.001
0.001	0.001	0.001	0.997
0.021	0.070	0.001	0.908
0.001	0.001	0.001	0.997
0.997	0.001	0.001	0.001
0.001	0.001	0.001	0.997
0.153	0.845	0.001	0.001
0.140	0.015	0.085	0.760
0.978	0.020	0.001	0.001
0.001	0.001	0.001	0.997
>SHHMTGASTCA	1-SHHMTGASTCA	5.642346	-142.450547	0	T:2983.0(34.53%),B:1376.4(22.05%),P:1e-61	Tpos:139.8,Tstd:79.5,Bpos:134.5,Bstd:95.6,StrandBias:-0.0,Multiplicity:1.21
0.208	0.365	0.240	0.187
0.325	0.298	0.148	0.229
0.339	0.239	0.121	0.301
0.418	0.351	0.226	0.005
0.001	0.001	0.001	0.997
0.001	0.001	0.997	0.001
0.997	0.001	0.001	0.001
0.012	0.510	0.369	0.109
0.001	0.001	0.001	0.997
0.001	0.997	0.001	0.001
0.997	0.001	0.001	0.001
>AATCATGGGGG	2-AATCATGGGGG	9.035483	-50.898641	0	T:301.0(3.48%),B:67.1(1.07%),P:1e-22	Tpos:148.4,Tstd:88.1,Bpos:132.6,Bstd:88.5,StrandBias:0.0,Multiplicity:1.28
0.796	0.001	0.148	0.055
0.726	0.079	0.166	0.029
0.048	0.047	0.036	0.869
0.009	0.728	0.018	0.245
0.899	0.046	0.001	0.054
0.036	0.018	0.001	0.945
0.148	0.019	0.815	0.018
0.171	0.009	0.764	0.056
0.102	0.093	0.644	0.161
0.410	0.010	0.571	0.009
0.155	0.148	0.629	0.068
>ATCTYATCTTG	3-ATCTYATCTTG	7.930104	-46.485691	0	T:554.0(6.41%),B:194.4(3.11%),P:1e-20	Tpos:146.4,Tstd:98.7,Bpos:147.8,Bstd:99.8,StrandBias:0.0,Multiplicity:1.03
0.775	0.175	0.049	0.001
0.001	0.090	0.023	0.886
0.001	0.997	0.001	0.001
0.047	0.051	0.080	0.822
0.001	0.547	0.006	0.446
0.803	0.001	0.001	0.195
0.051	0.198	0.001	0.750
0.068	0.905	0.026	0.001
0.218	0.296	0.001	0.485
0.001	0.023	0.034	0.942
0.050	0.114	0.835	0.001
>ATCTCATGAGA	4-ATCTCATGAGA	9.856524	-41.208990	0	T:187.0(2.16%),B:32.6(0.52%),P:1e-17	Tpos:144.5,Tstd:80.9,Bpos:119.1,Bstd:103.1,StrandBias:0.1,Multiplicity:1.05
0.554	0.176	0.164	0.106
0.001	0.001	0.001	0.997
0.002	0.672	0.121	0.205
0.001	0.081	0.001	0.917
0.001	0.856	0.021	0.122
0.704	0.001	0.093	0.202
0.122	0.001	0.001	0.876
0.001	0.001	0.997	0.001
0.835	0.001	0.082	0.082
0.048	0.001	0.869	0.082
0.834	0.001	0.164	0.001
>TAAAACCATMM	5-TAAAACCATMM	10.957437	-40.156801	0	T:132.0(1.53%),B:14.6(0.23%),P:1e-17	Tpos:140.1,Tstd:72.8,Bpos:149.0,Bstd:53.3,StrandBias:0.2,Multiplicity:1.00
0.001	0.001	0.001	0.997
0.612	0.196	0.191	0.001
0.997	0.001	0.001	0.001
0.997	0.001	0.001	0.001
0.997	0.001	0.001	0.001
0.001	0.997	0.001	0.001
0.001	0.997	0.001	0.001
0.997	0.001	0.001	0.001
0.001	0.048	0.001	0.950
0.549	0.445	0.005	0.001
0.426	0.519	0.054	0.001
>RAGAGATAAGA	6-RAGAGATAAGA	10.304768	-38.098633	0	T:91.0(1.05%),B:4.9(0.08%),P:1e-16	Tpos:162.7,Tstd:101.5,Bpos:124.3,Bstd:63.0,StrandBias:-0.1,Multiplicity:1.01
0.384	0.081	0.332	0.203
0.997	0.001	0.001	0.001
0.143	0.001	0.855	0.001
0.658	0.001	0.001	0.340
0.001	0.001	0.997	0.001
0.997	0.001	0.001	0.001
0.001	0.001	0.001	0.997
0.997	0.001	0.001	0.001
0.737	0.001	0.048	0.214
0.001	0.001	0.997	0.001
0.997	0.001	0.001	0.001
>TGGGGMAAACC	7-TGGGGMAAACC	7.701883	-36.790977	0	T:891.0(10.31%),B:406.8(6.52%),P:1e-15	Tpos:142.1,Tstd:87.7,Bpos:144.1,Bstd:99.9,StrandBias:0.0,Multiplicity:1.10
0.101	0.001	0.001	0.897
0.018	0.001	0.935	0.046
0.046	0.001	0.763	0.190
0.001	0.001	0.865	0.133
0.154	0.042	0.727	0.077
0.418	0.366	0.215	0.001
0.761	0.105	0.001	0.133
0.760	0.001	0.166	0.073
0.474	0.277	0.153	0.097
0.037	0.864	0.098	0.001
0.087	0.859	0.001	0.053
>CTGTYCTCACG	8-CTGTYCTCACG	9.654870	-35.637389	0	T:256.0(2.96%),B:67.2(1.08%),P:1e-15	Tpos:142.7,Tstd:86.0,Bpos:129.3,Bstd:74.7,StrandBias:-0.2,Multiplicity:1.02
0.001	0.724	0.141	0.134
0.001	0.001	0.001	0.997
0.001	0.001	0.997	0.001
0.001	0.141	0.269	0.589
0.001	0.411	0.067	0.521
0.001	0.997	0.001	0.001
0.001	0.001	0.001	0.997
0.001	0.835	0.001	0.163
0.492	0.202	0.305	0.001
0.001	0.578	0.001	0.420
0.154	0.001	0.844	0.001
>GGAGRTAATTG	9-GGAGRTAATTG	10.716851	-34.533300	0	T:113.0(1.31%),B:12.3(0.20%),P:1e-14	Tpos:145.9,Tstd:80.1,Bpos:147.7,Bstd:39.9,StrandBias:-0.2,Multiplicity:1.00
0.137	0.043	0.819	0.001
0.129	0.032	0.838	0.001
0.956	0.001	0.001	0.042
0.183	0.001	0.815	0.001
0.551	0.001	0.447	0.001
0.128	0.001	0.001	0.870
0.676	0.043	0.280	0.001
0.956	0.001	0.001	0.042
0.001	0.032	0.114	0.853
0.086	0.001	0.137	0.776
0.001	0.113	0.885	0.001
>TGAGTTCAGGA	10-TGAGTTCAGGA	9.822682	-32.767829	0	T:211.0(2.44%),B:51.9(0.83%),P:1e-14	Tpos:147.9,Tstd:94.3,Bpos:157.9,Bstd:79.3,StrandBias:0.3,Multiplicity:1.04
0.001	0.001	0.053	0.945
0.001	0.029	0.916	0.054
0.862	0.001	0.001	0.136
0.014	0.107	0.878	0.001
0.278	0.001	0.075	0.646
0.001	0.407	0.001	0.591
0.001	0.891	0.054	0.054
0.945	0.001	0.053	0.001
0.054	0.054	0.891	0.001
0.001	0.053	0.945	0.001
0.951	0.001	0.001	0.047
>CCCTCCAACAA	11-CCCTCCAACAA	7.222355	-29.814900	0	T:314.0(3.63%),B:104.6(1.68%),P:1e-12	Tpos:148.9,Tstd:94.1,Bpos:138.4,Bstd:86.5,StrandBias:-0.2,Multiplicity:1.03
0.194	0.515	0.133	0.158
0.127	0.681	0.040	0.152
0.182	0.586	0.046	0.186
0.123	0.157	0.054	0.666
0.109	0.642	0.137	0.112
0.154	0.715	0.036	0.095
0.488	0.320	0.053	0.139
0.524	0.149	0.225	0.102
0.195	0.534	0.184	0.087
0.633	0.220	0.066	0.081
0.492	0.159	0.196	0.152
>CTGGGGAGGCC	12-CTGGGGAGGCC	10.500992	-28.518162	0	T:117.0(1.35%),B:18.4(0.29%),P:1e-12	Tpos:139.2,Tstd:86.9,Bpos:129.3,Bstd:139.7,StrandBias:0.3,Multiplicity:1.01
0.001	0.974	0.001	0.024
0.103	0.014	0.001	0.882
0.001	0.001	0.997	0.001
0.001	0.001	0.948	0.050
0.001	0.017	0.915	0.067
0.001	0.033	0.965	0.001
0.982	0.001	0.016	0.001
0.096	0.001	0.902	0.001
0.101	0.001	0.865	0.033
0.001	0.997	0.001	0.001
0.001	0.997	0.001	0.001
>ACATGGTAGCA	13-ACATGGTAGCA	9.126145	-28.480213	0	T:151.0(1.75%),B:31.6(0.51%),P:1e-12	Tpos:152.7,Tstd:92.3,Bpos:155.0,Bstd:95.8,StrandBias:-0.3,Multiplicity:1.01
0.795	0.067	0.087	0.051
0.047	0.852	0.056	0.045
0.847	0.068	0.034	0.051
0.058	0.028	0.068	0.846
0.039	0.023	0.845	0.093
0.073	0.061	0.776	0.090
0.065	0.090	0.056	0.789
0.758	0.023	0.179	0.040
0.090	0.034	0.808	0.068
0.056	0.869	0.041	0.034
0.824	0.068	0.023	0.085
>TTATTCACTAC	14-TTATTCACTAC	11.005048	-27.153673	0	T:65.0(0.75%),B:3.2(0.05%),P:1e-11	Tpos:151.7,Tstd:67.9,Bpos:118.2,Bstd:20.4,StrandBias:0.4,Multiplicity:1.00
0.001	0.001	0.021	0.977
0.001	0.021	0.001	0.977
0.956	0.001	0.042	0.001
0.001	0.113	0.001	0.885
0.001	0.001	0.001	0.997
0.001	0.957	0.021	0.021
0.997	0.001	0.001	0.001
0.001	0.913	0.001	0.085
0.001	0.001	0.001	0.997
0.977	0.021	0.001	0.001
0.021	0.977	0.001	0.001
>TGTAATCCCAG	15-TGTAATCCCAG	8.692963	-26.524430	0	T:484.0(5.60%),B:202.5(3.24%),P:1e-11	Tpos:144.1,Tstd:100.0,Bpos:141.2,Bstd:106.6,StrandBias:0.0,Multiplicity:1.10
0.028	0.007	0.047	0.918
0.043	0.054	0.856	0.047
0.120	0.073	0.035	0.772
0.776	0.066	0.087	0.071
0.766	0.052	0.082	0.100
0.067	0.085	0.068	0.780
0.074	0.807	0.052	0.067
0.112	0.710	0.033	0.145
0.043	0.903	0.009	0.045
0.870	0.054	0.009	0.067
0.049	0.041	0.853	0.057
>TATGGTTTGGC	16-TATGGTTTGGC	10.522357	-26.129755	0	T:127.0(1.47%),B:24.6(0.39%),P:1e-11	Tpos:160.2,Tstd:109.7,Bpos:126.8,Bstd:98.8,StrandBias:0.1,Multiplicity:1.02
0.001	0.036	0.001	0.962
0.722	0.018	0.242	0.018
0.018	0.018	0.001	0.963
0.036	0.001	0.962	0.001
0.001	0.017	0.981	0.001
0.001	0.001	0.017	0.981
0.001	0.001	0.001	0.997
0.018	0.001	0.018	0.963
0.017	0.001	0.981	0.001
0.055	0.001	0.928	0.016
0.001	0.944	0.001	0.054
>CTTAGTCATGC	17-CTTAGTCATGC	10.026133	-24.883415	0	T:91.0(1.05%),B:12.7(0.20%),P:1e-10	Tpos:144.5,Tstd:93.1,Bpos:122.9,Bstd:78.3,StrandBias:-0.4,Multiplicity:1.13
0.017	0.637	0.197	0.149
0.001	0.026	0.001	0.972
0.307	0.001	0.001	0.691
0.795	0.001	0.203	0.001
0.106	0.001	0.822	0.071
0.001	0.001	0.001	0.997
0.001	0.595	0.001	0.403
0.883	0.115	0.001	0.001
0.001	0.001	0.001	0.997
0.001	0.293	0.705	0.001
0.257	0.492	0.250	0.002
>GTCCACATGAC	18-GTCCACATGAC	8.948339	-23.856313	0	T:73.0(0.84%),B:7.5(0.12%),P:1e-10	Tpos:151.5,Tstd:94.8,Bpos:180.3,Bstd:124.0,StrandBias:-0.5,Multiplicity:1.05
0.072	0.114	0.744	0.070
0.095	0.060	0.107	0.738
0.061	0.817	0.053	0.069
0.128	0.834	0.008	0.030
0.901	0.046	0.023	0.030
0.031	0.795	0.076	0.098
0.863	0.060	0.039	0.038
0.023	0.001	0.046	0.930
0.091	0.054	0.802	0.053
0.825	0.076	0.060	0.039
0.069	0.764	0.084	0.083
>ATGTGTCATTC	19-ATGTGTCATTC	10.570718	-22.304819	0	T:79.0(0.91%),B:10.2(0.16%),P:1e-9	Tpos:130.9,Tstd:76.4,Bpos:144.2,Bstd:87.9,StrandBias:0.3,Multiplicity:1.03
0.874	0.051	0.024	0.051
0.023	0.001	0.023	0.953
0.001	0.001	0.948	0.050
0.001	0.023	0.001	0.975
0.024	0.071	0.811	0.094
0.001	0.001	0.001	0.997
0.001	0.975	0.023	0.001
0.929	0.001	0.023	0.047
0.023	0.001	0.023	0.953
0.001	0.070	0.001	0.928
0.141	0.790	0.068	0.001
>ATGAGTAATGC	20-ATGAGTAATGC	9.279697	-21.644373	0	T:161.0(1.86%),B:44.5(0.71%),P:1e-9	Tpos:125.0,Tstd:76.6,Bpos:142.6,Bstd:87.4,StrandBias:-0.3,Multiplicity:1.02
0.817	0.088	0.041	0.054
0.059	0.001	0.048	0.892
0.036	0.059	0.857	0.048
0.921	0.001	0.042	0.036
0.057	0.049	0.876	0.018
0.059	0.084	0.054	0.803
0.793	0.036	0.099	0.072
0.845	0.053	0.060	0.042
0.097	0.054	0.114	0.735
0.067	0.023	0.796	0.114
0.113	0.678	0.055	0.154
>TRGTCACCTGC	21-TRGTCACCTGC	7.565144	-21.131900	0	T:67.0(0.78%),B:7.8(0.13%),P:1e-9	Tpos:135.4,Tstd:83.4,Bpos:119.4,Bstd:93.1,StrandBias:-0.7,Multiplicity:1.23
0.035	0.001	0.001	0.963
0.428	0.001	0.570	0.001
0.001	0.142	0.856	0.001
0.001	0.001	0.001	0.997
0.001	0.997	0.001	0.001
0.997	0.001	0.001	0.001
0.001	0.997	0.001	0.001
0.001	0.997	0.001	0.001
0.001	0.001	0.001	0.997
0.001	0.001	0.749	0.249
0.001	0.997	0.001	0.001
>TAAGATTGTGG	22-TAAGATTGTGG	8.273019	-19.009333	0	T:85.0(0.98%),B:15.1(0.24%),P:1e-8	Tpos:148.4,Tstd:89.7,Bpos:174.1,Bstd:134.8,StrandBias:-0.1,Multiplicity:1.02
0.126	0.100	0.099	0.675
0.698	0.101	0.104	0.097
0.771	0.039	0.091	0.099
0.100	0.086	0.737	0.077
0.670	0.104	0.093	0.133
0.107	0.120	0.110	0.663
0.086	0.038	0.099	0.777
0.092	0.097	0.714	0.097
0.088	0.031	0.073	0.808
0.085	0.031	0.795	0.089
0.116	0.081	0.692	0.111
>CAGGATAAGTC	23-CAGGATAAGTC	7.587731	-16.928794	0	T:77.0(0.89%),B:14.6(0.23%),P:1e-7	Tpos:147.0,Tstd:92.6,Bpos:135.4,Bstd:68.9,StrandBias:0.1,Multiplicity:1.01
0.106	0.614	0.213	0.067
0.747	0.004	0.001	0.248
0.189	0.002	0.589	0.220
0.124	0.109	0.610	0.157
0.571	0.160	0.122	0.147
0.096	0.207	0.129	0.568
0.511	0.189	0.107	0.193
0.618	0.053	0.117	0.212
0.185	0.182	0.526	0.107
0.084	0.108	0.094	0.714
0.173	0.573	0.068	0.186
>CATCACACGGA	24-CATCACACGGA	8.131523	-12.842393	0	T:39.0(0.45%),B:4.8(0.08%),P:1e-5	Tpos:130.9,Tstd:117.1,Bpos:220.1,Bstd:83.6,StrandBias:0.2,Multiplicity:1.03
0.129	0.645	0.117	0.109
0.678	0.121	0.077	0.124
0.117	0.118	0.115	0.650
0.125	0.635	0.136	0.104
0.695	0.116	0.062	0.127
0.119	0.655	0.128	0.098
0.703	0.117	0.071	0.109
0.165	0.508	0.159	0.168
0.200	0.096	0.527	0.177
0.126	0.127	0.630	0.117
0.675	0.117	0.105	0.103
>ATATATATGTC	25-ATATATATGTC	9.046407	-6.749663	0	T:56.0(0.65%),B:18.6(0.30%),P:1e-2	Tpos:119.8,Tstd:82.5,Bpos:155.3,Bstd:81.0,StrandBias:0.2,Multiplicity:1.48
0.862	0.042	0.042	0.054
0.042	0.095	0.084	0.779
0.812	0.036	0.087	0.065
0.042	0.072	0.048	0.838
0.757	0.060	0.114	0.069
0.048	0.030	0.042	0.880
0.794	0.072	0.096	0.038
0.042	0.018	0.042	0.898
0.041	0.057	0.813	0.089
0.092	0.059	0.039	0.810
0.049	0.771	0.096	0.084
>TGASTCABHNNN	1-TGASTCABHNNN	7.756127	-118.110673	0	T:2752.0(31.85%),B:1296.6(20.77%),P:1e-51	Tpos:140.1,Tstd:78.1,Bpos:135.3,Bstd:97.3,StrandBias:0.0,Multiplicity:2.04
0.001	0.001	0.001	0.997
0.001	0.001	0.997	0.001
0.997	0.001	0.001	0.001
0.163	0.346	0.487	0.004
0.001	0.001	0.001	0.997
0.001	0.997	0.001	0.001
0.997	0.001	0.001	0.001
0.154	0.346	0.200	0.300
0.273	0.247	0.139	0.341
0.245	0.282	0.200	0.273
0.221	0.229	0.215	0.335
0.218	0.250	0.225	0.307
>BAATCATGGKRG	2-BAATCATGGKRG	8.162047	-45.737799	0	T:436.0(5.05%),B:136.8(2.19%),P:1e-19	Tpos:144.6,Tstd:85.8,Bpos:142.2,Bstd:114.8,StrandBias:-0.1,Multiplicity:1.24
0.118	0.265	0.333	0.284
0.788	0.045	0.166	0.001
0.903	0.023	0.073	0.001
0.023	0.023	0.001	0.953
0.068	0.649	0.023	0.260
0.929	0.068	0.002	0.001
0.001	0.001	0.001	0.997
0.052	0.095	0.757	0.096
0.146	0.025	0.828	0.001
0.095	0.116	0.331	0.459
0.427	0.023	0.429	0.120
0.115	0.024	0.741	0.120
>ATCTCATCTTGA	3-ATCTCATCTTGA	11.849581	-43.549471	0	T:122.0(1.41%),B:9.8(0.16%),P:1e-18	Tpos:165.1,Tstd:106.4,Bpos:105.1,Bstd:82.9,StrandBias:-0.1,Multiplicity:1.00
0.955	0.015	0.015	0.015
0.001	0.001	0.014	0.984
0.001	0.997	0.001	0.001
0.001	0.015	0.015	0.969
0.001	0.984	0.001	0.014
0.984	0.001	0.001	0.014
0.015	0.129	0.001	0.855
0.001	0.939	0.059	0.001
0.029	0.029	0.001	0.941
0.015	0.030	0.015	0.940
0.001	0.001	0.984	0.014
0.955	0.015	0.015	0.015
>GDTCTCATGAGA	4-GDTCTCATGAGA	8.115277	-42.962238	0	T:546.0(6.32%),B:197.4(3.16%),P:1e-18	Tpos:145.1,Tstd:89.0,Bpos:141.2,Bstd:117.7,StrandBias:0.2,Multiplicity:1.07
0.266	0.061	0.602	0.071
0.405	0.055	0.260	0.280
0.095	0.089	0.082	0.734
0.020	0.641	0.076	0.263
0.102	0.006	0.001	0.891
0.001	0.757	0.162	0.080
0.681	0.163	0.047	0.109
0.055	0.020	0.048	0.877
0.041	0.115	0.831	0.013
0.985	0.001	0.001	0.013
0.109	0.133	0.738	0.020
0.888	0.068	0.030	0.014
>TWTRAAACCATC	5-TWTRAAACCATC	9.787913	-41.637913	0	T:118.0(1.37%),B:9.9(0.16%),P:1e-18	Tpos:143.2,Tstd:75.0,Bpos:150.7,Bstd:58.6,StrandBias:0.0,Multiplicity:1.00
0.102	0.125	0.203	0.570
0.385	0.169	0.097	0.350
0.148	0.047	0.045	0.760
0.424	0.204	0.307	0.064
0.705	0.011	0.023	0.261
0.640	0.042	0.252	0.066
0.612	0.032	0.303	0.053
0.051	0.612	0.271	0.066
0.026	0.701	0.001	0.272
0.658	0.310	0.002	0.030
0.001	0.278	0.049	0.672
0.049	0.805	0.051	0.095
>GAACAGTATGGG	6-GAACAGTATGGG	10.621835	-39.898679	0	T:144.0(1.67%),B:18.9(0.30%),P:1e-17	Tpos:135.0,Tstd:73.9,Bpos:140.4,Bstd:85.7,StrandBias:0.1,Multiplicity:1.01
0.001	0.069	0.929	0.001
0.827	0.138	0.034	0.001
0.925	0.005	0.069	0.001
0.036	0.824	0.105	0.035
0.994	0.001	0.001	0.004
0.001	0.070	0.895	0.034
0.040	0.220	0.120	0.620
0.683	0.041	0.240	0.036
0.035	0.001	0.105	0.859
0.075	0.001	0.820	0.104
0.253	0.001	0.637	0.109
0.001	0.034	0.964	0.001
>TCCCCAGCCATG	7-TCCCCAGCCATG	10.540449	-32.742782	0	T:109.0(1.26%),B:12.9(0.21%),P:1e-14	Tpos:130.9,Tstd:93.8,Bpos:173.1,Bstd:80.6,StrandBias:-0.8,Multiplicity:1.05
0.001	0.001	0.001	0.997
0.001	0.684	0.190	0.125
0.001	0.997	0.001	0.001
0.001	0.931	0.001	0.067
0.001	0.772	0.001	0.226
0.772	0.001	0.226	0.001
0.001	0.001	0.997	0.001
0.001	0.997	0.001	0.001
0.001	0.997	0.001	0.001
0.888	0.110	0.001	0.001
0.001	0.322	0.001	0.676
0.001	0.001	0.997	0.001
>ACATGGTDGCAG	8-ACATGGTDGCAG	10.504174	-32.739123	0	T:92.0(1.06%),B:7.0(0.11%),P:1e-14	Tpos:148.5,Tstd:91.2,Bpos:195.5,Bstd:125.5,StrandBias:-0.2,Multiplicity:1.00
0.653	0.011	0.225	0.111
0.022	0.933	0.044	0.001
0.955	0.001	0.043	0.001
0.001	0.158	0.022	0.819
0.306	0.001	0.637	0.056
0.237	0.056	0.563	0.144
0.044	0.271	0.045	0.640
0.317	0.001	0.369	0.312
0.335	0.001	0.597	0.067
0.338	0.583	0.045	0.034
0.751	0.001	0.001	0.247
0.123	0.001	0.875	0.001
>TCATGATAGTGA	9-TCATGATAGTGA	10.137216	-29.880334	0	T:172.0(1.99%),B:38.7(0.62%),P:1e-12	Tpos:136.5,Tstd:73.9,Bpos:160.2,Bstd:98.7,StrandBias:-0.3,Multiplicity:1.00
0.030	0.030	0.102	0.838
0.001	0.468	0.245	0.285
0.671	0.113	0.187	0.029
0.115	0.001	0.043	0.841
0.171	0.115	0.713	0.001
0.579	0.015	0.291	0.115
0.271	0.141	0.014	0.574
0.880	0.015	0.076	0.029
0.029	0.073	0.869	0.029
0.102	0.001	0.070	0.827
0.043	0.029	0.843	0.085
0.925	0.015	0.029	0.031
>ATATGGTTTGGC	10-ATATGGTTTGGC	11.305670	-27.940061	0	T:95.0(1.10%),B:11.3(0.18%),P:1e-12	Tpos:151.1,Tstd:98.8,Bpos:109.9,Bstd:50.2,StrandBias:-0.1,Multiplicity:1.01
0.835	0.101	0.063	0.001
0.001	0.001	0.001	0.997
0.823	0.001	0.110	0.066
0.001	0.101	0.001	0.897
0.101	0.001	0.897	0.001
0.001	0.101	0.897	0.001
0.001	0.001	0.001	0.997
0.001	0.001	0.001	0.997
0.001	0.001	0.001	0.997
0.101	0.001	0.897	0.001
0.138	0.001	0.760	0.101
0.001	0.897	0.001	0.101
>TTACTCATTCTT	11-TTACTCATTCTT	10.285972	-25.919019	0	T:74.0(0.86%),B:6.2(0.10%),P:1e-11	Tpos:136.5,Tstd:83.5,Bpos:172.8,Bstd:82.2,StrandBias:-0.2,Multiplicity:1.18
0.037	0.027	0.013	0.923
0.038	0.075	0.051	0.836
0.608	0.266	0.062	0.064
0.038	0.683	0.242	0.037
0.402	0.001	0.001	0.596
0.241	0.468	0.141	0.149
0.599	0.213	0.050	0.138
0.038	0.051	0.051	0.860
0.013	0.392	0.014	0.581
0.050	0.836	0.013	0.101
0.013	0.390	0.001	0.596
0.353	0.001	0.001	0.645
>GGCCHCAGGAAA	12-GGCCHCAGGAAA	11.723578	-25.794073	0	T:87.0(1.01%),B:10.2(0.16%),P:1e-11	Tpos:139.6,Tstd:101.7,Bpos:183.2,Bstd:205.7,StrandBias:0.2,Multiplicity:1.00
0.271	0.001	0.684	0.044
0.001	0.001	0.955	0.043
0.044	0.755	0.200	0.001
0.005	0.950	0.001	0.044
0.362	0.265	0.001	0.372
0.334	0.495	0.170	0.001
0.943	0.001	0.055	0.001
0.175	0.001	0.823	0.001
0.087	0.001	0.911	0.001
0.997	0.001	0.001	0.001
0.949	0.001	0.049	0.001
0.937	0.001	0.061	0.001
>TGGCATTACAGG	13-TGGCATTACAGG	10.119882	-24.512095	0	T:280.0(3.24%),B:97.1(1.56%),P:1e-10	Tpos:143.4,Tstd:105.3,Bpos:138.6,Bstd:111.2,StrandBias:0.0,Multiplicity:1.08
0.156	0.001	0.106	0.737
0.173	0.001	0.740	0.086
0.122	0.141	0.687	0.050
0.115	0.526	0.316	0.043
0.656	0.227	0.024	0.093
0.028	0.179	0.021	0.772
0.078	0.242	0.128	0.552
0.659	0.035	0.121	0.185
0.057	0.802	0.106	0.035
0.997	0.001	0.001	0.001
0.014	0.001	0.936	0.049
0.165	0.135	0.686	0.014
>TGAATAGATGTG	14-TGAATAGATGTG	9.655895	-23.710753	0	T:105.0(1.22%),B:18.6(0.30%),P:1e-10	Tpos:131.8,Tstd:97.1,Bpos:176.5,Bstd:95.5,StrandBias:-0.0,Multiplicity:1.02
0.056	0.001	0.067	0.876
0.069	0.023	0.874	0.034
0.785	0.046	0.056	0.113
0.876	0.056	0.034	0.034
0.079	0.046	0.045	0.830
0.761	0.023	0.103	0.113
0.114	0.058	0.794	0.034
0.862	0.035	0.045	0.058
0.061	0.023	0.013	0.903
0.056	0.056	0.798	0.090
0.035	0.011	0.090	0.864
0.069	0.068	0.795	0.068
>GTGGGAGGGACC	15-GTGGGAGGGACC	10.660734	-23.356160	0	T:127.0(1.47%),B:27.7(0.44%),P:1e-10	Tpos:147.3,Tstd:77.6,Bpos:132.0,Bstd:66.6,StrandBias:0.0,Multiplicity:1.05
0.127	0.019	0.853	0.001
0.038	0.001	0.001	0.960
0.039	0.020	0.921	0.020
0.019	0.001	0.979	0.001
0.001	0.019	0.979	0.001
0.997	0.001	0.001	0.001
0.019	0.001	0.979	0.001
0.028	0.001	0.970	0.001
0.019	0.001	0.961	0.019
0.818	0.059	0.103	0.020
0.039	0.824	0.039	0.098
0.007	0.973	0.019	0.001
>NCTTTBNCTTGN	16-NCTTTBNCTTGN	8.060050	-22.233592	0	T:59.0(0.68%),B:4.5(0.07%),P:1e-9	Tpos:148.1,Tstd:81.0,Bpos:97.4,Bstd:31.1,StrandBias:0.1,Multiplicity:1.00
0.208	0.356	0.228	0.208
0.108	0.670	0.057	0.165
0.121	0.151	0.028	0.700
0.055	0.156	0.147	0.642
0.067	0.165	0.151	0.617
0.156	0.362	0.228	0.254
0.205	0.208	0.313	0.274
0.063	0.655	0.126	0.156
0.104	0.160	0.047	0.689
0.085	0.061	0.155	0.699
0.084	0.082	0.521	0.313
0.175	0.311	0.250	0.265
>TGGAAACCACAC	17-TGGAAACCACAC	11.379690	-19.787747	0	T:64.0(0.74%),B:7.1(0.11%),P:1e-8	Tpos:123.7,Tstd:56.9,Bpos:186.9,Bstd:58.6,StrandBias:0.2,Multiplicity:1.00
0.102	0.001	0.035	0.862
0.069	0.001	0.929	0.001
0.035	0.106	0.824	0.035
0.929	0.001	0.035	0.035
0.964	0.001	0.034	0.001
0.894	0.035	0.070	0.001
0.035	0.929	0.001	0.035
0.001	0.964	0.001	0.034
0.964	0.034	0.001	0.001
0.034	0.964	0.001	0.001
0.946	0.052	0.001	0.001
0.105	0.824	0.001	0.070
>KNAACTCCTGNN	18-KNAACTCCTGNN	7.266241	-19.592011	0	T:57.0(0.66%),B:5.9(0.09%),P:1e-8	Tpos:131.5,Tstd:93.5,Bpos:100.6,Bstd:60.2,StrandBias:0.2,Multiplicity:1.00
0.198	0.199	0.352	0.251
0.332	0.242	0.202	0.224
0.572	0.147	0.114	0.167
0.599	0.128	0.118	0.155
0.128	0.625	0.125	0.122
0.130	0.136	0.179	0.555
0.125	0.655	0.109	0.111
0.125	0.533	0.194	0.148
0.104	0.167	0.166	0.563
0.153	0.120	0.592	0.135
0.319	0.196	0.229	0.256
0.205	0.305	0.227	0.264
>TTATGAATTACC	19-TTATGAATTACC	10.409522	-19.429799	0	T:41.0(0.47%),B:1.8(0.03%),P:1e-8	Tpos:161.5,Tstd:109.8,Bpos:177.0,Bstd:0.0,StrandBias:-0.1,Multiplicity:1.00
0.100	0.100	0.100	0.700
0.100	0.100	0.100	0.700
0.700	0.100	0.100	0.100
0.100	0.100	0.100	0.700
0.100	0.100	0.700	0.100
0.700	0.100	0.100	0.100
0.700	0.100	0.100	0.100
0.100	0.100	0.100	0.700
0.100	0.100	0.100	0.700
0.700	0.100	0.100	0.100
0.100	0.700	0.100	0.100
0.100	0.700	0.100	0.100
>GAAGAGGCCACW	20-GAAGAGGCCACW	8.277787	-19.203225	0	T:45.0(0.52%),B:2.8(0.04%),P:1e-8	Tpos:159.4,Tstd:105.5,Bpos:99.7,Bstd:26.4,StrandBias:0.1,Multiplicity:1.11
0.230	0.191	0.393	0.186
0.515	0.227	0.159	0.099
0.651	0.043	0.140	0.166
0.175	0.107	0.644	0.074
0.674	0.082	0.115	0.129
0.229	0.050	0.610	0.111
0.143	0.149	0.582	0.126
0.182	0.536	0.119	0.163
0.182	0.631	0.060	0.127
0.571	0.161	0.094	0.174
0.153	0.554	0.147	0.146
0.298	0.176	0.135	0.391
>AAAGCAGGTGAC	21-AAAGCAGGTGAC	10.650711	-18.982039	0	T:59.0(0.68%),B:6.3(0.10%),P:1e-8	Tpos:119.4,Tstd:74.6,Bpos:83.1,Bstd:60.1,StrandBias:1.2,Multiplicity:1.29
0.572	0.189	0.072	0.167
0.630	0.001	0.368	0.001
0.997	0.001	0.001	0.001
0.004	0.001	0.994	0.001
0.171	0.827	0.001	0.001
0.827	0.001	0.001	0.171
0.004	0.001	0.994	0.001
0.255	0.001	0.597	0.147
0.001	0.001	0.001	0.997
0.001	0.355	0.643	0.001
0.973	0.001	0.001	0.025
0.001	0.936	0.001	0.062
>GTCATATATATG	22-GTCATATATATG	9.421496	-12.257381	0	T:31.0(0.36%),B:2.4(0.04%),P:1e-5	Tpos:157.7,Tstd:107.8,Bpos:115.1,Bstd:83.9,StrandBias:0.7,Multiplicity:1.55
0.073	0.138	0.562	0.227
0.260	0.073	0.113	0.554
0.114	0.663	0.071	0.152
0.997	0.001	0.001	0.001
0.079	0.247	0.036	0.638
0.594	0.163	0.073	0.170
0.090	0.202	0.148	0.560
0.700	0.077	0.150	0.073
0.185	0.041	0.240	0.534
0.614	0.036	0.232	0.118
0.067	0.006	0.065	0.862
0.157	0.039	0.737	0.067
>CTTGCTTGCTTC	23-CTTGCTTGCTTC	9.773789	-12.219207	0	T:172.0(1.99%),B:67.9(1.09%),P:1e-5	Tpos:150.9,Tstd:95.4,Bpos:162.9,Bstd:111.2,StrandBias:0.0,Multiplicity:1.04
0.026	0.830	0.059	0.085
0.069	0.068	0.017	0.846
0.068	0.008	0.101	0.823
0.025	0.053	0.829	0.093
0.025	0.924	0.017	0.034
0.025	0.095	0.008	0.872
0.042	0.034	0.119	0.805
0.085	0.118	0.711	0.086
0.042	0.855	0.025	0.078
0.034	0.068	0.017	0.881
0.034	0.034	0.087	0.845
0.017	0.797	0.101	0.085
>TCATGTGACTGT	24-TCATGTGACTGT	10.216649	-12.068242	0	T:54.0(0.62%),B:10.9(0.17%),P:1e-5	Tpos:141.1,Tstd:78.2,Bpos:152.1,Bstd:68.2,StrandBias:0.3,Multiplicity:1.02
0.038	0.056	0.037	0.869
0.056	0.832	0.084	0.028
0.877	0.057	0.009	0.057
0.028	0.047	0.086	0.839
0.048	0.084	0.820	0.048
0.056	0.019	0.038	0.887
0.094	0.067	0.783	0.056
0.727	0.066	0.104	0.103
0.057	0.821	0.038	0.084
0.047	0.019	0.019	0.915
0.085	0.020	0.828	0.067
0.048	0.075	0.057	0.820
>TAGTCTAGTCTA	25-TAGTCTAGTCTA	10.333310	-3.003457	0	T:15.0(0.17%),B:4.0(0.06%),P:1e-1	Tpos:144.8,Tstd:86.6,Bpos:137.9,Bstd:104.5,StrandBias:3.6,Multiplicity:1.80
0.030	0.106	0.030	0.834
0.726	0.001	0.077	0.196
0.074	0.135	0.775	0.016
0.001	0.044	0.045	0.910
0.062	0.691	0.231	0.016
0.044	0.060	0.001	0.895
0.787	0.001	0.153	0.059
0.149	0.060	0.761	0.030
0.030	0.032	0.031	0.907
0.046	0.536	0.239	0.179
0.120	0.060	0.001	0.819
0.594	0.062	0.151	0.193
>TGAGTC	1-TGAGTC	7.033342	-80.623668	0	T:3924.0(45.42%),B:2202.3(35.28%),P:1e-35	Tpos:142.5,Tstd:85.4,Bpos:139.4,Bstd:105.7,StrandBias:-0.0,Multiplicity:1.35
0.001	0.001	0.001	0.997
0.001	0.001	0.997	0.001
0.997	0.001	0.001	0.001
0.281	0.001	0.717	0.001
0.001	0.001	0.001	0.997
0.001	0.997	0.001	0.001
>GATAAG	2-GATAAG	7.071741	-56.473281	0	T:1445.0(16.72%),B:674.8(10.81%),P:1e-24	Tpos:148.6,Tstd:99.9,Bpos:138.1,Bstd:110.5,StrandBias:-0.1,Multiplicity:1.15
0.001	0.001	0.997	0.001
0.997	0.001	0.001	0.001
0.001	0.001	0.001	0.997
0.997	0.001	0.001	0.001
0.997	0.001	0.001	0.001
0.001	0.292	0.706	0.001
>TTACCT	3-TTACCT	4.700326	-34.331333	0	T:3807.0(44.06%),B:2346.2(37.58%),P:1e-14	Tpos:145.5,Tstd:97.4,Bpos:144.8,Bstd:109.0,StrandBias:0.0,Multiplicity:1.34
0.001	0.172	0.160	0.667
0.001	0.001	0.001	0.997
0.997	0.001	0.001	0.001
0.001	0.840	0.001	0.158
0.001	0.997	0.001	0.001
0.001	0.001	0.001	0.997
>CTCATG	4-CTCATG	8.143747	-30.714022	0	T:1764.0(20.42%),B:976.9(15.65%),P:1e-13	Tpos:145.4,Tstd:94.8,Bpos:131.2,Bstd:106.3,StrandBias:0.0,Multiplicity:1.14
0.001	0.997	0.001	0.001
0.001	0.001	0.001	0.997
0.001	0.997	0.001	0.001
0.853	0.001	0.145	0.001
0.001	0.001	0.001	0.997
0.001	0.001	0.997	0.001
>TGGTTT	5-TGGTTT	5.767888	-30.384498	0	T:4408.0(51.02%),B:2800.8(44.87%),P:1e-13	Tpos:145.3,Tstd:95.1,Bpos:145.1,Bstd:104.3,StrandBias:-0.0,Multiplicity:1.48
0.001	0.070	0.161	0.768
0.001	0.157	0.841	0.001
0.001	0.001	0.997	0.001
0.001	0.001	0.001	0.997
0.122	0.001	0.001	0.876
0.001	0.001	0.001	0.997
>GATTAM	6-GATTAM	5.175385	-28.844374	0	T:3205.0(37.09%),B:1960.1(31.40%),P:1e-12	Tpos:143.3,Tstd:93.8,Bpos:146.2,Bstd:108.0,StrandBias:-0.0,Multiplicity:1.33
0.001	0.001	0.783	0.215
0.762	0.001	0.147	0.090
0.001	0.273	0.256	0.470
0.001	0.001	0.112	0.886
0.749	0.001	0.107	0.143
0.426	0.375	0.198	0.001
>TATGTC	7-TATGTC	4.676292	-27.015395	0	T:4612.0(53.38%),B:2971.4(47.60%),P:1e-11	Tpos:146.0,Tstd:94.3,Bpos:143.4,Bstd:107.8,StrandBias:-0.0,Multiplicity:1.52
0.001	0.152	0.001	0.846
0.805	0.001	0.193	0.001
0.001	0.001	0.001	0.997
0.001	0.001	0.997	0.001
0.001	0.001	0.162	0.836
0.001	0.997	0.001	0.001
>TGGTCA	8-TGGTCA	5.749471	-24.823791	0	T:3470.0(40.16%),B:2173.9(34.83%),P:1e-10	Tpos:145.8,Tstd:97.5,Bpos:139.9,Bstd:107.3,StrandBias:-0.0,Multiplicity:1.33
0.233	0.001	0.104	0.662
0.001	0.001	0.997	0.001
0.001	0.001	0.997	0.001
0.001	0.128	0.001	0.870
0.001	0.997	0.001	0.001
0.855	0.001	0.143	0.001
>TGAGTCA	1-TGAGTCA	6.510290	-156.913814	0	T:4452.0(51.53%),B:2315.9(37.10%),P:1e-68	Tpos:141.7,Tstd:82.8,Bpos:138.0,Bstd:100.5,StrandBias:0.0,Multiplicity:1.43
0.001	0.001	0.001	0.997
0.001	0.001	0.925	0.073
0.864	0.001	0.054	0.081
0.254	0.001	0.744	0.001
0.001	0.001	0.001	0.997
0.116	0.882	0.001	0.001
0.997	0.001	0.001	0.001
>GATAAGA	2-GATAAGA	7.335201	-55.642217	0	T:965.0(11.17%),B:396.3(6.35%),P:1e-24	Tpos:150.4,Tstd:100.9,Bpos:135.8,Bstd:112.4,StrandBias:-0.0,Multiplicity:1.10
0.001	0.001	0.997	0.001
0.997	0.001	0.001	0.001
0.001	0.001	0.001	0.997
0.997	0.001	0.001	0.001
0.997	0.001	0.001	0.001
0.001	0.186	0.812	0.001
0.640	0.117	0.242	0.001
>GAGGTAA	3-GAGGTAA	5.464037	-50.704209	0	T:3133.0(36.26%),B:1789.1(28.66%),P:1e-22	Tpos:144.6,Tstd:96.3,Bpos:147.4,Bstd:110.7,StrandBias:-0.0,Multiplicity:1.23
0.165	0.274	0.560	0.001
0.991	0.001	0.001	0.007
0.125	0.001	0.873	0.001
0.258	0.001	0.740	0.001
0.001	0.039	0.001	0.959
0.950	0.048	0.001	0.001
0.873	0.125	0.001	0.001
>GTAATCC	4-GTAATCC	6.425393	-32.527033	0	T:861.0(9.97%),B:402.3(6.45%),P:1e-14	Tpos:149.5,Tstd:99.7,Bpos:148.4,Bstd:107.9,StrandBias:0.1,Multiplicity:1.11
0.001	0.001	0.997	0.001
0.001	0.165	0.001	0.833
0.913	0.001	0.001	0.085
0.928	0.001	0.070	0.001
0.001	0.072	0.001	0.926
0.001	0.997	0.001	0.001
0.001	0.732	0.058	0.209
>CATGAGA	5-CATGAGA	5.955093	-29.150303	0	T:2132.0(24.68%),B:1227.6(19.67%),P:1e-12	Tpos:146.7,Tstd:93.6,Bpos:136.7,Bstd:108.0,StrandBias:-0.1,Multiplicity:1.31
0.001	0.887	0.111	0.001
0.997	0.001	0.001	0.001
0.125	0.100	0.001	0.774
0.001	0.001	0.997	0.001
0.954	0.044	0.001	0.001
0.001	0.001	0.894	0.104
0.877	0.121	0.001	0.001
>ACCATRT	6-ACCATRT	8.830366	-25.588068	0	T:749.0(8.67%),B:359.5(5.76%),P:1e-11	Tpos:147.3,Tstd:93.8,Bpos:135.9,Bstd:104.2,StrandBias:0.2,Multiplicity:1.06
0.997	0.001	0.001	0.001
0.001	0.997	0.001	0.001
0.001	0.997	0.001	0.001
0.997	0.001	0.001	0.001
0.001	0.001	0.001	0.997
0.573	0.001	0.425	0.001
0.001	0.001	0.001	0.997
>GAAACCG	7-GAAACCG	6.234950	-25.379971	0	T:2965.0(34.32%),B:1817.4(29.11%),P:1e-11	Tpos:143.8,Tstd:91.9,Bpos:139.7,Bstd:98.5,StrandBias:0.0,Multiplicity:1.26
0.032	0.029	0.911	0.028
0.901	0.001	0.051	0.047
0.997	0.001	0.001	0.001
0.936	0.039	0.001	0.024
0.087	0.911	0.001	0.001
0.139	0.736	0.001	0.124
0.193	0.171	0.635	0.001
>ATATAMC	8-ATATAMC	5.529044	-25.064661	0	T:2044.0(23.66%),B:1192.4(19.10%),P:1e-10	Tpos:141.9,Tstd:94.5,Bpos:145.1,Bstd:105.4,StrandBias:-0.0,Multiplicity:1.17
0.997	0.001	0.001	0.001
0.001	0.001	0.118	0.880
0.997	0.001	0.001	0.001
0.068	0.001	0.001	0.930
0.693	0.001	0.305	0.001
0.445	0.350	0.204	0.001
0.001	0.997	0.001	0.001
>TGTGGGA	9-TGTGGGA	7.024046	-23.779696	0	T:1081.0(12.51%),B:571.7(9.16%),P:1e-10	Tpos:145.0,Tstd:97.0,Bpos:140.7,Bstd:100.9,StrandBias:0.1,Multiplicity:1.15
0.001	0.116	0.001	0.882
0.398	0.001	0.600	0.001
0.001	0.001	0.001	0.997
0.001	0.001	0.997	0.001
0.001	0.001	0.997	0.001
0.001	0.001	0.997	0.001
0.997	0.001	0.001	0.001
>AGCCACA	10-AGCCACA	6.558770	-19.514690	0	T:2315.0(26.79%),B:1412.3(22.62%),P:1e-8	Tpos:145.1,Tstd:89.1,Bpos:141.0,Bstd:106.3,StrandBias:0.1,Multiplicity:1.23
0.853	0.001	0.145	0.001
0.001	0.001	0.997	0.001
0.001	0.997	0.001	0.001
0.001	0.997	0.001	0.001
0.927	0.001	0.071	0.001
0.001	0.890	0.001	0.108
0.806	0.192	0.001	0.001
>CCTAGAT	11-CCTAGAT	8.409489	-14.270915	0	T:504.0(5.83%),B:254.7(4.08%),P:1e-6	Tpos:152.0,Tstd:100.2,Bpos:150.1,Bstd:116.2,StrandBias:-0.0,Multiplicity:1.04
0.001	0.997	0.001	0.001
0.001	0.997	0.001	0.001
0.001	0.001	0.001	0.997
0.719	0.001	0.001	0.279
0.001	0.001	0.997	0.001
0.997	0.001	0.001	0.001
0.001	0.001	0.001	0.997
>GATTGGT	12-GATTGGT	7.033369	-12.672110	0	T:714.0(8.26%),B:393.5(6.30%),P:1e-5	Tpos:139.8,Tstd:96.8,Bpos:139.0,Bstd:114.0,StrandBias:0.1,Multiplicity:1.24
0.111	0.001	0.887	0.001
0.997	0.001	0.001	0.001
0.001	0.001	0.001	0.997
0.001	0.001	0.001	0.997
0.001	0.235	0.763	0.001
0.001	0.001	0.997	0.001
0.001	0.171	0.001	0.827
>GACGTGG	13-GACGTGG	6.502144	-9.399791	0	T:735.0(8.51%),B:426.2(6.83%),P:1e-4	Tpos:139.5,Tstd:92.3,Bpos:152.0,Bstd:93.8,StrandBias:-0.0,Multiplicity:1.10
0.001	0.105	0.844	0.050
0.826	0.001	0.172	0.001
0.001	0.997	0.001	0.001
0.001	0.001	0.997	0.001
0.001	0.001	0.001	0.997
0.001	0.001	0.997	0.001
0.001	0.001	0.997	0.001
>ATGACTCA	1-ATGACTCA	6.322308	-171.560100	0	T:3793.0(43.90%),B:1825.5(29.24%),P:1e-74	Tpos:140.7,Tstd:80.6,Bpos:134.8,Bstd:97.0,StrandBias:0.0,Multiplicity:1.32
0.629	0.100	0.202	0.069
0.001	0.001	0.019	0.979
0.001	0.001	0.925	0.073
0.939	0.001	0.020	0.040
0.067	0.702	0.107	0.124
0.052	0.017	0.001	0.930
0.035	0.963	0.001	0.001
0.997	0.001	0.001	0.001
>KATAWGAT	2-KATAWGAT	5.592747	-54.517373	0	T:2475.0(28.65%),B:1332.1(21.34%),P:1e-23	Tpos:147.0,Tstd:96.9,Bpos:138.6,Bstd:110.0,StrandBias:0.0,Multiplicity:1.32
0.134	0.194	0.411	0.261
0.924	0.001	0.074	0.001
0.001	0.174	0.106	0.719
0.547	0.272	0.180	0.001
0.501	0.001	0.001	0.497
0.001	0.166	0.832	0.001
0.809	0.091	0.099	0.001
0.090	0.138	0.102	0.670
>RGAGATAA	3-RGAGATAA	6.510129	-39.203703	0	T:1364.0(15.79%),B:684.9(10.97%),P:1e-17	Tpos:147.4,Tstd:98.3,Bpos:146.5,Bstd:116.2,StrandBias:-0.1,Multiplicity:1.08
0.282	0.241	0.419	0.058
0.176	0.061	0.550	0.213
0.912	0.001	0.034	0.053
0.001	0.098	0.900	0.001
0.663	0.001	0.253	0.083
0.001	0.001	0.001	0.997
0.723	0.085	0.049	0.143
0.852	0.096	0.022	0.030
>GAAATCCC	4-GAAATCCC	6.599029	-38.140685	0	T:1552.0(17.96%),B:806.5(12.92%),P:1e-16	Tpos:144.6,Tstd:95.7,Bpos:144.1,Bstd:101.4,StrandBias:0.1,Multiplicity:1.15
0.031	0.001	0.937	0.031
0.688	0.038	0.034	0.240
0.958	0.001	0.001	0.040
0.842	0.090	0.027	0.041
0.029	0.127	0.001	0.843
0.023	0.857	0.100	0.020
