>SHHMTGASTCA	1-SHHMTGASTCA	5.642346	-142.450547	0	T:2983.0(34.53%),B:1376.4(22.05%),P:1e-61	Tpos:139.8,Tstd:79.5,Bpos:134.5,Bstd:95.6,StrandBias:-0.0,Multiplicity:1.21
0.208	0.365	0.240	0.187
0.325	0.298	0.148	0.229
0.339	0.239	0.121	0.301
0.418	0.351	0.226	0.005
0.001	0.001	0.001	0.997
0.001	0.001	0.997	0.001
0.997	0.001	0.001	0.001
0.012	0.510	0.369	0.109
0.001	0.001	0.001	0.997
0.001	0.997	0.001	0.001
0.997	0.001	0.001	0.001
>AATCATGGGGG	2-AATCATGGGGG	9.035483	-50.898641	0	T:301.0(3.48%),B:67.1(1.07%),P:1e-22	Tpos:148.4,Tstd:88.1,Bpos:132.6,Bstd:88.5,StrandBias:0.0,Multiplicity:1.28
0.796	0.001	0.148	0.055
0.726	0.079	0.166	0.029
0.048	0.047	0.036	0.869
0.009	0.728	0.018	0.245
0.899	0.046	0.001	0.054
0.036	0.018	0.001	0.945
0.148	0.019	0.815	0.018
0.171	0.009	0.764	0.056
0.102	0.093	0.644	0.161
0.410	0.010	0.571	0.009
0.155	0.148	0.629	0.068
>ATCTYATCTTG	3-ATCTYATCTTG	7.930104	-46.485691	0	T:554.0(6.41%),B:194.4(3.11%),P:1e-20	Tpos:146.4,Tstd:98.7,Bpos:147.8,Bstd:99.8,StrandBias:0.0,Multiplicity:1.03
0.775	0.175	0.049	0.001
0.001	0.090	0.023	0.886
0.001	0.997	0.001	0.001
0.047	0.051	0.080	0.822
0.001	0.547	0.006	0.446
0.803	0.001	0.001	0.195
0.051	0.198	0.001	0.750
0.068	0.905	0.026	0.001
0.218	0.296	0.001	0.485
0.001	0.023	0.034	0.942
0.050	0.114	0.835	0.001
>ATCTCATGAGA	4-ATCTCATGAGA	9.856524	-41.208990	0	T:187.0(2.16%),B:32.6(0.52%),P:1e-17	Tpos:144.5,Tstd:80.9,Bpos:119.1,Bstd:103.1,StrandBias:0.1,Multiplicity:1.05
0.554	0.176	0.164	0.106
0.001	0.001	0.001	0.997
0.002	0.672	0.121	0.205
0.001	0.081	0.001	0.917
0.001	0.856	0.021	0.122
0.704	0.001	0.093	0.202
0.122	0.001	0.001	0.876
0.001	0.001	0.997	0.001
0.835	0.001	0.082	0.082
0.048	0.001	0.869	0.082
0.834	0.001	0.164	0.001
>TAAAACCATMM	5-TAAAACCATMM	10.957437	-40.156801	0	T:132.0(1.53%),B:14.6(0.23%),P:1e-17	Tpos:140.1,Tstd:72.8,Bpos:149.0,Bstd:53.3,StrandBias:0.2,Multiplicity:1.00
0.001	0.001	0.001	0.997
0.612	0.196	0.191	0.001
0.997	0.001	0.001	0.001
0.997	0.001	0.001	0.001
0.997	0.001	0.001	0.001
0.001	0.997	0.001	0.001
0.001	0.997	0.001	0.001
0.997	0.001	0.001	0.001
0.001	0.048	0.001	0.950
0.549	0.445	0.005	0.001
0.426	0.519	0.054	0.001
>RAGAGATAAGA	6-RAGAGATAAGA	10.304768	-38.098633	0	T:91.0(1.05%),B:4.9(0.08%),P:1e-16	Tpos:162.7,Tstd:101.5,Bpos:124.3,Bstd:63.0,StrandBias:-0.1,Multiplicity:1.01
0.384	0.081	0.332	0.203
0.997	0.001	0.001	0.001
0.143	0.001	0.855	0.001
0.658	0.001	0.001	0.340
0.001	0.001	0.997	0.001
0.997	0.001	0.001	0.001
0.001	0.001	0.001	0.997
0.997	0.001	0.001	0.001
0.737	0.001	0.048	0.214
0.001	0.001	0.997	0.001
0.997	0.001	0.001	0.001
>TGGGGMAAACC	7-TGGGGMAAACC	7.701883	-36.790977	0	T:891.0(10.31%),B:406.8(6.52%),P:1e-15	Tpos:142.1,Tstd:87.7,Bpos:144.1,Bstd:99.9,StrandBias:0.0,Multiplicity:1.10
0.101	0.001	0.001	0.897
0.018	0.001	0.935	0.046
0.046	0.001	0.763	0.190
0.001	0.001	0.865	0.133
0.154	0.042	0.727	0.077
0.418	0.366	0.215	0.001
0.761	0.105	0.001	0.133
0.760	0.001	0.166	0.073
0.474	0.277	0.153	0.097
0.037	0.864	0.098	0.001
0.087	0.859	0.001	0.053
>CTGTYCTCACG	8-CTGTYCTCACG	9.654870	-35.637389	0	T:256.0(2.96%),B:67.2(1.08%),P:1e-15	Tpos:142.7,Tstd:86.0,Bpos:129.3,Bstd:74.7,StrandBias:-0.2,Multiplicity:1.02
0.001	0.724	0.141	0.134
0.001	0.001	0.001	0.997
0.001	0.001	0.997	0.001
0.001	0.141	0.269	0.589
0.001	0.411	0.067	0.521
0.001	0.997	0.001	0.001
0.001	0.001	0.001	0.997
0.001	0.835	0.001	0.163
0.492	0.202	0.305	0.001
0.001	0.578	0.001	0.420
0.154	0.001	0.844	0.001
>GGAGRTAATTG	9-GGAGRTAATTG	10.716851	-34.533300	0	T:113.0(1.31%),B:12.3(0.20%),P:1e-14	Tpos:145.9,Tstd:80.1,Bpos:147.7,Bstd:39.9,StrandBias:-0.2,Multiplicity:1.00
0.137	0.043	0.819	0.001
0.129	0.032	0.838	0.001
0.956	0.001	0.001	0.042
0.183	0.001	0.815	0.001
0.551	0.001	0.447	0.001
0.128	0.001	0.001	0.870
0.676	0.043	0.280	0.001
0.956	0.001	0.001	0.042
0.001	0.032	0.114	0.853
0.086	0.001	0.137	0.776
0.001	0.113	0.885	0.001
>TGAGTTCAGGA	10-TGAGTTCAGGA	9.822682	-32.767829	0	T:211.0(2.44%),B:51.9(0.83%),P:1e-14	Tpos:147.9,Tstd:94.3,Bpos:157.9,Bstd:79.3,StrandBias:0.3,Multiplicity:1.04
0.001	0.001	0.053	0.945
0.001	0.029	0.916	0.054
0.862	0.001	0.001	0.136
0.014	0.107	0.878	0.001
0.278	0.001	0.075	0.646
0.001	0.407	0.001	0.591
0.001	0.891	0.054	0.054
0.945	0.001	0.053	0.001
0.054	0.054	0.891	0.001
0.001	0.053	0.945	0.001
0.951	0.001	0.001	0.047
>CCCTCCAACAA	11-CCCTCCAACAA	7.222355	-29.814900	0	T:314.0(3.63%),B:104.6(1.68%),P:1e-12	Tpos:148.9,Tstd:94.1,Bpos:138.4,Bstd:86.5,StrandBias:-0.2,Multiplicity:1.03
0.194	0.515	0.133	0.158
0.127	0.681	0.040	0.152
0.182	0.586	0.046	0.186
0.123	0.157	0.054	0.666
0.109	0.642	0.137	0.112
0.154	0.715	0.036	0.095
0.488	0.320	0.053	0.139
0.524	0.149	0.225	0.102
0.195	0.534	0.184	0.087
0.633	0.220	0.066	0.081
0.492	0.159	0.196	0.152
>CTGGGGAGGCC	12-CTGGGGAGGCC	10.500992	-28.518162	0	T:117.0(1.35%),B:18.4(0.29%),P:1e-12	Tpos:139.2,Tstd:86.9,Bpos:129.3,Bstd:139.7,StrandBias:0.3,Multiplicity:1.01
0.001	0.974	0.001	0.024
0.103	0.014	0.001	0.882
0.001	0.001	0.997	0.001
0.001	0.001	0.948	0.050
0.001	0.017	0.915	0.067
0.001	0.033	0.965	0.001
0.982	0.001	0.016	0.001
0.096	0.001	0.902	0.001
0.101	0.001	0.865	0.033
0.001	0.997	0.001	0.001
0.001	0.997	0.001	0.001
>ACATGGTAGCA	13-ACATGGTAGCA	9.126145	-28.480213	0	T:151.0(1.75%),B:31.6(0.51%),P:1e-12	Tpos:152.7,Tstd:92.3,Bpos:155.0,Bstd:95.8,StrandBias:-0.3,Multiplicity:1.01
0.795	0.067	0.087	0.051
0.047	0.852	0.056	0.045
0.847	0.068	0.034	0.051
0.058	0.028	0.068	0.846
0.039	0.023	0.845	0.093
0.073	0.061	0.776	0.090
0.065	0.090	0.056	0.789
0.758	0.023	0.179	0.040
0.090	0.034	0.808	0.068
0.056	0.869	0.041	0.034
0.824	0.068	0.023	0.085
>TTATTCACTAC	14-TTATTCACTAC	11.005048	-27.153673	0	T:65.0(0.75%),B:3.2(0.05%),P:1e-11	Tpos:151.7,Tstd:67.9,Bpos:118.2,Bstd:20.4,StrandBias:0.4,Multiplicity:1.00
0.001	0.001	0.021	0.977
0.001	0.021	0.001	0.977
0.956	0.001	0.042	0.001
0.001	0.113	0.001	0.885
0.001	0.001	0.001	0.997
0.001	0.957	0.021	0.021
0.997	0.001	0.001	0.001
0.001	0.913	0.001	0.085
0.001	0.001	0.001	0.997
0.977	0.021	0.001	0.001
0.021	0.977	0.001	0.001
>TGTAATCCCAG	15-TGTAATCCCAG	8.692963	-26.524430	0	T:484.0(5.60%),B:202.5(3.24%),P:1e-11	Tpos:144.1,Tstd:100.0,Bpos:141.2,Bstd:106.6,StrandBias:0.0,Multiplicity:1.10
0.028	0.007	0.047	0.918
0.043	0.054	0.856	0.047
0.120	0.073	0.035	0.772
0.776	0.066	0.087	0.071
0.766	0.052	0.082	0.100
0.067	0.085	0.068	0.780
0.074	0.807	0.052	0.067
0.112	0.710	0.033	0.145
0.043	0.903	0.009	0.045
0.870	0.054	0.009	0.067
0.049	0.041	0.853	0.057
>TATGGTTTGGC	16-TATGGTTTGGC	10.522357	-26.129755	0	T:127.0(1.47%),B:24.6(0.39%),P:1e-11	Tpos:160.2,Tstd:109.7,Bpos:126.8,Bstd:98.8,StrandBias:0.1,Multiplicity:1.02
0.001	0.036	0.001	0.962
0.722	0.018	0.242	0.018
0.018	0.018	0.001	0.963
0.036	0.001	0.962	0.001
0.001	0.017	0.981	0.001
0.001	0.001	0.017	0.981
0.001	0.001	0.001	0.997
0.018	0.001	0.018	0.963
0.017	0.001	0.981	0.001
0.055	0.001	0.928	0.016
0.001	0.944	0.001	0.054
>CTTAGTCATGC	17-CTTAGTCATGC	10.026133	-24.883415	0	T:91.0(1.05%),B:12.7(0.20%),P:1e-10	Tpos:144.5,Tstd:93.1,Bpos:122.9,Bstd:78.3,StrandBias:-0.4,Multiplicity:1.13
0.017	0.637	0.197	0.149
0.001	0.026	0.001	0.972
0.307	0.001	0.001	0.691
0.795	0.001	0.203	0.001
0.106	0.001	0.822	0.071
0.001	0.001	0.001	0.997
0.001	0.595	0.001	0.403
0.883	0.115	0.001	0.001
0.001	0.001	0.001	0.997
0.001	0.293	0.705	0.001
0.257	0.492	0.250	0.002
>GTCCACATGAC	18-GTCCACATGAC	8.948339	-23.856313	0	T:73.0(0.84%),B:7.5(0.12%),P:1e-10	Tpos:151.5,Tstd:94.8,Bpos:180.3,Bstd:124.0,StrandBias:-0.5,Multiplicity:1.05
0.072	0.114	0.744	0.070
0.095	0.060	0.107	0.738
0.061	0.817	0.053	0.069
0.128	0.834	0.008	0.030
0.901	0.046	0.023	0.030
0.031	0.795	0.076	0.098
0.863	0.060	0.039	0.038
0.023	0.001	0.046	0.930
0.091	0.054	0.802	0.053
0.825	0.076	0.060	0.039
0.069	0.764	0.084	0.083
>ATGTGTCATTC	19-ATGTGTCATTC	10.570718	-22.304819	0	T:79.0(0.91%),B:10.2(0.16%),P:1e-9	Tpos:130.9,Tstd:76.4,Bpos:144.2,Bstd:87.9,StrandBias:0.3,Multiplicity:1.03
0.874	0.051	0.024	0.051
0.023	0.001	0.023	0.953
0.001	0.001	0.948	0.050
0.001	0.023	0.001	0.975
0.024	0.071	0.811	0.094
0.001	0.001	0.001	0.997
0.001	0.975	0.023	0.001
0.929	0.001	0.023	0.047
0.023	0.001	0.023	0.953
0.001	0.070	0.001	0.928
0.141	0.790	0.068	0.001
>ATGAGTAATGC	20-ATGAGTAATGC	9.279697	-21.644373	0	T:161.0(1.86%),B:44.5(0.71%),P:1e-9	Tpos:125.0,Tstd:76.6,Bpos:142.6,Bstd:87.4,StrandBias:-0.3,Multiplicity:1.02
0.817	0.088	0.041	0.054
0.059	0.001	0.048	0.892
0.036	0.059	0.857	0.048
0.921	0.001	0.042	0.036
0.057	0.049	0.876	0.018
0.059	0.084	0.054	0.803
0.793	0.036	0.099	0.072
0.845	0.053	0.060	0.042
0.097	0.054	0.114	0.735
0.067	0.023	0.796	0.114
0.113	0.678	0.055	0.154
>TRGTCACCTGC	21-TRGTCACCTGC	7.565144	-21.131900	0	T:67.0(0.78%),B:7.8(0.13%),P:1e-9	Tpos:135.4,Tstd:83.4,Bpos:119.4,Bstd:93.1,StrandBias:-0.7,Multiplicity:1.23
0.035	0.001	0.001	0.963
0.428	0.001	0.570	0.001
0.001	0.142	0.856	0.001
0.001	0.001	0.001	0.997
0.001	0.997	0.001	0.001
0.997	0.001	0.001	0.001
0.001	0.997	0.001	0.001
0.001	0.997	0.001	0.001
0.001	0.001	0.001	0.997
0.001	0.001	0.749	0.249
0.001	0.997	0.001	0.001
>TAAGATTGTGG	22-TAAGATTGTGG	8.273019	-19.009333	0	T:85.0(0.98%),B:15.1(0.24%),P:1e-8	Tpos:148.4,Tstd:89.7,Bpos:174.1,Bstd:134.8,StrandBias:-0.1,Multiplicity:1.02
0.126	0.100	0.099	0.675
0.698	0.101	0.104	0.097
0.771	0.039	0.091	0.099
0.100	0.086	0.737	0.077
0.670	0.104	0.093	0.133
0.107	0.120	0.110	0.663
0.086	0.038	0.099	0.777
0.092	0.097	0.714	0.097
0.088	0.031	0.073	0.808
0.085	0.031	0.795	0.089
0.116	0.081	0.692	0.111
>CAGGATAAGTC	23-CAGGATAAGTC	7.587731	-16.928794	0	T:77.0(0.89%),B:14.6(0.23%),P:1e-7	Tpos:147.0,Tstd:92.6,Bpos:135.4,Bstd:68.9,StrandBias:0.1,Multiplicity:1.01
0.106	0.614	0.213	0.067
0.747	0.004	0.001	0.248
0.189	0.002	0.589	0.220
0.124	0.109	0.610	0.157
0.571	0.160	0.122	0.147
0.096	0.207	0.129	0.568
0.511	0.189	0.107	0.193
0.618	0.053	0.117	0.212
0.185	0.182	0.526	0.107
0.084	0.108	0.094	0.714
0.173	0.573	0.068	0.186
>CATCACACGGA	24-CATCACACGGA	8.131523	-12.842393	0	T:39.0(0.45%),B:4.8(0.08%),P:1e-5	Tpos:130.9,Tstd:117.1,Bpos:220.1,Bstd:83.6,StrandBias:0.2,Multiplicity:1.03
0.129	0.645	0.117	0.109
0.678	0.121	0.077	0.124
0.117	0.118	0.115	0.650
0.125	0.635	0.136	0.104
0.695	0.116	0.062	0.127
0.119	0.655	0.128	0.098
0.703	0.117	0.071	0.109
0.165	0.508	0.159	0.168
0.200	0.096	0.527	0.177
0.126	0.127	0.630	0.117
0.675	0.117	0.105	0.103
>ATATATATGTC	25-ATATATATGTC	9.046407	-6.749663	0	T:56.0(0.65%),B:18.6(0.30%),P:1e-2	Tpos:119.8,Tstd:82.5,Bpos:155.3,Bstd:81.0,StrandBias:0.2,Multiplicity:1.48
0.862	0.042	0.042	0.054
0.042	0.095	0.084	0.779
0.812	0.036	0.087	0.065
0.042	0.072	0.048	0.838
0.757	0.060	0.114	0.069
0.048	0.030	0.042	0.880
0.794	0.072	0.096	0.038
0.042	0.018	0.042	0.898
0.041	0.057	0.813	0.089
0.092	0.059	0.039	0.810
0.049	0.771	0.096	0.084
