>VTGAGTCAY	1-VTGAGTCAY	6.771629	-160.638990	0	T:3832.0(44.35%),B:1880.6(30.13%),P:1e-69	Tpos:141.6,Tstd:82.1,Bpos:137.0,Bstd:100.4,StrandBias:0.0,Multiplicity:1.34
0.269	0.304	0.278	0.149
0.001	0.063	0.001	0.935
0.001	0.050	0.823	0.126
0.700	0.001	0.152	0.147
0.272	0.001	0.726	0.001
0.055	0.008	0.001	0.936
0.135	0.696	0.139	0.030
0.808	0.033	0.036	0.123
0.119	0.325	0.176	0.380
>ATCTTATCA	2-ATCTTATCA	6.958664	-76.785931	0	T:1215.0(14.06%),B:485.4(7.78%),P:1e-33	Tpos:149.4,Tstd:98.6,Bpos:134.6,Bstd:108.2,StrandBias:0.0,Multiplicity:1.13
0.535	0.208	0.114	0.143
0.001	0.266	0.178	0.555
0.001	0.761	0.237	0.001
0.232	0.001	0.001	0.766
0.001	0.003	0.065	0.931
0.997	0.001	0.001	0.001
0.001	0.001	0.001	0.997
0.001	0.956	0.042	0.001
0.554	0.050	0.001	0.395
>GATCTCATG	3-GATCTCATG	5.892368	-39.959574	0	T:868.0(10.05%),B:383.7(6.15%),P:1e-17	Tpos:146.0,Tstd:89.2,Bpos:140.0,Bstd:111.6,StrandBias:0.0,Multiplicity:1.30
0.201	0.116	0.505	0.178
0.489	0.187	0.099	0.225
0.074	0.258	0.082	0.586
0.120	0.615	0.047	0.218
0.218	0.101	0.064	0.617
0.097	0.586	0.119	0.198
0.560	0.071	0.108	0.261
0.107	0.051	0.126	0.716
0.024	0.317	0.578	0.081
>TVTGGCTTG	4-TVTGGCTTG	5.707393	-39.555537	0	T:3802.0(44.00%),B:2311.9(37.04%),P:1e-17	Tpos:145.4,Tstd:92.9,Bpos:142.1,Bstd:106.2,StrandBias:-0.1,Multiplicity:1.34
0.206	0.167	0.104	0.523
0.296	0.302	0.401	0.001
0.023	0.001	0.001	0.975
0.080	0.001	0.724	0.195
0.108	0.064	0.827	0.001
0.012	0.700	0.001	0.287
0.152	0.299	0.001	0.548
0.291	0.033	0.178	0.498
0.204	0.153	0.571	0.072
>ATCTAGGGT	5-ATCTAGGGT	6.343898	-39.462725	0	T:371.0(4.29%),B:115.3(1.85%),P:1e-17	Tpos:151.3,Tstd:96.6,Bpos:160.8,Bstd:98.9,StrandBias:0.0,Multiplicity:1.03
0.470	0.317	0.136	0.077
0.123	0.179	0.179	0.519
0.183	0.594	0.001	0.222
0.192	0.034	0.104	0.670
0.713	0.042	0.025	0.220
0.236	0.018	0.725	0.021
0.139	0.041	0.678	0.142
0.104	0.033	0.542	0.321
0.224	0.186	0.084	0.506
>GGGATTACG	6-GGGATTACG	7.346577	-37.308806	0	T:801.0(9.27%),B:352.7(5.65%),P:1e-16	Tpos:143.6,Tstd:93.4,Bpos:137.7,Bstd:109.1,StrandBias:-0.0,Multiplicity:1.07
0.267	0.001	0.731	0.001
0.264	0.001	0.734	0.001
0.238	0.217	0.544	0.001
0.958	0.040	0.001	0.001
0.001	0.012	0.027	0.960
0.001	0.009	0.001	0.989
0.885	0.024	0.090	0.001
0.001	0.584	0.015	0.400
0.325	0.055	0.619	0.001
>TATAAAACG	7-TATAAAACG	7.567393	-36.767484	0	T:191.0(2.21%),B:38.1(0.61%),P:1e-15	Tpos:142.2,Tstd:92.3,Bpos:126.3,Bstd:73.4,StrandBias:-0.0,Multiplicity:1.01
0.001	0.068	0.001	0.930
0.836	0.078	0.001	0.085
0.001	0.078	0.239	0.682
0.784	0.118	0.059	0.039
0.923	0.051	0.010	0.016
0.814	0.129	0.056	0.001
0.965	0.001	0.033	0.001
0.001	0.997	0.001	0.001
0.001	0.067	0.931	0.001
>ATTCACTAC	8-ATTCACTAC	10.084292	-31.994478	0	T:94.0(1.09%),B:8.6(0.14%),P:1e-13	Tpos:151.0,Tstd:81.1,Bpos:98.4,Bstd:54.8,StrandBias:0.7,Multiplicity:1.00
0.997	0.001	0.001	0.001
0.001	0.001	0.001	0.997
0.001	0.001	0.001	0.997
0.001	0.997	0.001	0.001
0.875	0.123	0.001	0.001
0.001	0.997	0.001	0.001
0.001	0.001	0.001	0.997
0.759	0.001	0.239	0.001
0.001	0.997	0.001	0.001
>CTCACTTTC	9-CTCACTTTC	7.024614	-30.205829	0	T:921.0(10.66%),B:446.7(7.16%),P:1e-13	Tpos:141.0,Tstd:90.6,Bpos:143.6,Bstd:116.7,StrandBias:0.2,Multiplicity:1.07
0.001	0.612	0.244	0.143
0.157	0.238	0.055	0.550
0.016	0.672	0.050	0.262
0.702	0.001	0.126	0.171
0.232	0.645	0.122	0.001
0.240	0.011	0.003	0.746
0.253	0.201	0.001	0.545
0.015	0.114	0.001	0.870
0.074	0.686	0.001	0.239
>CTACAATTC	10-CTACAATTC	7.918094	-26.109800	0	T:142.0(1.64%),B:30.0(0.48%),P:1e-11	Tpos:152.1,Tstd:99.7,Bpos:149.2,Bstd:90.9,StrandBias:0.1,Multiplicity:1.01
0.001	0.997	0.001	0.001
0.001	0.001	0.017	0.981
0.997	0.001	0.001	0.001
0.001	0.925	0.001	0.073
0.979	0.001	0.019	0.001
0.997	0.001	0.001	0.001
0.001	0.209	0.001	0.789
0.001	0.001	0.001	0.997
0.001	0.873	0.001	0.125
>TAAACCTCT	11-TAAACCTCT	8.954445	-25.712706	0	T:176.0(2.04%),B:45.9(0.73%),P:1e-11	Tpos:141.0,Tstd:97.9,Bpos:165.5,Bstd:130.2,StrandBias:-0.1,Multiplicity:1.01
0.001	0.001	0.001	0.997
0.870	0.001	0.128	0.001
0.997	0.001	0.001	0.001
0.843	0.001	0.155	0.001
0.001	0.997	0.001	0.001
0.001	0.997	0.001	0.001
0.001	0.001	0.001	0.997
0.001	0.997	0.001	0.001
0.001	0.223	0.018	0.758
>TGATTGTAA	12-TGATTGTAA	8.978214	-24.007759	0	T:224.0(2.59%),B:70.3(1.13%),P:1e-10	Tpos:142.9,Tstd:94.0,Bpos:143.3,Bstd:117.5,StrandBias:-0.3,Multiplicity:1.01
0.001	0.056	0.001	0.942
0.001	0.093	0.905	0.001
0.917	0.081	0.001	0.001
0.001	0.001	0.001	0.997
0.001	0.006	0.087	0.906
0.001	0.001	0.997	0.001
0.001	0.001	0.001	0.997
0.727	0.103	0.169	0.001
0.997	0.001	0.001	0.001
>CCTCCCACA	13-CCTCCCACA	10.594713	-23.650009	0	T:402.0(4.65%),B:164.4(2.63%),P:1e-10	Tpos:140.4,Tstd:96.7,Bpos:136.7,Bstd:114.8,StrandBias:-0.4,Multiplicity:1.03
0.001	0.997	0.001	0.001
0.001	0.997	0.001	0.001
0.001	0.001	0.001	0.997
0.001	0.997	0.001	0.001
0.001	0.997	0.001	0.001
0.001	0.997	0.001	0.001
0.997	0.001	0.001	0.001
0.266	0.577	0.001	0.156
0.997	0.001	0.001	0.001
>GCAGGTAAC	14-GCAGGTAAC	7.614038	-22.829565	0	T:321.0(3.72%),B:122.3(1.96%),P:1e-9	Tpos:137.0,Tstd:95.1,Bpos:162.0,Bstd:101.5,StrandBias:0.5,Multiplicity:1.12
0.140	0.103	0.742	0.015
0.036	0.962	0.001	0.001
0.975	0.023	0.001	0.001
0.001	0.069	0.861	0.069
0.185	0.001	0.728	0.086
0.001	0.001	0.001	0.997
0.961	0.001	0.037	0.001
0.997	0.001	0.001	0.001
0.001	0.698	0.073	0.228
>ACCATGTAR	15-ACCATGTAR	8.385204	-21.788818	0	T:562.0(6.50%),B:261.4(4.19%),P:1e-9	Tpos:141.1,Tstd:93.5,Bpos:139.8,Bstd:97.3,StrandBias:0.1,Multiplicity:1.05
0.666	0.001	0.332	0.001
0.001	0.686	0.001	0.312
0.001	0.997	0.001	0.001
0.997	0.001	0.001	0.001
0.001	0.285	0.001	0.713
0.001	0.001	0.997	0.001
0.001	0.001	0.001	0.997
0.485	0.003	0.291	0.222
0.358	0.192	0.449	0.001
>GDWTTYCCY	16-GDWTTYCCY	5.020736	-21.405597	0	T:2560.0(29.63%),B:1566.7(25.10%),P:1e-9	Tpos:143.2,Tstd:92.2,Bpos:145.7,Bstd:105.0,StrandBias:-0.1,Multiplicity:1.24
0.245	0.140	0.548	0.067
0.280	0.088	0.377	0.255
0.391	0.146	0.170	0.293
0.225	0.212	0.001	0.562
0.219	0.253	0.052	0.476
0.257	0.434	0.005	0.304
0.001	0.985	0.006	0.008
0.138	0.580	0.001	0.281
0.149	0.460	0.001	0.389
>GTTTAGTCA	17-GTTTAGTCA	9.819543	-20.460191	0	T:94.0(1.09%),B:17.7(0.28%),P:1e-8	Tpos:149.9,Tstd:93.9,Bpos:143.8,Bstd:112.6,StrandBias:-0.0,Multiplicity:1.01
0.001	0.001	0.997	0.001
0.001	0.001	0.001	0.997
0.158	0.207	0.001	0.634
0.001	0.001	0.001	0.997
0.997	0.001	0.001	0.001
0.001	0.001	0.997	0.001
0.001	0.001	0.001	0.997
0.001	0.997	0.001	0.001
0.864	0.113	0.022	0.001
>CTGACGTCA	18-CTGACGTCA	8.841783	-16.893513	0	T:328.0(3.80%),B:141.6(2.27%),P:1e-7	Tpos:151.7,Tstd:90.9,Bpos:154.0,Bstd:111.3,StrandBias:0.2,Multiplicity:1.03
0.070	0.859	0.070	0.001
0.001	0.001	0.013	0.985
0.001	0.001	0.997	0.001
0.940	0.001	0.034	0.025
0.177	0.650	0.137	0.036
0.047	0.168	0.726	0.059
0.041	0.001	0.001	0.957
0.001	0.918	0.053	0.028
0.985	0.001	0.013	0.001
>TTTAGTAGA	19-TTTAGTAGA	8.319171	-16.704105	0	T:169.0(1.96%),B:56.8(0.91%),P:1e-7	Tpos:145.3,Tstd:107.4,Bpos:133.5,Bstd:96.2,StrandBias:-0.2,Multiplicity:1.04
0.001	0.001	0.001	0.997
0.210	0.001	0.001	0.788
0.001	0.001	0.001	0.997
0.997	0.001	0.001	0.001
0.001	0.001	0.997	0.001
0.001	0.001	0.001	0.997
0.972	0.026	0.001	0.001
0.001	0.001	0.878	0.120
0.883	0.115	0.001	0.001
>AGGCGTTGC	20-AGGCGTTGC	7.441658	-16.366322	0	T:88.0(1.02%),B:19.1(0.31%),P:1e-7	Tpos:128.8,Tstd:80.4,Bpos:134.7,Bstd:98.6,StrandBias:0.2,Multiplicity:1.03
0.997	0.001	0.001	0.001
0.001	0.001	0.997	0.001
0.001	0.001	0.785	0.213
0.001	0.997	0.001	0.001
0.001	0.001	0.997	0.001
0.001	0.001	0.001	0.997
0.001	0.001	0.291	0.707
0.001	0.001	0.997	0.001
0.001	0.969	0.001	0.029
>TCCTGGGAA	21-TCCTGGGAA	10.044667	-15.745347	0	T:91.0(1.05%),B:21.1(0.34%),P:1e-6	Tpos:132.3,Tstd:90.7,Bpos:115.5,Bstd:98.3,StrandBias:-0.3,Multiplicity:1.01
0.001	0.001	0.001	0.997
0.001	0.997	0.001	0.001
0.001	0.997	0.001	0.001
0.001	0.001	0.001	0.997
0.001	0.090	0.573	0.336
0.001	0.001	0.997	0.001
0.001	0.001	0.997	0.001
0.997	0.001	0.001	0.001
0.997	0.001	0.001	0.001
>CTTTTTTAC	22-CTTTTTTAC	9.888662	-13.471569	0	T:91.0(1.05%),B:24.2(0.39%),P:1e-5	Tpos:137.7,Tstd:77.0,Bpos:152.3,Bstd:85.1,StrandBias:-0.1,Multiplicity:1.01
0.001	0.997	0.001	0.001
0.001	0.001	0.001	0.997
0.001	0.001	0.001	0.997
0.077	0.191	0.001	0.731
0.001	0.001	0.001	0.997
0.001	0.001	0.001	0.997
0.001	0.001	0.001	0.997
0.997	0.001	0.001	0.001
0.001	0.997	0.001	0.001
>TATCATCTC	23-TATCATCTC	10.615066	-12.839037	0	T:56.0(0.65%),B:10.3(0.16%),P:1e-5	Tpos:128.9,Tstd:99.9,Bpos:187.2,Bstd:132.0,StrandBias:0.1,Multiplicity:1.00
0.001	0.001	0.001	0.997
0.997	0.001	0.001	0.001
0.001	0.001	0.001	0.997
0.001	0.997	0.001	0.001
0.962	0.001	0.036	0.001
0.001	0.001	0.001	0.997
0.001	0.997	0.001	0.001
0.001	0.001	0.001	0.997
0.165	0.833	0.001	0.001
>CCGATTGGT	24-CCGATTGGT	8.899088	-11.513858	0	T:178.0(2.06%),B:72.5(1.16%),P:1e-5	Tpos:144.2,Tstd:97.2,Bpos:130.0,Bstd:94.8,StrandBias:0.0,Multiplicity:1.49
0.292	0.484	0.106	0.119
0.234	0.473	0.102	0.191
0.039	0.042	0.744	0.175
0.886	0.001	0.001	0.112
0.001	0.049	0.001	0.949
0.001	0.001	0.033	0.965
0.001	0.001	0.997	0.001
0.001	0.016	0.982	0.001
0.001	0.055	0.001	0.943
>TAAACTGCC	25-TAAACTGCC	9.282527	-9.794925	0	T:35.0(0.41%),B:5.3(0.08%),P:1e-4	Tpos:133.7,Tstd:93.3,Bpos:178.0,Bstd:79.7,StrandBias:0.7,Multiplicity:1.00
0.001	0.001	0.001	0.997
0.997	0.001	0.001	0.001
0.997	0.001	0.001	0.001
0.997	0.001	0.001	0.001
0.001	0.997	0.001	0.001
0.001	0.001	0.001	0.997
0.001	0.001	0.997	0.001
0.001	0.997	0.001	0.001
0.001	0.956	0.042	0.001
