>TGASTCABHNNN	1-TGASTCABHNNN	7.756127	-118.110673	0	T:2752.0(31.85%),B:1296.6(20.77%),P:1e-51	Tpos:140.1,Tstd:78.1,Bpos:135.3,Bstd:97.3,StrandBias:0.0,Multiplicity:2.04
0.001	0.001	0.001	0.997
0.001	0.001	0.997	0.001
0.997	0.001	0.001	0.001
0.163	0.346	0.487	0.004
0.001	0.001	0.001	0.997
0.001	0.997	0.001	0.001
0.997	0.001	0.001	0.001
0.154	0.346	0.200	0.300
0.273	0.247	0.139	0.341
0.245	0.282	0.200	0.273
0.221	0.229	0.215	0.335
0.218	0.250	0.225	0.307
>BAATCATGGKRG	2-BAATCATGGKRG	8.162047	-45.737799	0	T:436.0(5.05%),B:136.8(2.19%),P:1e-19	Tpos:144.6,Tstd:85.8,Bpos:142.2,Bstd:114.8,StrandBias:-0.1,Multiplicity:1.24
0.118	0.265	0.333	0.284
0.788	0.045	0.166	0.001
0.903	0.023	0.073	0.001
0.023	0.023	0.001	0.953
0.068	0.649	0.023	0.260
0.929	0.068	0.002	0.001
0.001	0.001	0.001	0.997
0.052	0.095	0.757	0.096
0.146	0.025	0.828	0.001
0.095	0.116	0.331	0.459
0.427	0.023	0.429	0.120
0.115	0.024	0.741	0.120
>ATCTCATCTTGA	3-ATCTCATCTTGA	11.849581	-43.549471	0	T:122.0(1.41%),B:9.8(0.16%),P:1e-18	Tpos:165.1,Tstd:106.4,Bpos:105.1,Bstd:82.9,StrandBias:-0.1,Multiplicity:1.00
0.955	0.015	0.015	0.015
0.001	0.001	0.014	0.984
0.001	0.997	0.001	0.001
0.001	0.015	0.015	0.969
0.001	0.984	0.001	0.014
0.984	0.001	0.001	0.014
0.015	0.129	0.001	0.855
0.001	0.939	0.059	0.001
0.029	0.029	0.001	0.941
0.015	0.030	0.015	0.940
0.001	0.001	0.984	0.014
0.955	0.015	0.015	0.015
>GDTCTCATGAGA	4-GDTCTCATGAGA	8.115277	-42.962238	0	T:546.0(6.32%),B:197.4(3.16%),P:1e-18	Tpos:145.1,Tstd:89.0,Bpos:141.2,Bstd:117.7,StrandBias:0.2,Multiplicity:1.07
0.266	0.061	0.602	0.071
0.405	0.055	0.260	0.280
0.095	0.089	0.082	0.734
0.020	0.641	0.076	0.263
0.102	0.006	0.001	0.891
0.001	0.757	0.162	0.080
0.681	0.163	0.047	0.109
0.055	0.020	0.048	0.877
0.041	0.115	0.831	0.013
0.985	0.001	0.001	0.013
0.109	0.133	0.738	0.020
0.888	0.068	0.030	0.014
>TWTRAAACCATC	5-TWTRAAACCATC	9.787913	-41.637913	0	T:118.0(1.37%),B:9.9(0.16%),P:1e-18	Tpos:143.2,Tstd:75.0,Bpos:150.7,Bstd:58.6,StrandBias:0.0,Multiplicity:1.00
0.102	0.125	0.203	0.570
0.385	0.169	0.097	0.350
0.148	0.047	0.045	0.760
0.424	0.204	0.307	0.064
0.705	0.011	0.023	0.261
0.640	0.042	0.252	0.066
0.612	0.032	0.303	0.053
0.051	0.612	0.271	0.066
0.026	0.701	0.001	0.272
0.658	0.310	0.002	0.030
0.001	0.278	0.049	0.672
0.049	0.805	0.051	0.095
>GAACAGTATGGG	6-GAACAGTATGGG	10.621835	-39.898679	0	T:144.0(1.67%),B:18.9(0.30%),P:1e-17	Tpos:135.0,Tstd:73.9,Bpos:140.4,Bstd:85.7,StrandBias:0.1,Multiplicity:1.01
0.001	0.069	0.929	0.001
0.827	0.138	0.034	0.001
0.925	0.005	0.069	0.001
0.036	0.824	0.105	0.035
0.994	0.001	0.001	0.004
0.001	0.070	0.895	0.034
0.040	0.220	0.120	0.620
0.683	0.041	0.240	0.036
0.035	0.001	0.105	0.859
0.075	0.001	0.820	0.104
0.253	0.001	0.637	0.109
0.001	0.034	0.964	0.001
>TCCCCAGCCATG	7-TCCCCAGCCATG	10.540449	-32.742782	0	T:109.0(1.26%),B:12.9(0.21%),P:1e-14	Tpos:130.9,Tstd:93.8,Bpos:173.1,Bstd:80.6,StrandBias:-0.8,Multiplicity:1.05
0.001	0.001	0.001	0.997
0.001	0.684	0.190	0.125
0.001	0.997	0.001	0.001
0.001	0.931	0.001	0.067
0.001	0.772	0.001	0.226
0.772	0.001	0.226	0.001
0.001	0.001	0.997	0.001
0.001	0.997	0.001	0.001
0.001	0.997	0.001	0.001
0.888	0.110	0.001	0.001
0.001	0.322	0.001	0.676
0.001	0.001	0.997	0.001
>ACATGGTDGCAG	8-ACATGGTDGCAG	10.504174	-32.739123	0	T:92.0(1.06%),B:7.0(0.11%),P:1e-14	Tpos:148.5,Tstd:91.2,Bpos:195.5,Bstd:125.5,StrandBias:-0.2,Multiplicity:1.00
0.653	0.011	0.225	0.111
0.022	0.933	0.044	0.001
0.955	0.001	0.043	0.001
0.001	0.158	0.022	0.819
0.306	0.001	0.637	0.056
0.237	0.056	0.563	0.144
0.044	0.271	0.045	0.640
0.317	0.001	0.369	0.312
0.335	0.001	0.597	0.067
0.338	0.583	0.045	0.034
0.751	0.001	0.001	0.247
0.123	0.001	0.875	0.001
>TCATGATAGTGA	9-TCATGATAGTGA	10.137216	-29.880334	0	T:172.0(1.99%),B:38.7(0.62%),P:1e-12	Tpos:136.5,Tstd:73.9,Bpos:160.2,Bstd:98.7,StrandBias:-0.3,Multiplicity:1.00
0.030	0.030	0.102	0.838
0.001	0.468	0.245	0.285
0.671	0.113	0.187	0.029
0.115	0.001	0.043	0.841
0.171	0.115	0.713	0.001
0.579	0.015	0.291	0.115
0.271	0.141	0.014	0.574
0.880	0.015	0.076	0.029
0.029	0.073	0.869	0.029
0.102	0.001	0.070	0.827
0.043	0.029	0.843	0.085
0.925	0.015	0.029	0.031
>ATATGGTTTGGC	10-ATATGGTTTGGC	11.305670	-27.940061	0	T:95.0(1.10%),B:11.3(0.18%),P:1e-12	Tpos:151.1,Tstd:98.8,Bpos:109.9,Bstd:50.2,StrandBias:-0.1,Multiplicity:1.01
0.835	0.101	0.063	0.001
0.001	0.001	0.001	0.997
0.823	0.001	0.110	0.066
0.001	0.101	0.001	0.897
0.101	0.001	0.897	0.001
0.001	0.101	0.897	0.001
0.001	0.001	0.001	0.997
0.001	0.001	0.001	0.997
0.001	0.001	0.001	0.997
0.101	0.001	0.897	0.001
0.138	0.001	0.760	0.101
0.001	0.897	0.001	0.101
>TTACTCATTCTT	11-TTACTCATTCTT	10.285972	-25.919019	0	T:74.0(0.86%),B:6.2(0.10%),P:1e-11	Tpos:136.5,Tstd:83.5,Bpos:172.8,Bstd:82.2,StrandBias:-0.2,Multiplicity:1.18
0.037	0.027	0.013	0.923
0.038	0.075	0.051	0.836
0.608	0.266	0.062	0.064
0.038	0.683	0.242	0.037
0.402	0.001	0.001	0.596
0.241	0.468	0.141	0.149
0.599	0.213	0.050	0.138
0.038	0.051	0.051	0.860
0.013	0.392	0.014	0.581
0.050	0.836	0.013	0.101
0.013	0.390	0.001	0.596
0.353	0.001	0.001	0.645
>GGCCHCAGGAAA	12-GGCCHCAGGAAA	11.723578	-25.794073	0	T:87.0(1.01%),B:10.2(0.16%),P:1e-11	Tpos:139.6,Tstd:101.7,Bpos:183.2,Bstd:205.7,StrandBias:0.2,Multiplicity:1.00
0.271	0.001	0.684	0.044
0.001	0.001	0.955	0.043
0.044	0.755	0.200	0.001
0.005	0.950	0.001	0.044
0.362	0.265	0.001	0.372
0.334	0.495	0.170	0.001
0.943	0.001	0.055	0.001
0.175	0.001	0.823	0.001
0.087	0.001	0.911	0.001
0.997	0.001	0.001	0.001
0.949	0.001	0.049	0.001
0.937	0.001	0.061	0.001
>TGGCATTACAGG	13-TGGCATTACAGG	10.119882	-24.512095	0	T:280.0(3.24%),B:97.1(1.56%),P:1e-10	Tpos:143.4,Tstd:105.3,Bpos:138.6,Bstd:111.2,StrandBias:0.0,Multiplicity:1.08
0.156	0.001	0.106	0.737
0.173	0.001	0.740	0.086
0.122	0.141	0.687	0.050
0.115	0.526	0.316	0.043
0.656	0.227	0.024	0.093
0.028	0.179	0.021	0.772
0.078	0.242	0.128	0.552
0.659	0.035	0.121	0.185
0.057	0.802	0.106	0.035
0.997	0.001	0.001	0.001
0.014	0.001	0.936	0.049
0.165	0.135	0.686	0.014
>TGAATAGATGTG	14-TGAATAGATGTG	9.655895	-23.710753	0	T:105.0(1.22%),B:18.6(0.30%),P:1e-10	Tpos:131.8,Tstd:97.1,Bpos:176.5,Bstd:95.5,StrandBias:-0.0,Multiplicity:1.02
0.056	0.001	0.067	0.876
0.069	0.023	0.874	0.034
0.785	0.046	0.056	0.113
0.876	0.056	0.034	0.034
0.079	0.046	0.045	0.830
0.761	0.023	0.103	0.113
0.114	0.058	0.794	0.034
0.862	0.035	0.045	0.058
0.061	0.023	0.013	0.903
0.056	0.056	0.798	0.090
0.035	0.011	0.090	0.864
0.069	0.068	0.795	0.068
>GTGGGAGGGACC	15-GTGGGAGGGACC	10.660734	-23.356160	0	T:127.0(1.47%),B:27.7(0.44%),P:1e-10	Tpos:147.3,Tstd:77.6,Bpos:132.0,Bstd:66.6,StrandBias:0.0,Multiplicity:1.05
0.127	0.019	0.853	0.001
0.038	0.001	0.001	0.960
0.039	0.020	0.921	0.020
0.019	0.001	0.979	0.001
0.001	0.019	0.979	0.001
0.997	0.001	0.001	0.001
0.019	0.001	0.979	0.001
0.028	0.001	0.970	0.001
0.019	0.001	0.961	0.019
0.818	0.059	0.103	0.020
0.039	0.824	0.039	0.098
0.007	0.973	0.019	0.001
>NCTTTBNCTTGN	16-NCTTTBNCTTGN	8.060050	-22.233592	0	T:59.0(0.68%),B:4.5(0.07%),P:1e-9	Tpos:148.1,Tstd:81.0,Bpos:97.4,Bstd:31.1,StrandBias:0.1,Multiplicity:1.00
0.208	0.356	0.228	0.208
0.108	0.670	0.057	0.165
0.121	0.151	0.028	0.700
0.055	0.156	0.147	0.642
0.067	0.165	0.151	0.617
0.156	0.362	0.228	0.254
0.205	0.208	0.313	0.274
0.063	0.655	0.126	0.156
0.104	0.160	0.047	0.689
0.085	0.061	0.155	0.699
0.084	0.082	0.521	0.313
0.175	0.311	0.250	0.265
>TGGAAACCACAC	17-TGGAAACCACAC	11.379690	-19.787747	0	T:64.0(0.74%),B:7.1(0.11%),P:1e-8	Tpos:123.7,Tstd:56.9,Bpos:186.9,Bstd:58.6,StrandBias:0.2,Multiplicity:1.00
0.102	0.001	0.035	0.862
0.069	0.001	0.929	0.001
0.035	0.106	0.824	0.035
0.929	0.001	0.035	0.035
0.964	0.001	0.034	0.001
0.894	0.035	0.070	0.001
0.035	0.929	0.001	0.035
0.001	0.964	0.001	0.034
0.964	0.034	0.001	0.001
0.034	0.964	0.001	0.001
0.946	0.052	0.001	0.001
0.105	0.824	0.001	0.070
>KNAACTCCTGNN	18-KNAACTCCTGNN	7.266241	-19.592011	0	T:57.0(0.66%),B:5.9(0.09%),P:1e-8	Tpos:131.5,Tstd:93.5,Bpos:100.6,Bstd:60.2,StrandBias:0.2,Multiplicity:1.00
0.198	0.199	0.352	0.251
0.332	0.242	0.202	0.224
0.572	0.147	0.114	0.167
0.599	0.128	0.118	0.155
0.128	0.625	0.125	0.122
0.130	0.136	0.179	0.555
0.125	0.655	0.109	0.111
0.125	0.533	0.194	0.148
0.104	0.167	0.166	0.563
0.153	0.120	0.592	0.135
0.319	0.196	0.229	0.256
0.205	0.305	0.227	0.264
>TTATGAATTACC	19-TTATGAATTACC	10.409522	-19.429799	0	T:41.0(0.47%),B:1.8(0.03%),P:1e-8	Tpos:161.5,Tstd:109.8,Bpos:177.0,Bstd:0.0,StrandBias:-0.1,Multiplicity:1.00
0.100	0.100	0.100	0.700
0.100	0.100	0.100	0.700
0.700	0.100	0.100	0.100
0.100	0.100	0.100	0.700
0.100	0.100	0.700	0.100
0.700	0.100	0.100	0.100
0.700	0.100	0.100	0.100
0.100	0.100	0.100	0.700
0.100	0.100	0.100	0.700
0.700	0.100	0.100	0.100
0.100	0.700	0.100	0.100
0.100	0.700	0.100	0.100
>GAAGAGGCCACW	20-GAAGAGGCCACW	8.277787	-19.203225	0	T:45.0(0.52%),B:2.8(0.04%),P:1e-8	Tpos:159.4,Tstd:105.5,Bpos:99.7,Bstd:26.4,StrandBias:0.1,Multiplicity:1.11
0.230	0.191	0.393	0.186
0.515	0.227	0.159	0.099
0.651	0.043	0.140	0.166
0.175	0.107	0.644	0.074
0.674	0.082	0.115	0.129
0.229	0.050	0.610	0.111
0.143	0.149	0.582	0.126
0.182	0.536	0.119	0.163
0.182	0.631	0.060	0.127
0.571	0.161	0.094	0.174
0.153	0.554	0.147	0.146
0.298	0.176	0.135	0.391
>AAAGCAGGTGAC	21-AAAGCAGGTGAC	10.650711	-18.982039	0	T:59.0(0.68%),B:6.3(0.10%),P:1e-8	Tpos:119.4,Tstd:74.6,Bpos:83.1,Bstd:60.1,StrandBias:1.2,Multiplicity:1.29
0.572	0.189	0.072	0.167
0.630	0.001	0.368	0.001
0.997	0.001	0.001	0.001
0.004	0.001	0.994	0.001
0.171	0.827	0.001	0.001
0.827	0.001	0.001	0.171
0.004	0.001	0.994	0.001
0.255	0.001	0.597	0.147
0.001	0.001	0.001	0.997
0.001	0.355	0.643	0.001
0.973	0.001	0.001	0.025
0.001	0.936	0.001	0.062
>GTCATATATATG	22-GTCATATATATG	9.421496	-12.257381	0	T:31.0(0.36%),B:2.4(0.04%),P:1e-5	Tpos:157.7,Tstd:107.8,Bpos:115.1,Bstd:83.9,StrandBias:0.7,Multiplicity:1.55
0.073	0.138	0.562	0.227
0.260	0.073	0.113	0.554
0.114	0.663	0.071	0.152
0.997	0.001	0.001	0.001
0.079	0.247	0.036	0.638
0.594	0.163	0.073	0.170
0.090	0.202	0.148	0.560
0.700	0.077	0.150	0.073
0.185	0.041	0.240	0.534
0.614	0.036	0.232	0.118
0.067	0.006	0.065	0.862
0.157	0.039	0.737	0.067
>CTTGCTTGCTTC	23-CTTGCTTGCTTC	9.773789	-12.219207	0	T:172.0(1.99%),B:67.9(1.09%),P:1e-5	Tpos:150.9,Tstd:95.4,Bpos:162.9,Bstd:111.2,StrandBias:0.0,Multiplicity:1.04
0.026	0.830	0.059	0.085
0.069	0.068	0.017	0.846
0.068	0.008	0.101	0.823
0.025	0.053	0.829	0.093
0.025	0.924	0.017	0.034
0.025	0.095	0.008	0.872
0.042	0.034	0.119	0.805
0.085	0.118	0.711	0.086
0.042	0.855	0.025	0.078
0.034	0.068	0.017	0.881
0.034	0.034	0.087	0.845
0.017	0.797	0.101	0.085
>TCATGTGACTGT	24-TCATGTGACTGT	10.216649	-12.068242	0	T:54.0(0.62%),B:10.9(0.17%),P:1e-5	Tpos:141.1,Tstd:78.2,Bpos:152.1,Bstd:68.2,StrandBias:0.3,Multiplicity:1.02
0.038	0.056	0.037	0.869
0.056	0.832	0.084	0.028
0.877	0.057	0.009	0.057
0.028	0.047	0.086	0.839
0.048	0.084	0.820	0.048
0.056	0.019	0.038	0.887
0.094	0.067	0.783	0.056
0.727	0.066	0.104	0.103
0.057	0.821	0.038	0.084
0.047	0.019	0.019	0.915
0.085	0.020	0.828	0.067
0.048	0.075	0.057	0.820
>TAGTCTAGTCTA	25-TAGTCTAGTCTA	10.333310	-3.003457	0	T:15.0(0.17%),B:4.0(0.06%),P:1e-1	Tpos:144.8,Tstd:86.6,Bpos:137.9,Bstd:104.5,StrandBias:3.6,Multiplicity:1.80
0.030	0.106	0.030	0.834
0.726	0.001	0.077	0.196
0.074	0.135	0.775	0.016
0.001	0.044	0.045	0.910
0.062	0.691	0.231	0.016
0.044	0.060	0.001	0.895
0.787	0.001	0.153	0.059
0.149	0.060	0.761	0.030
0.030	0.032	0.031	0.907
0.046	0.536	0.239	0.179
0.120	0.060	0.001	0.819
0.594	0.062	0.151	0.193
