>TGAGTCA	1-TGAGTCA	6.510290	-156.913814	0	T:4452.0(51.53%),B:2315.9(37.10%),P:1e-68	Tpos:141.7,Tstd:82.8,Bpos:138.0,Bstd:100.5,StrandBias:0.0,Multiplicity:1.43
0.001	0.001	0.001	0.997
0.001	0.001	0.925	0.073
0.864	0.001	0.054	0.081
0.254	0.001	0.744	0.001
0.001	0.001	0.001	0.997
0.116	0.882	0.001	0.001
0.997	0.001	0.001	0.001
>GATAAGA	2-GATAAGA	7.335201	-55.642217	0	T:965.0(11.17%),B:396.3(6.35%),P:1e-24	Tpos:150.4,Tstd:100.9,Bpos:135.8,Bstd:112.4,StrandBias:-0.0,Multiplicity:1.10
0.001	0.001	0.997	0.001
0.997	0.001	0.001	0.001
0.001	0.001	0.001	0.997
0.997	0.001	0.001	0.001
0.997	0.001	0.001	0.001
0.001	0.186	0.812	0.001
0.640	0.117	0.242	0.001
>GAGGTAA	3-GAGGTAA	5.464037	-50.704209	0	T:3133.0(36.26%),B:1789.1(28.66%),P:1e-22	Tpos:144.6,Tstd:96.3,Bpos:147.4,Bstd:110.7,StrandBias:-0.0,Multiplicity:1.23
0.165	0.274	0.560	0.001
0.991	0.001	0.001	0.007
0.125	0.001	0.873	0.001
0.258	0.001	0.740	0.001
0.001	0.039	0.001	0.959
0.950	0.048	0.001	0.001
0.873	0.125	0.001	0.001
>GTAATCC	4-GTAATCC	6.425393	-32.527033	0	T:861.0(9.97%),B:402.3(6.45%),P:1e-14	Tpos:149.5,Tstd:99.7,Bpos:148.4,Bstd:107.9,StrandBias:0.1,Multiplicity:1.11
0.001	0.001	0.997	0.001
0.001	0.165	0.001	0.833
0.913	0.001	0.001	0.085
0.928	0.001	0.070	0.001
0.001	0.072	0.001	0.926
0.001	0.997	0.001	0.001
0.001	0.732	0.058	0.209
>CATGAGA	5-CATGAGA	5.955093	-29.150303	0	T:2132.0(24.68%),B:1227.6(19.67%),P:1e-12	Tpos:146.7,Tstd:93.6,Bpos:136.7,Bstd:108.0,StrandBias:-0.1,Multiplicity:1.31
0.001	0.887	0.111	0.001
0.997	0.001	0.001	0.001
0.125	0.100	0.001	0.774
0.001	0.001	0.997	0.001
0.954	0.044	0.001	0.001
0.001	0.001	0.894	0.104
0.877	0.121	0.001	0.001
>ACCATRT	6-ACCATRT	8.830366	-25.588068	0	T:749.0(8.67%),B:359.5(5.76%),P:1e-11	Tpos:147.3,Tstd:93.8,Bpos:135.9,Bstd:104.2,StrandBias:0.2,Multiplicity:1.06
0.997	0.001	0.001	0.001
0.001	0.997	0.001	0.001
0.001	0.997	0.001	0.001
0.997	0.001	0.001	0.001
0.001	0.001	0.001	0.997
0.573	0.001	0.425	0.001
0.001	0.001	0.001	0.997
>GAAACCG	7-GAAACCG	6.234950	-25.379971	0	T:2965.0(34.32%),B:1817.4(29.11%),P:1e-11	Tpos:143.8,Tstd:91.9,Bpos:139.7,Bstd:98.5,StrandBias:0.0,Multiplicity:1.26
0.032	0.029	0.911	0.028
0.901	0.001	0.051	0.047
0.997	0.001	0.001	0.001
0.936	0.039	0.001	0.024
0.087	0.911	0.001	0.001
0.139	0.736	0.001	0.124
0.193	0.171	0.635	0.001
>ATATAMC	8-ATATAMC	5.529044	-25.064661	0	T:2044.0(23.66%),B:1192.4(19.10%),P:1e-10	Tpos:141.9,Tstd:94.5,Bpos:145.1,Bstd:105.4,StrandBias:-0.0,Multiplicity:1.17
0.997	0.001	0.001	0.001
0.001	0.001	0.118	0.880
0.997	0.001	0.001	0.001
0.068	0.001	0.001	0.930
0.693	0.001	0.305	0.001
0.445	0.350	0.204	0.001
0.001	0.997	0.001	0.001
>TGTGGGA	9-TGTGGGA	7.024046	-23.779696	0	T:1081.0(12.51%),B:571.7(9.16%),P:1e-10	Tpos:145.0,Tstd:97.0,Bpos:140.7,Bstd:100.9,StrandBias:0.1,Multiplicity:1.15
0.001	0.116	0.001	0.882
0.398	0.001	0.600	0.001
0.001	0.001	0.001	0.997
0.001	0.001	0.997	0.001
0.001	0.001	0.997	0.001
0.001	0.001	0.997	0.001
0.997	0.001	0.001	0.001
>AGCCACA	10-AGCCACA	6.558770	-19.514690	0	T:2315.0(26.79%),B:1412.3(22.62%),P:1e-8	Tpos:145.1,Tstd:89.1,Bpos:141.0,Bstd:106.3,StrandBias:0.1,Multiplicity:1.23
0.853	0.001	0.145	0.001
0.001	0.001	0.997	0.001
0.001	0.997	0.001	0.001
0.001	0.997	0.001	0.001
0.927	0.001	0.071	0.001
0.001	0.890	0.001	0.108
0.806	0.192	0.001	0.001
>CCTAGAT	11-CCTAGAT	8.409489	-14.270915	0	T:504.0(5.83%),B:254.7(4.08%),P:1e-6	Tpos:152.0,Tstd:100.2,Bpos:150.1,Bstd:116.2,StrandBias:-0.0,Multiplicity:1.04
0.001	0.997	0.001	0.001
0.001	0.997	0.001	0.001
0.001	0.001	0.001	0.997
0.719	0.001	0.001	0.279
0.001	0.001	0.997	0.001
0.997	0.001	0.001	0.001
0.001	0.001	0.001	0.997
>GATTGGT	12-GATTGGT	7.033369	-12.672110	0	T:714.0(8.26%),B:393.5(6.30%),P:1e-5	Tpos:139.8,Tstd:96.8,Bpos:139.0,Bstd:114.0,StrandBias:0.1,Multiplicity:1.24
0.111	0.001	0.887	0.001
0.997	0.001	0.001	0.001
0.001	0.001	0.001	0.997
0.001	0.001	0.001	0.997
0.001	0.235	0.763	0.001
0.001	0.001	0.997	0.001
0.001	0.171	0.001	0.827
>GACGTGG	13-GACGTGG	6.502144	-9.399791	0	T:735.0(8.51%),B:426.2(6.83%),P:1e-4	Tpos:139.5,Tstd:92.3,Bpos:152.0,Bstd:93.8,StrandBias:-0.0,Multiplicity:1.10
0.001	0.105	0.844	0.050
0.826	0.001	0.172	0.001
0.001	0.997	0.001	0.001
0.001	0.001	0.997	0.001
0.001	0.001	0.001	0.997
0.001	0.001	0.997	0.001
0.001	0.001	0.997	0.001
