>TGAGTC	1-TGAGTC	7.033342	-80.623668	0	T:3924.0(45.42%),B:2202.3(35.28%),P:1e-35	Tpos:142.5,Tstd:85.4,Bpos:139.4,Bstd:105.7,StrandBias:-0.0,Multiplicity:1.35
0.001	0.001	0.001	0.997
0.001	0.001	0.997	0.001
0.997	0.001	0.001	0.001
0.281	0.001	0.717	0.001
0.001	0.001	0.001	0.997
0.001	0.997	0.001	0.001
>GATAAG	2-GATAAG	7.071741	-56.473281	0	T:1445.0(16.72%),B:674.8(10.81%),P:1e-24	Tpos:148.6,Tstd:99.9,Bpos:138.1,Bstd:110.5,StrandBias:-0.1,Multiplicity:1.15
0.001	0.001	0.997	0.001
0.997	0.001	0.001	0.001
0.001	0.001	0.001	0.997
0.997	0.001	0.001	0.001
0.997	0.001	0.001	0.001
0.001	0.292	0.706	0.001
>TTACCT	3-TTACCT	4.700326	-34.331333	0	T:3807.0(44.06%),B:2346.2(37.58%),P:1e-14	Tpos:145.5,Tstd:97.4,Bpos:144.8,Bstd:109.0,StrandBias:0.0,Multiplicity:1.34
0.001	0.172	0.160	0.667
0.001	0.001	0.001	0.997
0.997	0.001	0.001	0.001
0.001	0.840	0.001	0.158
0.001	0.997	0.001	0.001
0.001	0.001	0.001	0.997
>CTCATG	4-CTCATG	8.143747	-30.714022	0	T:1764.0(20.42%),B:976.9(15.65%),P:1e-13	Tpos:145.4,Tstd:94.8,Bpos:131.2,Bstd:106.3,StrandBias:0.0,Multiplicity:1.14
0.001	0.997	0.001	0.001
0.001	0.001	0.001	0.997
0.001	0.997	0.001	0.001
0.853	0.001	0.145	0.001
0.001	0.001	0.001	0.997
0.001	0.001	0.997	0.001
>TGGTTT	5-TGGTTT	5.767888	-30.384498	0	T:4408.0(51.02%),B:2800.8(44.87%),P:1e-13	Tpos:145.3,Tstd:95.1,Bpos:145.1,Bstd:104.3,StrandBias:-0.0,Multiplicity:1.48
0.001	0.070	0.161	0.768
0.001	0.157	0.841	0.001
0.001	0.001	0.997	0.001
0.001	0.001	0.001	0.997
0.122	0.001	0.001	0.876
0.001	0.001	0.001	0.997
>GATTAM	6-GATTAM	5.175385	-28.844374	0	T:3205.0(37.09%),B:1960.1(31.40%),P:1e-12	Tpos:143.3,Tstd:93.8,Bpos:146.2,Bstd:108.0,StrandBias:-0.0,Multiplicity:1.33
0.001	0.001	0.783	0.215
0.762	0.001	0.147	0.090
0.001	0.273	0.256	0.470
0.001	0.001	0.112	0.886
0.749	0.001	0.107	0.143
0.426	0.375	0.198	0.001
>TATGTC	7-TATGTC	4.676292	-27.015395	0	T:4612.0(53.38%),B:2971.4(47.60%),P:1e-11	Tpos:146.0,Tstd:94.3,Bpos:143.4,Bstd:107.8,StrandBias:-0.0,Multiplicity:1.52
0.001	0.152	0.001	0.846
0.805	0.001	0.193	0.001
0.001	0.001	0.001	0.997
0.001	0.001	0.997	0.001
0.001	0.001	0.162	0.836
0.001	0.997	0.001	0.001
>TGGTCA	8-TGGTCA	5.749471	-24.823791	0	T:3470.0(40.16%),B:2173.9(34.83%),P:1e-10	Tpos:145.8,Tstd:97.5,Bpos:139.9,Bstd:107.3,StrandBias:-0.0,Multiplicity:1.33
0.233	0.001	0.104	0.662
0.001	0.001	0.997	0.001
0.001	0.001	0.997	0.001
0.001	0.128	0.001	0.870
0.001	0.997	0.001	0.001
0.855	0.001	0.143	0.001
