>NVTGANTCAB	1-NVTGANTCAB	5.904613	-160.502545	0	T:3394.0(39.28%),B:1592.2(25.51%),P:1e-69	Tpos:140.6,Tstd:80.1,Bpos:134.9,Bstd:97.7,StrandBias:-0.0,Multiplicity:1.25
0.261	0.250	0.275	0.213
0.318	0.280	0.267	0.135
0.109	0.023	0.040	0.828
0.037	0.070	0.703	0.190
0.677	0.047	0.133	0.143
0.200	0.288	0.297	0.215
0.054	0.195	0.038	0.713
0.219	0.682	0.055	0.044
0.886	0.047	0.022	0.045
0.155	0.313	0.214	0.319
>NHYCTTATCW	2-NHYCTTATCW	7.249511	-67.988380	0	T:594.0(6.88%),B:176.2(2.82%),P:1e-29	Tpos:153.0,Tstd:101.1,Bpos:121.9,Bstd:96.8,StrandBias:-0.1,Multiplicity:1.06
0.201	0.281	0.226	0.291
0.360	0.280	0.021	0.340
0.154	0.295	0.190	0.361
0.039	0.562	0.342	0.057
0.045	0.095	0.036	0.824
0.078	0.087	0.108	0.727
0.823	0.054	0.085	0.038
0.039	0.073	0.050	0.838
0.144	0.761	0.048	0.047
0.425	0.057	0.004	0.514
>GCCACACCAT	3-GCCACACCAT	8.670220	-43.160827	0	T:248.0(2.87%),B:54.4(0.87%),P:1e-18	Tpos:153.0,Tstd:94.3,Bpos:132.2,Bstd:118.3,StrandBias:0.1,Multiplicity:1.01
0.001	0.001	0.997	0.001
0.001	0.807	0.053	0.139
0.001	0.997	0.001	0.001
0.839	0.085	0.001	0.075
0.166	0.823	0.001	0.010
0.919	0.039	0.021	0.021
0.001	0.924	0.001	0.074
0.016	0.898	0.021	0.065
0.909	0.052	0.001	0.038
0.039	0.032	0.033	0.896
>GGRATTAYGG	4-GGRATTAYGG	6.791759	-42.176110	0	T:485.0(5.61%),B:167.8(2.69%),P:1e-18	Tpos:142.8,Tstd:94.6,Bpos:148.5,Bstd:113.7,StrandBias:-0.1,Multiplicity:1.06
0.293	0.001	0.696	0.010
0.332	0.013	0.568	0.087
0.454	0.082	0.436	0.028
0.698	0.128	0.001	0.173
0.087	0.160	0.117	0.636
0.033	0.055	0.150	0.762
0.466	0.152	0.174	0.209
0.172	0.261	0.188	0.378
0.316	0.060	0.478	0.147
0.143	0.052	0.673	0.132
>GCATGGCCAA	5-GCATGGCCAA	7.472793	-41.889668	0	T:513.0(5.94%),B:182.7(2.93%),P:1e-18	Tpos:146.3,Tstd:100.9,Bpos:164.6,Bstd:102.9,StrandBias:-0.0,Multiplicity:1.09
0.265	0.113	0.504	0.118
0.105	0.683	0.039	0.173
0.679	0.181	0.123	0.017
0.017	0.001	0.001	0.981
0.202	0.003	0.794	0.001
0.145	0.064	0.604	0.187
0.007	0.710	0.264	0.019
0.183	0.503	0.001	0.313
0.605	0.021	0.137	0.237
0.751	0.031	0.201	0.017
>BADATSTCAT	6-BADATSTCAT	5.620304	-41.161883	0	T:1337.0(15.47%),B:660.5(10.58%),P:1e-17	Tpos:146.7,Tstd:92.1,Bpos:139.9,Bstd:110.2,StrandBias:0.1,Multiplicity:1.19
0.186	0.354	0.226	0.234
0.535	0.043	0.043	0.379
0.241	0.110	0.286	0.362
0.506	0.147	0.293	0.054
0.060	0.053	0.053	0.834
0.062	0.471	0.324	0.143
0.350	0.038	0.023	0.589
0.049	0.483	0.289	0.179
0.484	0.164	0.037	0.314
0.169	0.188	0.077	0.566
>GGGGTTTCCC	7-GGGGTTTCCC	7.439674	-38.628389	0	T:844.0(9.77%),B:373.7(5.99%),P:1e-16	Tpos:143.5,Tstd:88.1,Bpos:140.2,Bstd:99.8,StrandBias:-0.0,Multiplicity:1.11
0.061	0.028	0.848	0.063
0.042	0.024	0.818	0.116
0.062	0.068	0.801	0.069
0.130	0.086	0.656	0.128
0.121	0.095	0.077	0.707
0.038	0.035	0.038	0.889
0.052	0.089	0.081	0.778
0.045	0.837	0.052	0.066
0.060	0.830	0.041	0.069
0.064	0.839	0.033	0.064
>TAARCCTCCY	8-TAARCCTCCY	7.641942	-38.284638	0	T:373.0(4.32%),B:118.8(1.90%),P:1e-16	Tpos:148.7,Tstd:100.2,Bpos:139.8,Bstd:107.9,StrandBias:-0.3,Multiplicity:1.03
0.001	0.273	0.001	0.725
0.634	0.216	0.001	0.149
0.692	0.088	0.053	0.167
0.317	0.209	0.367	0.107
0.155	0.691	0.001	0.153
0.001	0.866	0.001	0.132
0.126	0.127	0.001	0.746
0.001	0.618	0.191	0.190
0.151	0.510	0.002	0.337
0.190	0.396	0.042	0.372
>SWGDTYAGGA	9-SWGDTYAGGA	6.150733	-37.252751	0	T:326.0(3.77%),B:97.8(1.57%),P:1e-16	Tpos:145.6,Tstd:92.7,Bpos:135.0,Bstd:94.5,StrandBias:0.3,Multiplicity:1.10
0.142	0.294	0.413	0.151
0.519	0.090	0.007	0.384
0.147	0.265	0.481	0.107
0.235	0.139	0.242	0.384
0.048	0.324	0.008	0.620
0.008	0.460	0.190	0.342
0.636	0.050	0.163	0.151
0.295	0.045	0.517	0.143
0.012	0.269	0.630	0.089
0.439	0.244	0.069	0.248
>CATGWGAWCC	10-CATGWGAWCC	8.208870	-37.049588	0	T:163.0(1.89%),B:27.1(0.43%),P:1e-16	Tpos:132.9,Tstd:76.6,Bpos:152.1,Bstd:87.5,StrandBias:-0.0,Multiplicity:1.02
0.261	0.732	0.006	0.001
0.733	0.001	0.100	0.166
0.314	0.071	0.001	0.614
0.001	0.346	0.648	0.005
0.531	0.005	0.001	0.463
0.187	0.138	0.666	0.009
0.492	0.001	0.235	0.271
0.475	0.030	0.132	0.363
0.001	0.718	0.029	0.252
0.314	0.664	0.001	0.021
>CTCACAATCA	11-CTCACAATCA	9.080087	-31.639256	0	T:267.0(3.09%),B:78.0(1.25%),P:1e-13	Tpos:131.9,Tstd:81.7,Bpos:127.2,Bstd:100.9,StrandBias:0.5,Multiplicity:1.04
0.001	0.997	0.001	0.001
0.047	0.038	0.001	0.914
0.001	0.760	0.042	0.197
0.979	0.010	0.010	0.001
0.082	0.844	0.073	0.001
0.812	0.031	0.011	0.146
0.954	0.001	0.001	0.044
0.039	0.034	0.031	0.896
0.001	0.943	0.001	0.055
0.997	0.001	0.001	0.001
>GAAACTGAAA	12-GAAACTGAAA	8.718788	-31.472829	0	T:955.0(11.05%),B:462.9(7.42%),P:1e-13	Tpos:146.8,Tstd:89.5,Bpos:136.2,Bstd:98.6,StrandBias:-0.0,Multiplicity:1.15
0.001	0.036	0.962	0.001
0.829	0.001	0.001	0.169
0.837	0.001	0.106	0.056
0.853	0.001	0.145	0.001
0.001	0.618	0.380	0.001
0.233	0.001	0.001	0.765
0.170	0.002	0.827	0.001
0.605	0.001	0.393	0.001
0.699	0.001	0.277	0.023
0.767	0.001	0.231	0.001
>STTGAMTTGT	13-STTGAMTTGT	8.147817	-30.119415	0	T:132.0(1.53%),B:22.8(0.36%),P:1e-13	Tpos:158.6,Tstd:103.3,Bpos:180.8,Bstd:108.0,StrandBias:-0.0,Multiplicity:1.00
0.001	0.449	0.549	0.001
0.001	0.001	0.013	0.985
0.001	0.001	0.012	0.986
0.013	0.001	0.985	0.001
0.997	0.001	0.001	0.001
0.551	0.447	0.001	0.001
0.001	0.049	0.001	0.949
0.001	0.001	0.001	0.997
0.001	0.001	0.997	0.001
0.003	0.001	0.001	0.995
>TCCCACAAGA	14-TCCCACAAGA	7.664119	-28.809526	0	T:219.0(2.53%),B:60.9(0.98%),P:1e-12	Tpos:141.9,Tstd:87.1,Bpos:135.8,Bstd:85.3,StrandBias:-0.0,Multiplicity:1.06
0.213	0.024	0.174	0.589
0.157	0.483	0.200	0.160
0.041	0.882	0.026	0.051
0.208	0.751	0.006	0.035
0.655	0.061	0.040	0.244
0.043	0.682	0.049	0.226
0.648	0.176	0.026	0.150
0.489	0.041	0.216	0.254
0.079	0.158	0.617	0.146
0.574	0.182	0.216	0.028
>CTTCTTTACA	15-CTTCTTTACA	9.084005	-27.879638	0	T:216.0(2.50%),B:60.8(0.97%),P:1e-12	Tpos:136.4,Tstd:89.7,Bpos:136.5,Bstd:89.7,StrandBias:-0.3,Multiplicity:1.01
0.021	0.878	0.030	0.071
0.021	0.001	0.010	0.968
0.021	0.001	0.021	0.957
0.029	0.904	0.052	0.015
0.014	0.036	0.001	0.949
0.068	0.001	0.001	0.930
0.052	0.030	0.069	0.849
0.887	0.111	0.001	0.001
0.074	0.924	0.001	0.001
0.858	0.083	0.010	0.049
>TTATAAAACC	16-TTATAAAACC	9.850831	-23.715956	0	T:128.0(1.48%),B:27.7(0.44%),P:1e-10	Tpos:154.1,Tstd:83.6,Bpos:135.1,Bstd:99.4,StrandBias:0.2,Multiplicity:1.01
0.001	0.089	0.080	0.830
0.001	0.001	0.122	0.876
0.997	0.001	0.001	0.001
0.001	0.001	0.001	0.997
0.992	0.001	0.001	0.006
0.997	0.001	0.001	0.001
0.969	0.001	0.029	0.001
0.913	0.001	0.085	0.001
0.001	0.997	0.001	0.001
0.001	0.959	0.039	0.001
>CTCTCAATCT	17-CTCTCAATCT	7.112667	-21.658409	0	T:127.0(1.47%),B:29.4(0.47%),P:1e-9	Tpos:142.3,Tstd:91.2,Bpos:123.7,Bstd:106.0,StrandBias:-0.1,Multiplicity:1.03
0.001	0.796	0.202	0.001
0.001	0.001	0.001	0.997
0.001	0.976	0.022	0.001
0.001	0.001	0.001	0.997
0.001	0.997	0.001	0.001
0.997	0.001	0.001	0.001
0.729	0.001	0.001	0.269
0.001	0.001	0.001	0.997
0.001	0.997	0.001	0.001
0.001	0.001	0.001	0.997
>CATGTAAGAC	18-CATGTAAGAC	8.475557	-21.582595	0	T:86.0(1.00%),B:13.6(0.22%),P:1e-9	Tpos:142.7,Tstd:85.6,Bpos:183.2,Bstd:72.2,StrandBias:0.4,Multiplicity:1.00
0.001	0.902	0.027	0.070
0.740	0.130	0.006	0.124
0.168	0.156	0.218	0.458
0.001	0.020	0.966	0.013
0.028	0.122	0.051	0.799
0.581	0.136	0.276	0.007
0.709	0.054	0.007	0.230
0.072	0.264	0.543	0.121
0.463	0.094	0.161	0.281
0.034	0.577	0.285	0.104
>CGAATCACCT	19-CGAATCACCT	7.451527	-21.552679	0	T:518.0(6.00%),B:236.4(3.79%),P:1e-9	Tpos:144.2,Tstd:99.3,Bpos:140.6,Bstd:113.7,StrandBias:0.1,Multiplicity:1.02
0.083	0.637	0.170	0.110
0.102	0.163	0.673	0.062
0.825	0.066	0.079	0.030
0.789	0.061	0.119	0.031
0.068	0.021	0.109	0.802
0.030	0.845	0.054	0.071
0.832	0.077	0.030	0.061
0.089	0.816	0.041	0.054
0.042	0.916	0.012	0.030
0.034	0.068	0.024	0.874
>CTATGCCATA	20-CTATGCCATA	9.408906	-20.213159	0	T:47.0(0.54%),B:2.4(0.04%),P:1e-8	Tpos:136.4,Tstd:96.0,Bpos:116.4,Bstd:29.6,StrandBias:-0.2,Multiplicity:1.10
0.001	0.852	0.107	0.040
0.001	0.106	0.001	0.892
0.823	0.004	0.163	0.010
0.001	0.106	0.001	0.892
0.160	0.001	0.838	0.001
0.106	0.892	0.001	0.001
0.040	0.941	0.001	0.018
0.959	0.001	0.039	0.001
0.040	0.001	0.107	0.852
0.892	0.001	0.106	0.001
>AGTAAGAGGT	21-AGTAAGAGGT	9.918799	-19.748586	0	T:112.0(1.30%),B:25.2(0.40%),P:1e-8	Tpos:129.2,Tstd:90.8,Bpos:172.3,Bstd:165.2,StrandBias:0.3,Multiplicity:1.08
0.968	0.012	0.001	0.019
0.028	0.011	0.957	0.004
0.111	0.001	0.225	0.663
0.889	0.033	0.001	0.077
0.916	0.001	0.027	0.056
0.051	0.019	0.917	0.013
0.995	0.001	0.003	0.001
0.001	0.012	0.986	0.001
0.001	0.081	0.917	0.001
0.126	0.029	0.001	0.844
>GTGGTCACTG	22-GTGGTCACTG	10.071466	-19.748586	0	T:112.0(1.30%),B:25.7(0.41%),P:1e-8	Tpos:149.8,Tstd:99.2,Bpos:127.4,Bstd:69.3,StrandBias:-0.1,Multiplicity:1.01
0.001	0.001	0.713	0.285
0.001	0.001	0.001	0.997
0.001	0.066	0.932	0.001
0.001	0.001	0.997	0.001
0.001	0.001	0.001	0.997
0.001	0.997	0.001	0.001
0.673	0.325	0.001	0.001
0.198	0.800	0.001	0.001
0.094	0.001	0.001	0.904
0.001	0.001	0.997	0.001
>GCAGGTTAGG	23-GCAGGTTAGG	8.736407	-18.126358	0	T:130.0(1.50%),B:35.2(0.56%),P:1e-7	Tpos:147.8,Tstd:96.0,Bpos:156.9,Bstd:85.3,StrandBias:0.1,Multiplicity:1.01
0.073	0.018	0.873	0.036
0.054	0.909	0.001	0.036
0.981	0.001	0.001	0.017
0.001	0.018	0.945	0.036
0.036	0.054	0.883	0.027
0.040	0.018	0.053	0.889
0.040	0.032	0.110	0.818
0.885	0.018	0.096	0.001
0.039	0.001	0.851	0.109
0.035	0.001	0.963	0.001
>CTGATTGGTT	24-CTGATTGGTT	7.263136	-18.097827	0	T:654.0(7.57%),B:330.4(5.29%),P:1e-7	Tpos:137.7,Tstd:94.4,Bpos:146.3,Bstd:99.5,StrandBias:0.1,Multiplicity:1.22
0.112	0.698	0.131	0.059
0.079	0.043	0.029	0.849
0.058	0.094	0.789	0.059
0.771	0.106	0.081	0.042
0.125	0.053	0.047	0.775
0.032	0.027	0.102	0.839
0.053	0.039	0.814	0.094
0.060	0.060	0.862	0.018
0.058	0.112	0.059	0.771
0.038	0.058	0.068	0.836
>CTTTATCTAT	25-CTTTATCTAT	9.358035	-17.225648	0	T:100.0(1.16%),B:23.1(0.37%),P:1e-7	Tpos:148.0,Tstd:106.7,Bpos:121.6,Bstd:107.0,StrandBias:-0.3,Multiplicity:1.01
0.001	0.997	0.001	0.001
0.001	0.001	0.001	0.997
0.021	0.070	0.001	0.908
0.001	0.001	0.001	0.997
0.997	0.001	0.001	0.001
0.001	0.001	0.001	0.997
0.153	0.845	0.001	0.001
0.140	0.015	0.085	0.760
0.978	0.020	0.001	0.001
0.001	0.001	0.001	0.997
