>ATGACTCA	1-ATGACTCA	6.322308	-171.560100	0	T:3793.0(43.90%),B:1825.5(29.24%),P:1e-74	Tpos:140.7,Tstd:80.6,Bpos:134.8,Bstd:97.0,StrandBias:0.0,Multiplicity:1.32
0.629	0.100	0.202	0.069
0.001	0.001	0.019	0.979
0.001	0.001	0.925	0.073
0.939	0.001	0.020	0.040
0.067	0.702	0.107	0.124
0.052	0.017	0.001	0.930
0.035	0.963	0.001	0.001
0.997	0.001	0.001	0.001
>KATAWGAT	2-KATAWGAT	5.592747	-54.517373	0	T:2475.0(28.65%),B:1332.1(21.34%),P:1e-23	Tpos:147.0,Tstd:96.9,Bpos:138.6,Bstd:110.0,StrandBias:0.0,Multiplicity:1.32
0.134	0.194	0.411	0.261
0.924	0.001	0.074	0.001
0.001	0.174	0.106	0.719
0.547	0.272	0.180	0.001
0.501	0.001	0.001	0.497
0.001	0.166	0.832	0.001
0.809	0.091	0.099	0.001
0.090	0.138	0.102	0.670
>RGAGATAA	3-RGAGATAA	6.510129	-39.203703	0	T:1364.0(15.79%),B:684.9(10.97%),P:1e-17	Tpos:147.4,Tstd:98.3,Bpos:146.5,Bstd:116.2,StrandBias:-0.1,Multiplicity:1.08
0.282	0.241	0.419	0.058
0.176	0.061	0.550	0.213
0.912	0.001	0.034	0.053
0.001	0.098	0.900	0.001
0.663	0.001	0.253	0.083
0.001	0.001	0.001	0.997
0.723	0.085	0.049	0.143
0.852	0.096	0.022	0.030
>GAAATCCC	4-GAAATCCC	6.599029	-38.140685	0	T:1552.0(17.96%),B:806.5(12.92%),P:1e-16	Tpos:144.6,Tstd:95.7,Bpos:144.1,Bstd:101.4,StrandBias:0.1,Multiplicity:1.15
0.031	0.001	0.937	0.031
0.688	0.038	0.034	0.240
0.958	0.001	0.001	0.040
0.842	0.090	0.027	0.041
0.029	0.127	0.001	0.843
0.023	0.857	0.100	0.020
0.065	0.933	0.001	0.001
0.001	0.997	0.001	0.001
>TGACCACG	5-TGACCACG	6.451462	-30.708809	0	T:1231.0(14.25%),B:635.5(10.18%),P:1e-13	Tpos:144.5,Tstd:92.8,Bpos:137.8,Bstd:98.6,StrandBias:0.1,Multiplicity:1.10
0.001	0.001	0.001	0.997
0.030	0.032	0.905	0.033
0.872	0.051	0.076	0.001
0.001	0.997	0.001	0.001
0.001	0.855	0.025	0.119
0.866	0.033	0.001	0.100
0.150	0.712	0.001	0.137
0.059	0.001	0.873	0.067
>GAAAGTGA	6-GAAAGTGA	6.612731	-29.077892	0	T:2674.0(30.95%),B:1593.8(25.53%),P:1e-12	Tpos:143.3,Tstd:93.7,Bpos:141.6,Bstd:107.2,StrandBias:0.0,Multiplicity:1.27
0.001	0.001	0.899	0.099
0.997	0.001	0.001	0.001
0.821	0.001	0.001	0.177
0.774	0.001	0.224	0.001
0.001	0.300	0.626	0.073
0.266	0.110	0.009	0.615
0.121	0.001	0.689	0.189
0.572	0.001	0.205	0.222
>GTGGCTTG	7-GTGGCTTG	6.803609	-28.304326	0	T:2222.0(25.72%),B:1292.4(20.70%),P:1e-12	Tpos:142.7,Tstd:88.5,Bpos:143.0,Bstd:104.1,StrandBias:-0.2,Multiplicity:1.18
0.001	0.001	0.997	0.001
0.078	0.001	0.053	0.868
0.001	0.001	0.997	0.001
0.052	0.001	0.946	0.001
0.032	0.730	0.001	0.237
0.047	0.100	0.001	0.852
0.035	0.001	0.138	0.826
0.082	0.101	0.777	0.040
>TCAWGACA	8-TCAWGACA	7.962104	-27.896146	0	T:801.0(9.27%),B:382.2(6.12%),P:1e-12	Tpos:147.7,Tstd:93.4,Bpos:146.6,Bstd:113.6,StrandBias:-0.2,Multiplicity:1.08
0.001	0.001	0.116	0.882
0.001	0.916	0.001	0.082
0.927	0.002	0.003	0.068
0.349	0.003	0.246	0.403
0.085	0.001	0.913	0.001
0.640	0.002	0.292	0.066
0.091	0.552	0.354	0.003
0.986	0.001	0.012	0.001
>TTCTTGTG	9-TTCTTGTG	9.424257	-19.907632	0	T:250.0(2.89%),B:91.1(1.46%),P:1e-8	Tpos:142.5,Tstd:94.0,Bpos:137.0,Bstd:89.6,StrandBias:-0.2,Multiplicity:1.02
0.001	0.001	0.001	0.997
0.001	0.001	0.001	0.997
0.001	0.997	0.001	0.001
0.001	0.001	0.001	0.997
0.001	0.193	0.001	0.805
0.001	0.001	0.997	0.001
0.001	0.001	0.001	0.997
0.001	0.001	0.997	0.001
>CTACAATT	10-CTACAATT	9.256492	-19.698828	0	T:224.0(2.59%),B:78.7(1.26%),P:1e-8	Tpos:152.1,Tstd:94.3,Bpos:159.9,Bstd:121.7,StrandBias:0.2,Multiplicity:1.01
0.001	0.997	0.001	0.001
0.001	0.001	0.001	0.997
0.786	0.212	0.001	0.001
0.001	0.997	0.001	0.001
0.997	0.001	0.001	0.001
0.997	0.001	0.001	0.001
0.001	0.207	0.001	0.791
0.001	0.001	0.001	0.997
>TAGTGAAT	11-TAGTGAAT	8.236954	-19.606422	0	T:121.0(1.40%),B:30.0(0.48%),P:1e-8	Tpos:137.1,Tstd:79.6,Bpos:113.6,Bstd:106.0,StrandBias:-0.4,Multiplicity:1.01
0.100	0.100	0.100	0.700
0.700	0.100	0.100	0.100
0.100	0.100	0.700	0.100
0.100	0.100	0.100	0.700
0.100	0.100	0.700	0.100
0.700	0.100	0.100	0.100
0.700	0.100	0.100	0.100
0.100	0.100	0.100	0.700
>TCCTACAA	12-TCCTACAA	5.597648	-18.809297	0	T:366.0(4.24%),B:157.1(2.52%),P:1e-8	Tpos:152.1,Tstd:97.6,Bpos:139.9,Bstd:92.3,StrandBias:0.0,Multiplicity:1.11
0.001	0.001	0.001	0.997
0.001	0.997	0.001	0.001
0.001	0.997	0.001	0.001
0.001	0.210	0.001	0.788
0.997	0.001	0.001	0.001
0.001	0.978	0.001	0.020
0.997	0.001	0.001	0.001
0.995	0.003	0.001	0.001
>TATAAAAC	13-TATAAAAC	8.731424	-17.651087	0	T:438.0(5.07%),B:202.4(3.24%),P:1e-7	Tpos:144.6,Tstd:89.3,Bpos:133.3,Bstd:95.2,StrandBias:-0.1,Multiplicity:1.03
0.001	0.215	0.001	0.783
0.997	0.001	0.001	0.001
0.001	0.001	0.148	0.850
0.828	0.170	0.001	0.001
0.997	0.001	0.001	0.001
0.997	0.001	0.001	0.001
0.997	0.001	0.001	0.001
0.001	0.997	0.001	0.001
>GATCGCTT	14-GATCGCTT	9.532205	-14.557583	0	T:52.0(0.60%),B:7.1(0.11%),P:1e-6	Tpos:140.7,Tstd:122.3,Bpos:80.6,Bstd:63.1,StrandBias:-0.4,Multiplicity:1.00
0.001	0.001	0.997	0.001
0.783	0.001	0.215	0.001
0.001	0.001	0.001	0.997
0.001	0.997	0.001	0.001
0.001	0.001	0.997	0.001
0.001	0.997	0.001	0.001
0.001	0.001	0.001	0.997
0.001	0.001	0.001	0.997
>CGATTGGT	15-CGATTGGT	7.074599	-12.634658	0	T:329.0(3.81%),B:155.5(2.49%),P:1e-5	Tpos:140.0,Tstd:97.0,Bpos:136.1,Bstd:91.7,StrandBias:-0.1,Multiplicity:1.30
0.108	0.615	0.001	0.276
0.001	0.001	0.906	0.092
0.926	0.001	0.038	0.035
0.027	0.045	0.047	0.881
0.001	0.001	0.055	0.943
0.001	0.014	0.984	0.001
0.001	0.035	0.963	0.001
0.055	0.075	0.001	0.869
>TCTGCGGT	16-TCTGCGGT	8.236954	-9.690117	0	T:57.0(0.66%),B:14.8(0.24%),P:1e-4	Tpos:125.7,Tstd:82.1,Bpos:143.8,Bstd:93.9,StrandBias:0.0,Multiplicity:1.09
0.100	0.100	0.100	0.700
0.100	0.700	0.100	0.100
0.100	0.100	0.100	0.700
0.100	0.100	0.700	0.100
0.100	0.700	0.100	0.100
0.100	0.100	0.700	0.100
0.100	0.100	0.700	0.100
0.100	0.100	0.100	0.700
