>GTAGTAGGTA	1-GTAGTAGGTA	8.734225	-176.185728	0	T:77.0(1.08%),B:1.4(0.06%),P:1e-76	Tpos:159.0,Tstd:99.1,Bpos:95.7,Bstd:64.1,StrandBias:0.2,Multiplicity:1.14
0.020	0.046	0.872	0.062
0.083	0.214	0.014	0.689
0.789	0.005	0.117	0.089
0.032	0.042	0.910	0.016
0.083	0.055	0.241	0.621
0.845	0.006	0.098	0.051
0.038	0.007	0.911	0.044
0.061	0.050	0.865	0.024
0.206	0.012	0.117	0.665
0.864	0.017	0.087	0.032
>CACAGAAVGA	2-CACAGAAVGA	7.672362	-150.855401	0	T:69.0(0.96%),B:1.5(0.07%),P:1e-65	Tpos:153.6,Tstd:110.5,Bpos:199.1,Bstd:42.4,StrandBias:0.0,Multiplicity:1.00
0.169	0.610	0.135	0.086
0.658	0.119	0.070	0.153
0.178	0.607	0.155	0.060
0.795	0.048	0.052	0.105
0.149	0.152	0.636	0.063
0.665	0.137	0.133	0.065
0.621	0.136	0.160	0.083
0.307	0.339	0.236	0.119
0.197	0.208	0.466	0.129
0.603	0.132	0.138	0.127
>ATCTGTAGAA	3-ATCTGTAGAA	8.913382	-149.554294	0	T:142.0(1.98%),B:8.0(0.35%),P:1e-64	Tpos:156.1,Tstd:101.7,Bpos:164.8,Bstd:95.4,StrandBias:0.5,Multiplicity:1.00
0.705	0.102	0.030	0.163
0.078	0.093	0.033	0.796
0.015	0.899	0.019	0.067
0.081	0.002	0.002	0.915
0.015	0.105	0.815	0.065
0.232	0.150	0.191	0.427
0.871	0.004	0.054	0.071
0.129	0.015	0.832	0.024
0.849	0.077	0.060	0.014
0.899	0.030	0.018	0.053
>ACATATAGAG	4-ACATATAGAG	8.136772	-135.489567	0	T:64.0(0.89%),B:1.8(0.08%),P:1e-58	Tpos:139.1,Tstd:88.1,Bpos:96.4,Bstd:40.7,StrandBias:-0.3,Multiplicity:1.00
0.779	0.060	0.057	0.104
0.095	0.717	0.081	0.107
0.802	0.091	0.036	0.071
0.107	0.167	0.158	0.568
0.686	0.107	0.096	0.111
0.171	0.143	0.201	0.485
0.736	0.018	0.155	0.091
0.131	0.089	0.690	0.090
0.847	0.020	0.061	0.072
0.119	0.075	0.694	0.112
>GGTAATGGTA	5-GGTAATGGTA	5.852342	-118.346495	0	T:74.0(1.03%),B:2.7(0.12%),P:1e-51	Tpos:158.5,Tstd:79.2,Bpos:83.2,Bstd:13.8,StrandBias:-0.6,Multiplicity:1.00
0.001	0.001	0.997	0.001
0.001	0.001	0.997	0.001
0.001	0.318	0.001	0.680
0.658	0.001	0.340	0.001
0.997	0.001	0.001	0.001
0.001	0.001	0.001	0.997
0.001	0.001	0.997	0.001
0.001	0.001	0.997	0.001
0.001	0.001	0.001	0.997
0.997	0.001	0.001	0.001
>AAGCATTCGT	6-AAGCATTCGT	8.350283	-115.865824	0	T:73.0(1.02%),B:2.9(0.13%),P:1e-50	Tpos:144.2,Tstd:99.0,Bpos:139.7,Bstd:65.4,StrandBias:-0.4,Multiplicity:1.00
0.700	0.100	0.100	0.100
0.700	0.100	0.100	0.100
0.100	0.100	0.700	0.100
0.100	0.700	0.100	0.100
0.700	0.100	0.100	0.100
0.100	0.100	0.100	0.700
0.100	0.100	0.100	0.700
0.100	0.700	0.100	0.100
0.100	0.100	0.700	0.100
0.100	0.100	0.100	0.700
>ARGTATTTTA	7-ARGTATTTTA	10.003115	-113.398863	0	T:72.0(1.01%),B:2.8(0.12%),P:1e-49	Tpos:157.0,Tstd:98.5,Bpos:198.8,Bstd:138.1,StrandBias:0.0,Multiplicity:1.01
0.997	0.001	0.001	0.001
0.444	0.181	0.362	0.013
0.055	0.160	0.753	0.032
0.001	0.001	0.001	0.997
0.992	0.001	0.001	0.006
0.025	0.278	0.247	0.449
0.001	0.001	0.001	0.997
0.001	0.001	0.001	0.997
0.001	0.001	0.001	0.997
0.766	0.001	0.232	0.001
>ATAGAGAACT	8-ATAGAGAACT	9.320017	-106.082141	0	T:69.0(0.96%),B:2.0(0.09%),P:1e-46	Tpos:152.2,Tstd:89.0,Bpos:448.6,Bstd:145.6,StrandBias:0.3,Multiplicity:1.00
0.727	0.128	0.083	0.062
0.183	0.207	0.012	0.598
0.843	0.004	0.121	0.032
0.143	0.057	0.798	0.002
0.930	0.002	0.058	0.010
0.226	0.005	0.741	0.028
0.952	0.020	0.005	0.023
0.799	0.113	0.059	0.029
0.021	0.780	0.174	0.025
0.140	0.012	0.005	0.843
>AGTAAAGTTA	9-AGTAAAGTTA	8.746941	-101.588094	0	T:107.0(1.50%),B:6.5(0.28%),P:1e-44	Tpos:144.0,Tstd:102.1,Bpos:137.2,Bstd:70.0,StrandBias:0.2,Multiplicity:1.02
0.831	0.002	0.042	0.125
0.068	0.137	0.727	0.068
0.225	0.070	0.135	0.570
0.925	0.016	0.040	0.019
0.942	0.015	0.034	0.009
0.948	0.002	0.026	0.024
0.096	0.023	0.812	0.069
0.012	0.056	0.133	0.799
0.155	0.033	0.070	0.742
0.717	0.111	0.083	0.089
>CCTTACAACA	10-CCTTACAACA	8.350283	-100.958260	0	T:98.0(1.37%),B:5.6(0.25%),P:1e-43	Tpos:159.6,Tstd:100.7,Bpos:203.0,Bstd:36.1,StrandBias:-0.0,Multiplicity:1.01
0.100	0.700	0.100	0.100
0.100	0.700	0.100	0.100
0.100	0.100	0.100	0.700
0.100	0.100	0.100	0.700
0.700	0.100	0.100	0.100
0.100	0.700	0.100	0.100
0.700	0.100	0.100	0.100
0.700	0.100	0.100	0.100
0.100	0.700	0.100	0.100
0.700	0.100	0.100	0.100
>GTATGTCAAT	11-GTATGTCAAT	8.111177	-98.895847	0	T:66.0(0.92%),B:2.5(0.11%),P:1e-42	Tpos:141.3,Tstd:81.0,Bpos:190.1,Bstd:197.0,StrandBias:0.4,Multiplicity:1.02
0.081	0.110	0.692	0.117
0.110	0.072	0.086	0.732
0.575	0.140	0.108	0.177
0.097	0.024	0.054	0.825
0.048	0.088	0.669	0.195
0.071	0.077	0.096	0.756
0.122	0.697	0.098	0.083
0.747	0.107	0.014	0.132
0.623	0.077	0.103	0.197
0.135	0.092	0.087	0.686
>CGGTATTTCA	12-CGGTATTTCA	9.281818	-98.895847	0	T:66.0(0.92%),B:2.7(0.12%),P:1e-42	Tpos:144.2,Tstd:97.3,Bpos:178.7,Bstd:12.5,StrandBias:0.1,Multiplicity:1.00
0.111	0.593	0.044	0.252
0.204	0.007	0.492	0.296
0.013	0.030	0.877	0.080
0.006	0.115	0.047	0.832
0.886	0.008	0.047	0.059
0.016	0.024	0.085	0.875
0.004	0.009	0.012	0.975
0.004	0.007	0.006	0.983
0.030	0.727	0.138	0.105
0.780	0.203	0.004	0.013
>CCCCATAAAA	13-CCCCATAAAA	8.350283	-98.402661	0	T:121.0(1.69%),B:8.5(0.37%),P:1e-42	Tpos:152.6,Tstd:102.9,Bpos:162.1,Bstd:136.0,StrandBias:-0.1,Multiplicity:1.02
0.100	0.700	0.100	0.100
0.100	0.700	0.100	0.100
0.100	0.700	0.100	0.100
0.100	0.700	0.100	0.100
0.700	0.100	0.100	0.100
0.100	0.100	0.100	0.700
0.700	0.100	0.100	0.100
0.700	0.100	0.100	0.100
0.700	0.100	0.100	0.100
0.700	0.100	0.100	0.100
>GATGTTTTCG	14-GATGTTTTCG	8.350283	-89.527095	0	T:62.0(0.87%),B:2.4(0.10%),P:1e-38	Tpos:162.9,Tstd:92.7,Bpos:136.2,Bstd:28.9,StrandBias:0.5,Multiplicity:1.00
0.100	0.100	0.700	0.100
0.700	0.100	0.100	0.100
0.100	0.100	0.100	0.700
0.100	0.100	0.700	0.100
0.100	0.100	0.100	0.700
0.100	0.100	0.100	0.700
0.100	0.100	0.100	0.700
0.100	0.100	0.100	0.700
0.100	0.700	0.100	0.100
0.100	0.100	0.700	0.100
>AAACGGGTGA	15-AAACGGGTGA	8.350283	-87.224502	0	T:61.0(0.85%),B:2.5(0.11%),P:1e-37	Tpos:176.8,Tstd:114.9,Bpos:88.0,Bstd:40.0,StrandBias:0.1,Multiplicity:1.02
0.700	0.100	0.100	0.100
0.700	0.100	0.100	0.100
0.700	0.100	0.100	0.100
0.100	0.700	0.100	0.100
0.100	0.100	0.700	0.100
0.100	0.100	0.700	0.100
0.100	0.100	0.700	0.100
0.100	0.100	0.100	0.700
0.100	0.100	0.700	0.100
0.700	0.100	0.100	0.100
>VAGATTCGCH	16-VAGATTCGCH	5.923546	-80.964812	0	T:45.0(0.63%),B:2.0(0.09%),P:1e-35	Tpos:154.2,Tstd:95.2,Bpos:87.6,Bstd:83.1,StrandBias:-0.3,Multiplicity:1.00
0.337	0.270	0.218	0.175
0.658	0.055	0.122	0.165
0.181	0.145	0.581	0.093
0.576	0.174	0.108	0.142
0.164	0.126	0.142	0.568
0.151	0.141	0.148	0.560
0.160	0.444	0.163	0.233
0.207	0.175	0.419	0.199
0.175	0.546	0.132	0.147
0.305	0.230	0.152	0.313
>TTCCACGGTT	17-TTCCACGGTT	5.210782	-78.606245	0	T:77.0(1.08%),B:4.5(0.20%),P:1e-34	Tpos:132.0,Tstd:91.4,Bpos:210.7,Bstd:93.8,StrandBias:-0.2,Multiplicity:1.07
0.001	0.001	0.001	0.997
0.001	0.001	0.001	0.997
0.001	0.997	0.001	0.001
0.001	0.997	0.001	0.001
0.997	0.001	0.001	0.001
0.001	0.819	0.001	0.179
0.179	0.001	0.819	0.001
0.001	0.001	0.997	0.001
0.001	0.001	0.001	0.997
0.001	0.001	0.001	0.997
>CTTTCGGCAT	18-CTTTCGGCAT	8.350283	-73.761704	0	T:55.0(0.77%),B:3.0(0.13%),P:1e-32	Tpos:133.3,Tstd:82.4,Bpos:151.5,Bstd:56.6,StrandBias:0.3,Multiplicity:1.00
0.100	0.700	0.100	0.100
0.100	0.100	0.100	0.700
0.100	0.100	0.100	0.700
0.100	0.100	0.100	0.700
0.100	0.700	0.100	0.100
0.100	0.100	0.700	0.100
0.100	0.100	0.700	0.100
0.100	0.700	0.100	0.100
0.700	0.100	0.100	0.100
0.100	0.100	0.100	0.700
>AGCGAAGTTA	19-AGCGAAGTTA	8.350283	-71.579395	0	T:54.0(0.75%),B:2.6(0.11%),P:1e-31	Tpos:169.6,Tstd:83.5,Bpos:251.3,Bstd:148.4,StrandBias:-0.2,Multiplicity:1.00
0.700	0.100	0.100	0.100
0.100	0.100	0.700	0.100
0.100	0.700	0.100	0.100
0.100	0.100	0.700	0.100
0.700	0.100	0.100	0.100
0.700	0.100	0.100	0.100
0.100	0.100	0.700	0.100
0.100	0.100	0.100	0.700
0.100	0.100	0.100	0.700
0.700	0.100	0.100	0.100
>CGATGCTTGC	20-CGATGCTTGC	8.350283	-69.415487	0	T:53.0(0.74%),B:2.3(0.10%),P:1e-30	Tpos:156.8,Tstd:85.5,Bpos:160.9,Bstd:80.4,StrandBias:-0.2,Multiplicity:1.00
0.100	0.700	0.100	0.100
0.100	0.100	0.700	0.100
0.700	0.100	0.100	0.100
0.100	0.100	0.100	0.700
0.100	0.100	0.700	0.100
0.100	0.700	0.100	0.100
0.100	0.100	0.100	0.700
0.100	0.100	0.100	0.700
0.100	0.100	0.700	0.100
0.100	0.700	0.100	0.100
>ATAGTAAACC	21-ATAGTAAACC	8.350283	-64.477838	0	T:77.0(1.08%),B:5.1(0.22%),P:1e-28	Tpos:148.6,Tstd:78.9,Bpos:196.9,Bstd:113.6,StrandBias:0.1,Multiplicity:1.00
0.700	0.100	0.100	0.100
0.100	0.100	0.100	0.700
0.700	0.100	0.100	0.100
0.100	0.100	0.700	0.100
0.100	0.100	0.100	0.700
0.700	0.100	0.100	0.100
0.700	0.100	0.100	0.100
0.700	0.100	0.100	0.100
0.100	0.700	0.100	0.100
0.100	0.700	0.100	0.100
>CACGACAAGC	22-CACGACAAGC	8.350283	-64.359666	0	T:69.0(0.96%),B:4.1(0.18%),P:1e-27	Tpos:175.7,Tstd:111.9,Bpos:117.9,Bstd:61.3,StrandBias:-0.3,Multiplicity:1.00
0.100	0.700	0.100	0.100
0.700	0.100	0.100	0.100
0.100	0.700	0.100	0.100
0.100	0.100	0.700	0.100
0.700	0.100	0.100	0.100
0.100	0.700	0.100	0.100
0.700	0.100	0.100	0.100
0.700	0.100	0.100	0.100
0.100	0.100	0.700	0.100
0.100	0.700	0.100	0.100
>AATCTATCAG	23-AATCTATCAG	8.350283	-62.033625	0	T:103.0(1.44%),B:9.4(0.41%),P:1e-26	Tpos:146.8,Tstd:99.5,Bpos:292.1,Bstd:234.0,StrandBias:0.1,Multiplicity:1.01
0.700	0.100	0.100	0.100
0.700	0.100	0.100	0.100
0.100	0.100	0.100	0.700
0.100	0.700	0.100	0.100
0.100	0.100	0.100	0.700
0.700	0.100	0.100	0.100
0.100	0.100	0.100	0.700
0.100	0.700	0.100	0.100
0.700	0.100	0.100	0.100
0.100	0.100	0.700	0.100
>TCGGGTGTTA	24-TCGGGTGTTA	8.350283	-45.803815	0	T:50.0(0.70%),B:3.0(0.13%),P:1e-19	Tpos:139.5,Tstd:92.3,Bpos:204.5,Bstd:69.1,StrandBias:0.0,Multiplicity:1.00
0.100	0.100	0.100	0.700
0.100	0.700	0.100	0.100
0.100	0.100	0.700	0.100
0.100	0.100	0.700	0.100
0.100	0.100	0.700	0.100
0.100	0.100	0.100	0.700
0.100	0.100	0.700	0.100
0.100	0.100	0.100	0.700
0.100	0.100	0.100	0.700
0.700	0.100	0.100	0.100
>ATTCAATTCC	25-ATTCAATTCC	10.384304	-34.641636	0	T:26.0(0.36%),B:1.3(0.06%),P:1e-15	Tpos:123.9,Tstd:78.6,Bpos:23.8,Bstd:18.6,StrandBias:-0.9,Multiplicity:3.04
0.997	0.001	0.001	0.001
0.001	0.001	0.001	0.997
0.001	0.001	0.001	0.997
0.001	0.959	0.039	0.001
0.662	0.294	0.001	0.043
0.997	0.001	0.001	0.001
0.001	0.001	0.001	0.997
0.001	0.001	0.001	0.997
0.001	0.997	0.001	0.001
0.001	0.764	0.234	0.001
