>GTAGTAGGTA	1-GTAGTAGGTA	8.734225	-176.185728	0	T:77.0(1.08%),B:1.4(0.06%),P:1e-76	Tpos:159.0,Tstd:99.1,Bpos:95.7,Bstd:64.1,StrandBias:0.2,Multiplicity:1.14
0.020	0.046	0.872	0.062
0.083	0.214	0.014	0.689
0.789	0.005	0.117	0.089
0.032	0.042	0.910	0.016
0.083	0.055	0.241	0.621
0.845	0.006	0.098	0.051
0.038	0.007	0.911	0.044
0.061	0.050	0.865	0.024
0.206	0.012	0.117	0.665
0.864	0.017	0.087	0.032
>CACAGAAVGA	2-CACAGAAVGA	7.672362	-150.855401	0	T:69.0(0.96%),B:1.5(0.07%),P:1e-65	Tpos:153.6,Tstd:110.5,Bpos:199.1,Bstd:42.4,StrandBias:0.0,Multiplicity:1.00
0.169	0.610	0.135	0.086
0.658	0.119	0.070	0.153
0.178	0.607	0.155	0.060
0.795	0.048	0.052	0.105
0.149	0.152	0.636	0.063
0.665	0.137	0.133	0.065
0.621	0.136	0.160	0.083
0.307	0.339	0.236	0.119
0.197	0.208	0.466	0.129
0.603	0.132	0.138	0.127
>ATCTGTAGAA	3-ATCTGTAGAA	8.913382	-149.554294	0	T:142.0(1.98%),B:8.0(0.35%),P:1e-64	Tpos:156.1,Tstd:101.7,Bpos:164.8,Bstd:95.4,StrandBias:0.5,Multiplicity:1.00
0.705	0.102	0.030	0.163
0.078	0.093	0.033	0.796
0.015	0.899	0.019	0.067
0.081	0.002	0.002	0.915
0.015	0.105	0.815	0.065
0.232	0.150	0.191	0.427
0.871	0.004	0.054	0.071
0.129	0.015	0.832	0.024
0.849	0.077	0.060	0.014
0.899	0.030	0.018	0.053
>ACATATAGAG	4-ACATATAGAG	8.136772	-135.489567	0	T:64.0(0.89%),B:1.8(0.08%),P:1e-58	Tpos:139.1,Tstd:88.1,Bpos:96.4,Bstd:40.7,StrandBias:-0.3,Multiplicity:1.00
0.779	0.060	0.057	0.104
0.095	0.717	0.081	0.107
0.802	0.091	0.036	0.071
0.107	0.167	0.158	0.568
0.686	0.107	0.096	0.111
0.171	0.143	0.201	0.485
0.736	0.018	0.155	0.091
0.131	0.089	0.690	0.090
0.847	0.020	0.061	0.072
0.119	0.075	0.694	0.112
>GGTAATGGTA	5-GGTAATGGTA	5.852342	-118.346495	0	T:74.0(1.03%),B:2.7(0.12%),P:1e-51	Tpos:158.5,Tstd:79.2,Bpos:83.2,Bstd:13.8,StrandBias:-0.6,Multiplicity:1.00
0.001	0.001	0.997	0.001
0.001	0.001	0.997	0.001
0.001	0.318	0.001	0.680
0.658	0.001	0.340	0.001
0.997	0.001	0.001	0.001
0.001	0.001	0.001	0.997
0.001	0.001	0.997	0.001
0.001	0.001	0.997	0.001
0.001	0.001	0.001	0.997
0.997	0.001	0.001	0.001
>AAGCATTCGT	6-AAGCATTCGT	8.350283	-115.865824	0	T:73.0(1.02%),B:2.9(0.13%),P:1e-50	Tpos:144.2,Tstd:99.0,Bpos:139.7,Bstd:65.4,StrandBias:-0.4,Multiplicity:1.00
0.700	0.100	0.100	0.100
0.700	0.100	0.100	0.100
0.100	0.100	0.700	0.100
0.100	0.700	0.100	0.100
0.700	0.100	0.100	0.100
0.100	0.100	0.100	0.700
0.100	0.100	0.100	0.700
0.100	0.700	0.100	0.100
0.100	0.100	0.700	0.100
0.100	0.100	0.100	0.700
>ARGTATTTTA	7-ARGTATTTTA	10.003115	-113.398863	0	T:72.0(1.01%),B:2.8(0.12%),P:1e-49	Tpos:157.0,Tstd:98.5,Bpos:198.8,Bstd:138.1,StrandBias:0.0,Multiplicity:1.01
0.997	0.001	0.001	0.001
0.444	0.181	0.362	0.013
0.055	0.160	0.753	0.032
0.001	0.001	0.001	0.997
0.992	0.001	0.001	0.006
0.025	0.278	0.247	0.449
0.001	0.001	0.001	0.997
0.001	0.001	0.001	0.997
0.001	0.001	0.001	0.997
0.766	0.001	0.232	0.001
>ATAGAGAACT	8-ATAGAGAACT	9.320017	-106.082141	0	T:69.0(0.96%),B:2.0(0.09%),P:1e-46	Tpos:152.2,Tstd:89.0,Bpos:448.6,Bstd:145.6,StrandBias:0.3,Multiplicity:1.00
0.727	0.128	0.083	0.062
0.183	0.207	0.012	0.598
0.843	0.004	0.121	0.032
0.143	0.057	0.798	0.002
0.930	0.002	0.058	0.010
0.226	0.005	0.741	0.028
0.952	0.020	0.005	0.023
0.799	0.113	0.059	0.029
0.021	0.780	0.174	0.025
0.140	0.012	0.005	0.843
>AGTAAAGTTA	9-AGTAAAGTTA	8.746941	-101.588094	0	T:107.0(1.50%),B:6.5(0.28%),P:1e-44	Tpos:144.0,Tstd:102.1,Bpos:137.2,Bstd:70.0,StrandBias:0.2,Multiplicity:1.02
0.831	0.002	0.042	0.125
0.068	0.137	0.727	0.068
0.225	0.070	0.135	0.570
0.925	0.016	0.040	0.019
0.942	0.015	0.034	0.009
0.948	0.002	0.026	0.024
0.096	0.023	0.812	0.069
0.012	0.056	0.133	0.799
0.155	0.033	0.070	0.742
0.717	0.111	0.083	0.089
>CCTTACAACA	10-CCTTACAACA	8.350283	-100.958260	0	T:98.0(1.37%),B:5.6(0.25%),P:1e-43	Tpos:159.6,Tstd:100.7,Bpos:203.0,Bstd:36.1,StrandBias:-0.0,Multiplicity:1.01
0.100	0.700	0.100	0.100
0.100	0.700	0.100	0.100
0.100	0.100	0.100	0.700
0.100	0.100	0.100	0.700
0.700	0.100	0.100	0.100
0.100	0.700	0.100	0.100
0.700	0.100	0.100	0.100
0.700	0.100	0.100	0.100
0.100	0.700	0.100	0.100
0.700	0.100	0.100	0.100
>GTATGTCAAT	11-GTATGTCAAT	8.111177	-98.895847	0	T:66.0(0.92%),B:2.5(0.11%),P:1e-42	Tpos:141.3,Tstd:81.0,Bpos:190.1,Bstd:197.0,StrandBias:0.4,Multiplicity:1.02
0.081	0.110	0.692	0.117
0.110	0.072	0.086	0.732
0.575	0.140	0.108	0.177
0.097	0.024	0.054	0.825
0.048	0.088	0.669	0.195
0.071	0.077	0.096	0.756
0.122	0.697	0.098	0.083
0.747	0.107	0.014	0.132
0.623	0.077	0.103	0.197
0.135	0.092	0.087	0.686
>CGGTATTTCA	12-CGGTATTTCA	9.281818	-98.895847	0	T:66.0(0.92%),B:2.7(0.12%),P:1e-42	Tpos:144.2,Tstd:97.3,Bpos:178.7,Bstd:12.5,StrandBias:0.1,Multiplicity:1.00
0.111	0.593	0.044	0.252
0.204	0.007	0.492	0.296
0.013	0.030	0.877	0.080
0.006	0.115	0.047	0.832
0.886	0.008	0.047	0.059
0.016	0.024	0.085	0.875
0.004	0.009	0.012	0.975
0.004	0.007	0.006	0.983
0.030	0.727	0.138	0.105
0.780	0.203	0.004	0.013
>CCCCATAAAA	13-CCCCATAAAA	8.350283	-98.402661	0	T:121.0(1.69%),B:8.5(0.37%),P:1e-42	Tpos:152.6,Tstd:102.9,Bpos:162.1,Bstd:136.0,StrandBias:-0.1,Multiplicity:1.02
0.100	0.700	0.100	0.100
0.100	0.700	0.100	0.100
0.100	0.700	0.100	0.100
0.100	0.700	0.100	0.100
0.700	0.100	0.100	0.100
0.100	0.100	0.100	0.700
0.700	0.100	0.100	0.100
0.700	0.100	0.100	0.100
0.700	0.100	0.100	0.100
0.700	0.100	0.100	0.100
>GATGTTTTCG	14-GATGTTTTCG	8.350283	-89.527095	0	T:62.0(0.87%),B:2.4(0.10%),P:1e-38	Tpos:162.9,Tstd:92.7,Bpos:136.2,Bstd:28.9,StrandBias:0.5,Multiplicity:1.00
0.100	0.100	0.700	0.100
0.700	0.100	0.100	0.100
0.100	0.100	0.100	0.700
0.100	0.100	0.700	0.100
0.100	0.100	0.100	0.700
0.100	0.100	0.100	0.700
0.100	0.100	0.100	0.700
0.100	0.100	0.100	0.700
0.100	0.700	0.100	0.100
0.100	0.100	0.700	0.100
>AAACGGGTGA	15-AAACGGGTGA	8.350283	-87.224502	0	T:61.0(0.85%),B:2.5(0.11%),P:1e-37	Tpos:176.8,Tstd:114.9,Bpos:88.0,Bstd:40.0,StrandBias:0.1,Multiplicity:1.02
0.700	0.100	0.100	0.100
0.700	0.100	0.100	0.100
0.700	0.100	0.100	0.100
0.100	0.700	0.100	0.100
0.100	0.100	0.700	0.100
0.100	0.100	0.700	0.100
0.100	0.100	0.700	0.100
0.100	0.100	0.100	0.700
0.100	0.100	0.700	0.100
0.700	0.100	0.100	0.100
>VAGATTCGCH	16-VAGATTCGCH	5.923546	-80.964812	0	T:45.0(0.63%),B:2.0(0.09%),P:1e-35	Tpos:154.2,Tstd:95.2,Bpos:87.6,Bstd:83.1,StrandBias:-0.3,Multiplicity:1.00
0.337	0.270	0.218	0.175
0.658	0.055	0.122	0.165
0.181	0.145	0.581	0.093
0.576	0.174	0.108	0.142
0.164	0.126	0.142	0.568
0.151	0.141	0.148	0.560
0.160	0.444	0.163	0.233
0.207	0.175	0.419	0.199
0.175	0.546	0.132	0.147
0.305	0.230	0.152	0.313
>TTCCACGGTT	17-TTCCACGGTT	5.210782	-78.606245	0	T:77.0(1.08%),B:4.5(0.20%),P:1e-34	Tpos:132.0,Tstd:91.4,Bpos:210.7,Bstd:93.8,StrandBias:-0.2,Multiplicity:1.07
0.001	0.001	0.001	0.997
0.001	0.001	0.001	0.997
0.001	0.997	0.001	0.001
0.001	0.997	0.001	0.001
0.997	0.001	0.001	0.001
0.001	0.819	0.001	0.179
0.179	0.001	0.819	0.001
0.001	0.001	0.997	0.001
0.001	0.001	0.001	0.997
0.001	0.001	0.001	0.997
>CTTTCGGCAT	18-CTTTCGGCAT	8.350283	-73.761704	0	T:55.0(0.77%),B:3.0(0.13%),P:1e-32	Tpos:133.3,Tstd:82.4,Bpos:151.5,Bstd:56.6,StrandBias:0.3,Multiplicity:1.00
0.100	0.700	0.100	0.100
0.100	0.100	0.100	0.700
0.100	0.100	0.100	0.700
0.100	0.100	0.100	0.700
0.100	0.700	0.100	0.100
0.100	0.100	0.700	0.100
0.100	0.100	0.700	0.100
0.100	0.700	0.100	0.100
0.700	0.100	0.100	0.100
0.100	0.100	0.100	0.700
>AGCGAAGTTA	19-AGCGAAGTTA	8.350283	-71.579395	0	T:54.0(0.75%),B:2.6(0.11%),P:1e-31	Tpos:169.6,Tstd:83.5,Bpos:251.3,Bstd:148.4,StrandBias:-0.2,Multiplicity:1.00
0.700	0.100	0.100	0.100
0.100	0.100	0.700	0.100
0.100	0.700	0.100	0.100
0.100	0.100	0.700	0.100
0.700	0.100	0.100	0.100
0.700	0.100	0.100	0.100
0.100	0.100	0.700	0.100
0.100	0.100	0.100	0.700
0.100	0.100	0.100	0.700
0.700	0.100	0.100	0.100
>CGATGCTTGC	20-CGATGCTTGC	8.350283	-69.415487	0	T:53.0(0.74%),B:2.3(0.10%),P:1e-30	Tpos:156.8,Tstd:85.5,Bpos:160.9,Bstd:80.4,StrandBias:-0.2,Multiplicity:1.00
0.100	0.700	0.100	0.100
0.100	0.100	0.700	0.100
0.700	0.100	0.100	0.100
0.100	0.100	0.100	0.700
0.100	0.100	0.700	0.100
0.100	0.700	0.100	0.100
0.100	0.100	0.100	0.700
0.100	0.100	0.100	0.700
0.100	0.100	0.700	0.100
0.100	0.700	0.100	0.100
>ATAGTAAACC	21-ATAGTAAACC	8.350283	-64.477838	0	T:77.0(1.08%),B:5.1(0.22%),P:1e-28	Tpos:148.6,Tstd:78.9,Bpos:196.9,Bstd:113.6,StrandBias:0.1,Multiplicity:1.00
0.700	0.100	0.100	0.100
0.100	0.100	0.100	0.700
0.700	0.100	0.100	0.100
0.100	0.100	0.700	0.100
0.100	0.100	0.100	0.700
0.700	0.100	0.100	0.100
0.700	0.100	0.100	0.100
0.700	0.100	0.100	0.100
0.100	0.700	0.100	0.100
0.100	0.700	0.100	0.100
>CACGACAAGC	22-CACGACAAGC	8.350283	-64.359666	0	T:69.0(0.96%),B:4.1(0.18%),P:1e-27	Tpos:175.7,Tstd:111.9,Bpos:117.9,Bstd:61.3,StrandBias:-0.3,Multiplicity:1.00
0.100	0.700	0.100	0.100
0.700	0.100	0.100	0.100
0.100	0.700	0.100	0.100
0.100	0.100	0.700	0.100
0.700	0.100	0.100	0.100
0.100	0.700	0.100	0.100
0.700	0.100	0.100	0.100
0.700	0.100	0.100	0.100
0.100	0.100	0.700	0.100
0.100	0.700	0.100	0.100
>AATCTATCAG	23-AATCTATCAG	8.350283	-62.033625	0	T:103.0(1.44%),B:9.4(0.41%),P:1e-26	Tpos:146.8,Tstd:99.5,Bpos:292.1,Bstd:234.0,StrandBias:0.1,Multiplicity:1.01
0.700	0.100	0.100	0.100
0.700	0.100	0.100	0.100
0.100	0.100	0.100	0.700
0.100	0.700	0.100	0.100
0.100	0.100	0.100	0.700
0.700	0.100	0.100	0.100
0.100	0.100	0.100	0.700
0.100	0.700	0.100	0.100
0.700	0.100	0.100	0.100
0.100	0.100	0.700	0.100
>TCGGGTGTTA	24-TCGGGTGTTA	8.350283	-45.803815	0	T:50.0(0.70%),B:3.0(0.13%),P:1e-19	Tpos:139.5,Tstd:92.3,Bpos:204.5,Bstd:69.1,StrandBias:0.0,Multiplicity:1.00
0.100	0.100	0.100	0.700
0.100	0.700	0.100	0.100
0.100	0.100	0.700	0.100
0.100	0.100	0.700	0.100
0.100	0.100	0.700	0.100
0.100	0.100	0.100	0.700
0.100	0.100	0.700	0.100
0.100	0.100	0.100	0.700
0.100	0.100	0.100	0.700
0.700	0.100	0.100	0.100
>ATTCAATTCC	25-ATTCAATTCC	10.384304	-34.641636	0	T:26.0(0.36%),B:1.3(0.06%),P:1e-15	Tpos:123.9,Tstd:78.6,Bpos:23.8,Bstd:18.6,StrandBias:-0.9,Multiplicity:3.04
0.997	0.001	0.001	0.001
0.001	0.001	0.001	0.997
0.001	0.001	0.001	0.997
0.001	0.959	0.039	0.001
0.662	0.294	0.001	0.043
0.997	0.001	0.001	0.001
0.001	0.001	0.001	0.997
0.001	0.001	0.001	0.997
0.001	0.997	0.001	0.001
0.001	0.764	0.234	0.001
>TAAAAATARAC	1-TAAAAATARAC	9.607513	-187.145557	0	T:100.0(1.40%),B:2.7(0.12%),P:1e-81	Tpos:146.9,Tstd:90.9,Bpos:166.6,Bstd:124.9,StrandBias:0.2,Multiplicity:1.00
0.079	0.068	0.036	0.817
0.814	0.057	0.086	0.043
0.886	0.025	0.049	0.040
0.891	0.032	0.041	0.036
0.888	0.021	0.039	0.052
0.739	0.023	0.171	0.067
0.042	0.220	0.042	0.696
0.906	0.025	0.026	0.043
0.358	0.140	0.383	0.119
0.811	0.038	0.036	0.115
0.055	0.871	0.041	0.033
>AGATGTTGCCA	2-AGATGTTGCCA	9.893531	-176.185728	0	T:77.0(1.08%),B:1.5(0.07%),P:1e-76	Tpos:156.1,Tstd:89.1,Bpos:148.3,Bstd:20.1,StrandBias:0.2,Multiplicity:1.00
0.961	0.001	0.019	0.019
0.029	0.001	0.969	0.001
0.819	0.150	0.001	0.030
0.001	0.001	0.001	0.997
0.001	0.001	0.997	0.001
0.019	0.233	0.085	0.663
0.030	0.001	0.072	0.897
0.001	0.001	0.969	0.029
0.132	0.830	0.019	0.019
0.001	0.969	0.001	0.029
0.914	0.001	0.001	0.084
>GAGAAATGKTT	3-GAGAAATGKTT	8.795379	-157.104814	0	T:71.0(0.99%),B:1.8(0.08%),P:1e-68	Tpos:155.6,Tstd:98.4,Bpos:58.1,Bstd:26.3,StrandBias:0.7,Multiplicity:1.00
0.279	0.092	0.549	0.080
0.712	0.001	0.185	0.102
0.208	0.046	0.713	0.033
0.786	0.109	0.079	0.026
0.687	0.048	0.070	0.195
0.545	0.152	0.187	0.116
0.121	0.001	0.045	0.833
0.115	0.001	0.760	0.124
0.130	0.134	0.442	0.294
0.044	0.091	0.151	0.714
0.107	0.027	0.315	0.551
>ATCTTGAAAGC	4-ATCTTGAAAGC	9.311812	-153.972954	0	T:70.0(0.98%),B:1.1(0.05%),P:1e-66	Tpos:150.5,Tstd:103.9,Bpos:271.0,Bstd:0.0,StrandBias:-0.2,Multiplicity:1.00
0.958	0.014	0.014	0.014
0.014	0.014	0.014	0.958
0.013	0.985	0.001	0.001
0.013	0.001	0.001	0.985
0.065	0.001	0.065	0.869
0.014	0.325	0.660	0.001
0.920	0.014	0.065	0.001
0.971	0.014	0.014	0.001
0.985	0.001	0.013	0.001
0.014	0.014	0.958	0.014
0.014	0.818	0.001	0.167
>TGCCTCTTAAA	5-TGCCTCTTAAA	9.784552	-146.490229	0	T:85.0(1.19%),B:2.6(0.11%),P:1e-63	Tpos:167.1,Tstd:101.9,Bpos:122.2,Bstd:3.6,StrandBias:0.5,Multiplicity:1.01
0.061	0.001	0.013	0.925
0.013	0.013	0.961	0.013
0.001	0.830	0.156	0.013
0.001	0.843	0.001	0.155
0.013	0.013	0.001	0.973
0.001	0.938	0.001	0.060
0.013	0.013	0.001	0.973
0.013	0.001	0.303	0.683
0.973	0.013	0.001	0.013
0.973	0.013	0.013	0.001
0.986	0.001	0.012	0.001
>GTAACCACATT	6-GTAACCACATT	10.009260	-141.590646	0	T:66.0(0.92%),B:1.7(0.07%),P:1e-61	Tpos:154.8,Tstd:88.1,Bpos:422.6,Bstd:80.6,StrandBias:0.0,Multiplicity:1.00
0.014	0.064	0.858	0.064
0.064	0.064	0.165	0.707
0.858	0.064	0.064	0.014
0.971	0.014	0.014	0.001
0.063	0.935	0.001	0.001
0.001	0.971	0.014	0.014
0.985	0.001	0.001	0.013
0.014	0.971	0.014	0.001
0.985	0.001	0.013	0.001
0.001	0.063	0.001	0.935
0.001	0.001	0.164	0.834
>ATTTGTTGAAA	7-ATTTGTTGAAA	9.864534	-135.489567	0	T:64.0(0.89%),B:1.6(0.07%),P:1e-58	Tpos:182.5,Tstd:119.7,Bpos:35.0,Bstd:0.0,StrandBias:-0.1,Multiplicity:1.02
0.949	0.017	0.017	0.017
0.001	0.078	0.017	0.904
0.017	0.017	0.017	0.949
0.001	0.001	0.001	0.997
0.001	0.017	0.592	0.390
0.001	0.017	0.017	0.965
0.016	0.001	0.001	0.982
0.017	0.017	0.949	0.017
0.965	0.017	0.017	0.001
0.764	0.202	0.017	0.017
0.982	0.016	0.001	0.001
>TTAAACAAGAG	8-TTAAACAAGAG	9.879291	-120.840698	0	T:75.0(1.05%),B:2.0(0.09%),P:1e-52	Tpos:179.5,Tstd:103.3,Bpos:240.6,Bstd:182.4,StrandBias:-0.1,Multiplicity:1.10
0.131	0.038	0.034	0.797
0.116	0.066	0.100	0.718
0.832	0.076	0.057	0.035
0.878	0.042	0.050	0.030
0.892	0.034	0.052	0.022
0.100	0.722	0.107	0.071
0.909	0.045	0.016	0.030
0.882	0.008	0.055	0.055
0.208	0.060	0.710	0.022
0.883	0.013	0.062	0.042
0.065	0.027	0.843	0.065
>TGCCTGAAATT	9-TGCCTGAAATT	8.684229	-111.547810	0	T:94.0(1.31%),B:4.3(0.19%),P:1e-48	Tpos:153.9,Tstd:94.1,Bpos:246.2,Bstd:11.0,StrandBias:0.2,Multiplicity:1.02
0.001	0.009	0.001	0.989
0.010	0.001	0.874	0.115
0.224	0.542	0.224	0.010
0.010	0.944	0.001	0.045
0.001	0.001	0.009	0.989
0.010	0.010	0.979	0.001
0.756	0.010	0.224	0.010
0.989	0.001	0.001	0.009
0.989	0.001	0.001	0.009
0.010	0.010	0.010	0.970
0.010	0.010	0.010	0.970
>ACCAAGCAGAA	10-ACCAAGCAGAA	9.379902	-108.472437	0	T:82.0(1.15%),B:4.0(0.17%),P:1e-47	Tpos:147.2,Tstd:101.6,Bpos:138.0,Bstd:57.8,StrandBias:-0.1,Multiplicity:1.05
0.700	0.100	0.100	0.100
0.100	0.700	0.100	0.100
0.100	0.700	0.100	0.100
0.700	0.100	0.100	0.100
0.700	0.100	0.100	0.100
0.100	0.100	0.700	0.100
0.100	0.700	0.100	0.100
0.700	0.100	0.100	0.100
0.100	0.100	0.700	0.100
0.700	0.100	0.100	0.100
0.700	0.100	0.100	0.100
>TTTCCTACCAG	11-TTTCCTACCAG	9.595722	-106.293562	0	T:81.0(1.13%),B:3.2(0.14%),P:1e-46	Tpos:148.1,Tstd:96.5,Bpos:162.1,Bstd:102.1,StrandBias:0.1,Multiplicity:1.01
0.039	0.098	0.042	0.821
0.033	0.044	0.032	0.891
0.032	0.064	0.064	0.840
0.033	0.764	0.071	0.132
0.041	0.830	0.014	0.115
0.134	0.120	0.011	0.735
0.776	0.068	0.129	0.027
0.055	0.815	0.057	0.073
0.025	0.862	0.031	0.082
0.915	0.019	0.015	0.051
0.083	0.045	0.846	0.026
>AAACAGATAAC	12-AAACAGATAAC	9.379902	-98.895847	0	T:66.0(0.92%),B:3.0(0.13%),P:1e-42	Tpos:157.1,Tstd:95.1,Bpos:128.5,Bstd:44.9,StrandBias:0.2,Multiplicity:1.00
0.700	0.100	0.100	0.100
0.700	0.100	0.100	0.100
0.700	0.100	0.100	0.100
0.100	0.700	0.100	0.100
0.700	0.100	0.100	0.100
0.100	0.100	0.700	0.100
0.700	0.100	0.100	0.100
0.100	0.100	0.100	0.700
0.700	0.100	0.100	0.100
0.700	0.100	0.100	0.100
0.100	0.700	0.100	0.100
>GAACTTTGCTT	13-GAACTTTGCTT	9.433321	-93.684742	0	T:85.0(1.19%),B:4.3(0.19%),P:1e-40	Tpos:152.5,Tstd:111.4,Bpos:121.7,Bstd:22.1,StrandBias:0.1,Multiplicity:1.01
0.060	0.044	0.848	0.048
0.732	0.146	0.038	0.084
0.800	0.098	0.074	0.028
0.155	0.749	0.035	0.061
0.033	0.029	0.025	0.913
0.034	0.096	0.125	0.745
0.070	0.020	0.038	0.872
0.035	0.062	0.818	0.085
0.019	0.907	0.025	0.049
0.025	0.087	0.009	0.879
0.028	0.082	0.073	0.817
>AAATCAGGAAC	14-AAATCAGGAAC	9.379902	-91.845772	0	T:63.0(0.88%),B:2.7(0.12%),P:1e-39	Tpos:155.8,Tstd:88.1,Bpos:158.1,Bstd:120.2,StrandBias:-0.0,Multiplicity:1.00
0.700	0.100	0.100	0.100
0.700	0.100	0.100	0.100
0.700	0.100	0.100	0.100
0.100	0.100	0.100	0.700
0.100	0.700	0.100	0.100
0.700	0.100	0.100	0.100
0.100	0.100	0.700	0.100
0.100	0.100	0.700	0.100
0.700	0.100	0.100	0.100
0.700	0.100	0.100	0.100
0.100	0.700	0.100	0.100
>NTCTAAGCAAV	15-NTCTAAGCAAV	6.773238	-85.733577	0	T:120.0(1.68%),B:9.2(0.40%),P:1e-37	Tpos:152.2,Tstd:94.0,Bpos:305.7,Bstd:333.1,StrandBias:-0.0,Multiplicity:1.01
0.253	0.246	0.190	0.311
0.156	0.123	0.140	0.581
0.147	0.554	0.154	0.145
0.223	0.133	0.079	0.565
0.535	0.190	0.158	0.117
0.694	0.064	0.118	0.124
0.188	0.113	0.597	0.102
0.203	0.533	0.146	0.118
0.669	0.137	0.079	0.115
0.607	0.135	0.149	0.109
0.354	0.205	0.237	0.204
>TCTWAAGAAAG	16-TCTWAAGAAAG	10.041628	-85.211389	0	T:71.0(0.99%),B:3.5(0.15%),P:1e-37	Tpos:153.4,Tstd:119.5,Bpos:148.0,Bstd:0.0,StrandBias:0.9,Multiplicity:1.00
0.025	0.025	0.001	0.949
0.001	0.949	0.025	0.025
0.025	0.001	0.001	0.973
0.544	0.016	0.016	0.424
0.898	0.025	0.076	0.001
0.973	0.001	0.001	0.025
0.280	0.001	0.718	0.001
0.973	0.025	0.001	0.001
0.874	0.069	0.041	0.016
0.973	0.001	0.025	0.001
0.026	0.026	0.922	0.026
>TCATTTCTGGT	17-TCATTTCTGGT	9.379902	-83.177555	0	T:70.0(0.98%),B:3.7(0.16%),P:1e-36	Tpos:149.7,Tstd:98.5,Bpos:107.7,Bstd:46.7,StrandBias:-0.1,Multiplicity:1.00
0.100	0.100	0.100	0.700
0.100	0.700	0.100	0.100
0.700	0.100	0.100	0.100
0.100	0.100	0.100	0.700
0.100	0.100	0.100	0.700
0.100	0.100	0.100	0.700
0.100	0.700	0.100	0.100
0.100	0.100	0.100	0.700
0.100	0.100	0.700	0.100
0.100	0.100	0.700	0.100
0.100	0.100	0.100	0.700
>ATGATTTTTAT	18-ATGATTTTTAT	9.379902	-75.186874	0	T:66.0(0.92%),B:3.0(0.13%),P:1e-32	Tpos:133.5,Tstd:97.3,Bpos:215.5,Bstd:3.1,StrandBias:-0.4,Multiplicity:1.02
0.700	0.100	0.100	0.100
0.100	0.100	0.100	0.700
0.100	0.100	0.700	0.100
0.700	0.100	0.100	0.100
0.100	0.100	0.100	0.700
0.100	0.100	0.100	0.700
0.100	0.100	0.100	0.700
0.100	0.100	0.100	0.700
0.100	0.100	0.100	0.700
0.700	0.100	0.100	0.100
0.100	0.100	0.100	0.700
>TATCAGTTTCA	19-TATCAGTTTCA	9.379902	-73.226418	0	T:65.0(0.91%),B:3.0(0.13%),P:1e-31	Tpos:159.5,Tstd:99.3,Bpos:213.1,Bstd:72.0,StrandBias:0.6,Multiplicity:1.00
0.100	0.100	0.100	0.700
0.700	0.100	0.100	0.100
0.100	0.100	0.100	0.700
0.100	0.700	0.100	0.100
0.700	0.100	0.100	0.100
0.100	0.100	0.700	0.100
0.100	0.100	0.100	0.700
0.100	0.100	0.100	0.700
0.100	0.100	0.100	0.700
0.100	0.700	0.100	0.100
0.700	0.100	0.100	0.100
>TTTTGCCACTA	20-TTTTGCCACTA	9.021427	-71.373576	0	T:73.0(1.02%),B:4.2(0.18%),P:1e-30	Tpos:148.9,Tstd:87.6,Bpos:111.2,Bstd:40.7,StrandBias:0.4,Multiplicity:1.00
0.075	0.133	0.043	0.749
0.053	0.095	0.094	0.758
0.052	0.189	0.043	0.716
0.098	0.054	0.075	0.773
0.087	0.116	0.680	0.117
0.061	0.774	0.053	0.112
0.076	0.815	0.018	0.091
0.709	0.098	0.032	0.161
0.061	0.809	0.059	0.071
0.154	0.222	0.029	0.595
0.634	0.115	0.139	0.112
>ACCAGATAAAA	21-ACCAGATAAAA	9.517611	-67.727007	0	T:79.0(1.10%),B:5.6(0.24%),P:1e-29	Tpos:154.4,Tstd:93.2,Bpos:230.7,Bstd:75.3,StrandBias:0.0,Multiplicity:1.00
0.743	0.077	0.089	0.091
0.113	0.587	0.208	0.092
0.146	0.719	0.057	0.078
0.896	0.016	0.022	0.066
0.169	0.183	0.598	0.050
0.791	0.059	0.084	0.066
0.196	0.092	0.253	0.460
0.783	0.062	0.100	0.055
0.820	0.060	0.076	0.044
0.768	0.090	0.102	0.040
0.842	0.044	0.066	0.048
>TGAAGGAAGAT	22-TGAAGGAAGAT	9.866479	-65.540228	0	T:61.0(0.85%),B:3.5(0.15%),P:1e-28	Tpos:158.0,Tstd:114.8,Bpos:240.9,Bstd:113.4,StrandBias:0.3,Multiplicity:1.12
0.014	0.001	0.001	0.984
0.015	0.015	0.955	0.015
0.984	0.014	0.001	0.001
0.653	0.014	0.332	0.001
0.001	0.001	0.997	0.001
0.001	0.014	0.984	0.001
0.918	0.067	0.001	0.014
0.984	0.001	0.001	0.014
0.001	0.066	0.932	0.001
0.761	0.171	0.001	0.067
0.067	0.015	0.067	0.851
>AGTTGTGTGCT	23-AGTTGTGTGCT	9.379902	-59.945936	0	T:58.0(0.81%),B:3.1(0.14%),P:1e-26	Tpos:131.0,Tstd:88.7,Bpos:139.9,Bstd:65.6,StrandBias:0.5,Multiplicity:1.04
0.700	0.100	0.100	0.100
0.100	0.100	0.700	0.100
0.100	0.100	0.100	0.700
0.100	0.100	0.100	0.700
0.100	0.100	0.700	0.100
0.100	0.100	0.100	0.700
0.100	0.100	0.700	0.100
0.100	0.100	0.100	0.700
0.100	0.100	0.700	0.100
0.100	0.700	0.100	0.100
0.100	0.100	0.100	0.700
>ATCTTTCATCT	24-ATCTTTCATCT	9.379902	-50.517760	0	T:68.0(0.95%),B:5.2(0.23%),P:1e-21	Tpos:146.4,Tstd:74.6,Bpos:150.5,Bstd:169.5,StrandBias:0.1,Multiplicity:1.00
0.700	0.100	0.100	0.100
0.100	0.100	0.100	0.700
0.100	0.700	0.100	0.100
0.100	0.100	0.100	0.700
0.100	0.100	0.100	0.700
0.100	0.100	0.100	0.700
0.100	0.700	0.100	0.100
0.700	0.100	0.100	0.100
0.100	0.100	0.100	0.700
0.100	0.700	0.100	0.100
0.100	0.100	0.100	0.700
>MSAATGGAANN	25-MSAATGGAANN	3.736447	-46.534296	0	T:2605.0(36.40%),B:714.2(31.22%),P:1e-20	Tpos:152.6,Tstd:99.4,Bpos:150.1,Bstd:135.3,StrandBias:0.1,Multiplicity:1.42
0.228	0.368	0.192	0.212
0.200	0.241	0.357	0.203
0.527	0.136	0.146	0.191
0.527	0.128	0.153	0.192
0.124	0.238	0.108	0.530
0.141	0.241	0.471	0.147
0.107	0.135	0.602	0.156
0.552	0.133	0.135	0.180
0.525	0.175	0.133	0.167
0.229	0.232	0.241	0.298
0.289	0.224	0.274	0.212
>TCCTGTGTKCTG	1-TCCTGTGTKCTG	11.180849	-219.094282	0	T:90.0(1.26%),B:2.0(0.09%),P:1e-95	Tpos:137.2,Tstd:83.6,Bpos:118.2,Bstd:85.4,StrandBias:0.1,Multiplicity:1.07
0.001	0.001	0.120	0.878
0.001	0.853	0.145	0.001
0.001	0.997	0.001	0.001
0.001	0.001	0.001	0.997
0.001	0.132	0.866	0.001
0.001	0.001	0.228	0.770
0.001	0.001	0.620	0.378
0.001	0.001	0.058	0.940
0.001	0.106	0.382	0.511
0.094	0.601	0.001	0.304
0.270	0.001	0.001	0.728
0.001	0.307	0.602	0.090
>AAAACCACAAAA	2-AAAACCACAAAA	11.488581	-215.722851	0	T:89.0(1.24%),B:1.9(0.08%),P:1e-93	Tpos:164.1,Tstd:93.4,Bpos:87.4,Bstd:3.4,StrandBias:0.4,Multiplicity:1.00
0.886	0.076	0.037	0.001
0.566	0.098	0.301	0.035
0.948	0.001	0.001	0.050
0.924	0.001	0.074	0.001
0.247	0.751	0.001	0.001
0.001	0.997	0.001	0.001
0.914	0.044	0.001	0.041
0.088	0.882	0.015	0.015
0.676	0.322	0.001	0.001
0.735	0.001	0.065	0.199
0.697	0.261	0.041	0.001
0.817	0.049	0.133	0.001
>TTTCAGAGGCAG	3-TTTCAGAGGCAG	10.894863	-185.904469	0	T:80.0(1.12%),B:2.0(0.09%),P:1e-80	Tpos:138.0,Tstd:87.1,Bpos:204.4,Bstd:69.9,StrandBias:-0.2,Multiplicity:1.04
0.031	0.116	0.021	0.832
0.001	0.155	0.001	0.843
0.001	0.001	0.001	0.997
0.111	0.887	0.001	0.001
0.968	0.001	0.001	0.030
0.138	0.001	0.860	0.001
0.863	0.095	0.021	0.021
0.383	0.001	0.615	0.001
0.010	0.046	0.923	0.021
0.076	0.765	0.158	0.001
0.876	0.021	0.001	0.102
0.031	0.001	0.833	0.135
>TTTTWAAWWTTT	4-TTTTWAAWWTTT	8.535972	-165.157290	0	T:92.0(1.29%),B:2.2(0.10%),P:1e-71	Tpos:159.0,Tstd:115.5,Bpos:335.4,Bstd:105.6,StrandBias:-0.0,Multiplicity:1.05
0.170	0.020	0.067	0.743
0.127	0.017	0.018	0.838
0.185	0.050	0.015	0.750
0.299	0.068	0.088	0.545
0.431	0.079	0.064	0.426
0.501	0.058	0.142	0.299
0.535	0.075	0.056	0.334
0.430	0.114	0.115	0.341
0.397	0.135	0.077	0.392
0.277	0.084	0.069	0.570
0.234	0.154	0.172	0.441
0.311	0.113	0.058	0.518
>TGGGGAARAGGG	5-TGGGGAARAGGG	11.222549	-125.868994	0	T:77.0(1.08%),B:2.8(0.12%),P:1e-54	Tpos:160.5,Tstd:91.2,Bpos:182.1,Bstd:41.5,StrandBias:0.1,Multiplicity:1.01
0.300	0.142	0.001	0.557
0.001	0.001	0.997	0.001
0.212	0.014	0.733	0.041
0.001	0.001	0.997	0.001
0.001	0.074	0.924	0.001
0.513	0.157	0.329	0.001
0.689	0.001	0.309	0.001
0.396	0.085	0.518	0.001
0.803	0.001	0.116	0.080
0.127	0.001	0.746	0.126
0.001	0.001	0.997	0.001
0.055	0.018	0.913	0.014
>GCCCCAGGGAAG	6-GCCCCAGGGAAG	10.958173	-118.346495	0	T:74.0(1.03%),B:2.7(0.12%),P:1e-51	Tpos:162.8,Tstd:100.5,Bpos:174.7,Bstd:53.0,StrandBias:0.0,Multiplicity:1.05
0.001	0.017	0.853	0.129
0.001	0.981	0.017	0.001
0.001	0.944	0.017	0.038
0.108	0.874	0.001	0.017
0.017	0.981	0.001	0.001
0.965	0.017	0.017	0.001
0.001	0.001	0.981	0.017
0.154	0.001	0.844	0.001
0.001	0.017	0.965	0.017
0.597	0.364	0.001	0.038
0.806	0.026	0.017	0.151
0.017	0.017	0.965	0.001
>TGTTTSTTTGTT	7-TGTTTSTTTGTT	10.789124	-113.398863	0	T:72.0(1.01%),B:2.4(0.11%),P:1e-49	Tpos:141.8,Tstd:86.2,Bpos:106.0,Bstd:0.0,StrandBias:0.5,Multiplicity:1.02
0.017	0.001	0.034	0.948
0.001	0.001	0.997	0.001
0.001	0.049	0.001	0.949
0.034	0.001	0.034	0.931
0.001	0.001	0.126	0.872
0.001	0.539	0.459	0.001
0.034	0.017	0.001	0.948
0.001	0.067	0.001	0.931
0.160	0.017	0.125	0.698
0.017	0.034	0.948	0.001
0.095	0.017	0.017	0.871
0.001	0.017	0.034	0.948
>TTGTGGCTTTCT	8-TTGTGGCTTTCT	10.920798	-104.127057	0	T:80.0(1.12%),B:3.7(0.16%),P:1e-45	Tpos:148.0,Tstd:83.6,Bpos:157.0,Bstd:14.8,StrandBias:-0.3,Multiplicity:1.01
0.058	0.097	0.047	0.798
0.043	0.014	0.077	0.866
0.041	0.036	0.826	0.097
0.043	0.014	0.038	0.905
0.032	0.005	0.882	0.081
0.023	0.036	0.885	0.056
0.023	0.681	0.113	0.183
0.041	0.009	0.014	0.936
0.027	0.018	0.034	0.921
0.018	0.160	0.034	0.788
0.025	0.806	0.038	0.131
0.108	0.072	0.005	0.815
>NNNTYGCTTNBN	9-NNNTYGCTTNBN	5.401236	-97.703294	0	T:77.0(1.08%),B:3.4(0.15%),P:1e-42	Tpos:148.7,Tstd:85.5,Bpos:159.9,Bstd:49.0,StrandBias:-0.2,Multiplicity:1.00
0.242	0.287	0.203	0.268
0.296	0.239	0.188	0.278
0.197	0.291	0.212	0.300
0.133	0.144	0.133	0.590
0.138	0.308	0.126	0.428
0.134	0.129	0.629	0.108
0.133	0.637	0.160	0.070
0.103	0.103	0.321	0.473
0.155	0.123	0.171	0.551
0.199	0.248	0.236	0.317
0.184	0.360	0.216	0.240
0.245	0.234	0.311	0.210
>CTGAAGAAGAAA	10-CTGAAGAAGAAA	10.409522	-91.873345	0	T:49.0(0.68%),B:1.0(0.04%),P:1e-39	Tpos:164.9,Tstd:97.4,Bpos:50.0,Bstd:0.0,StrandBias:1.0,Multiplicity:1.02
0.100	0.700	0.100	0.100
0.100	0.100	0.100	0.700
0.100	0.100	0.700	0.100
0.700	0.100	0.100	0.100
0.700	0.100	0.100	0.100
0.100	0.100	0.700	0.100
0.700	0.100	0.100	0.100
0.700	0.100	0.100	0.100
0.100	0.100	0.700	0.100
0.700	0.100	0.100	0.100
0.700	0.100	0.100	0.100
0.700	0.100	0.100	0.100
>GGATGTGGGGTG	11-GGATGTGGGGTG	10.313691	-91.845772	0	T:63.0(0.88%),B:2.3(0.10%),P:1e-39	Tpos:151.6,Tstd:75.1,Bpos:18.0,Bstd:0.0,StrandBias:-0.4,Multiplicity:1.08
0.015	0.001	0.983	0.001
0.001	0.001	0.983	0.015
0.983	0.015	0.001	0.001
0.016	0.001	0.016	0.967
0.016	0.016	0.781	0.187
0.001	0.001	0.001	0.997
0.001	0.001	0.997	0.001
0.015	0.001	0.983	0.001
0.016	0.001	0.967	0.016
0.072	0.001	0.926	0.001
0.186	0.016	0.001	0.797
0.015	0.001	0.983	0.001
>ACCCTCTACTGG	12-ACCCTCTACTGG	11.829805	-91.396531	0	T:74.0(1.03%),B:3.0(0.13%),P:1e-39	Tpos:141.3,Tstd:70.8,Bpos:158.2,Bstd:36.0,StrandBias:0.6,Multiplicity:1.11
0.545	0.083	0.182	0.190
0.010	0.977	0.012	0.001
0.060	0.917	0.001	0.022
0.264	0.692	0.001	0.043
0.355	0.086	0.001	0.558
0.001	0.987	0.001	0.011
0.019	0.065	0.001	0.915
0.803	0.091	0.045	0.061
0.001	0.761	0.227	0.011
0.051	0.003	0.043	0.903
0.001	0.001	0.997	0.001
0.069	0.022	0.840	0.069
>SWCAGGAAGCTG	13-SWCAGGAAGCTG	11.036916	-89.527095	0	T:62.0(0.87%),B:2.0(0.09%),P:1e-38	Tpos:153.9,Tstd:92.2,Bpos:207.8,Bstd:40.7,StrandBias:-0.6,Multiplicity:1.00
0.020	0.487	0.404	0.089
0.357	0.188	0.034	0.421
0.052	0.753	0.162	0.033
0.629	0.015	0.018	0.338
0.043	0.011	0.917	0.029
0.044	0.052	0.903	0.001
0.670	0.028	0.211	0.091
0.707	0.014	0.265	0.014
0.134	0.044	0.787	0.035
0.044	0.893	0.014	0.049
0.023	0.025	0.021	0.931
0.014	0.073	0.878	0.035
>AAAGCACAGAAA	14-AAAGCACAGAAA	11.818271	-80.415836	0	T:58.0(0.81%),B:2.0(0.09%),P:1e-34	Tpos:161.2,Tstd:81.3,Bpos:142.8,Bstd:120.7,StrandBias:0.3,Multiplicity:1.00
0.975	0.001	0.001	0.023
0.869	0.107	0.023	0.001
0.975	0.001	0.023	0.001
0.023	0.107	0.869	0.001
0.001	0.953	0.023	0.023
0.953	0.023	0.001	0.023
0.001	0.953	0.023	0.023
0.975	0.001	0.001	0.023
0.023	0.001	0.975	0.001
0.701	0.023	0.275	0.001
0.869	0.023	0.107	0.001
0.953	0.023	0.023	0.001
>AAAAGCAAACAA	15-AAAAGCAAACAA	10.409522	-77.162432	0	T:67.0(0.94%),B:3.5(0.15%),P:1e-33	Tpos:156.8,Tstd:97.3,Bpos:171.3,Bstd:163.3,StrandBias:0.5,Multiplicity:1.00
0.700	0.100	0.100	0.100
0.700	0.100	0.100	0.100
0.700	0.100	0.100	0.100
0.700	0.100	0.100	0.100
0.100	0.100	0.700	0.100
0.100	0.700	0.100	0.100
0.700	0.100	0.100	0.100
0.700	0.100	0.100	0.100
0.700	0.100	0.100	0.100
0.100	0.700	0.100	0.100
0.700	0.100	0.100	0.100
0.700	0.100	0.100	0.100
>ATATATTTTTAT	16-ATATATTTTTAT	10.434233	-73.761704	0	T:55.0(0.77%),B:2.9(0.13%),P:1e-32	Tpos:164.4,Tstd:113.0,Bpos:338.4,Bstd:198.0,StrandBias:0.5,Multiplicity:1.04
0.697	0.058	0.070	0.175
0.150	0.089	0.070	0.691
0.689	0.066	0.066	0.179
0.066	0.074	0.059	0.801
0.693	0.096	0.067	0.144
0.056	0.046	0.050	0.848
0.139	0.039	0.063	0.759
0.046	0.059	0.043	0.852
0.101	0.076	0.054	0.769
0.064	0.086	0.036	0.814
0.637	0.095	0.072	0.196
0.135	0.046	0.057	0.762
>TTCCTGCCAGAG	17-TTCCTGCCAGAG	11.102229	-73.761704	0	T:55.0(0.77%),B:2.8(0.12%),P:1e-32	Tpos:146.4,Tstd:87.7,Bpos:103.7,Bstd:87.6,StrandBias:0.7,Multiplicity:1.00
0.045	0.054	0.054	0.847
0.009	0.027	0.062	0.902
0.001	0.916	0.060	0.023
0.045	0.927	0.001	0.027
0.058	0.018	0.001	0.923
0.027	0.152	0.782	0.039
0.042	0.729	0.134	0.095
0.174	0.805	0.001	0.020
0.869	0.001	0.029	0.101
0.042	0.119	0.821	0.018
0.838	0.030	0.090	0.042
0.164	0.059	0.721	0.056
>TTTTAAATGAAA	18-TTTTAAATGAAA	10.409522	-71.579395	0	T:54.0(0.75%),B:3.0(0.13%),P:1e-31	Tpos:142.4,Tstd:102.0,Bpos:100.4,Bstd:94.5,StrandBias:-0.1,Multiplicity:1.00
0.100	0.100	0.100	0.700
0.100	0.100	0.100	0.700
0.100	0.100	0.100	0.700
0.100	0.100	0.100	0.700
0.700	0.100	0.100	0.100
0.700	0.100	0.100	0.100
0.700	0.100	0.100	0.100
0.100	0.100	0.100	0.700
0.100	0.100	0.700	0.100
0.700	0.100	0.100	0.100
0.700	0.100	0.100	0.100
0.700	0.100	0.100	0.100
>CTGCTGCCTTTC	19-CTGCTGCCTTTC	10.409522	-69.415487	0	T:53.0(0.74%),B:2.1(0.09%),P:1e-30	Tpos:128.7,Tstd:98.1,Bpos:82.1,Bstd:68.7,StrandBias:0.2,Multiplicity:1.00
0.100	0.700	0.100	0.100
0.100	0.100	0.100	0.700
0.100	0.100	0.700	0.100
0.100	0.700	0.100	0.100
0.100	0.100	0.100	0.700
0.100	0.100	0.700	0.100
0.100	0.700	0.100	0.100
0.100	0.700	0.100	0.100
0.100	0.100	0.100	0.700
0.100	0.100	0.100	0.700
0.100	0.100	0.100	0.700
0.100	0.700	0.100	0.100
>TGGGGGTGTGGT	20-TGGGGGTGTGGT	11.126458	-65.540228	0	T:61.0(0.85%),B:4.0(0.17%),P:1e-28	Tpos:151.5,Tstd:97.4,Bpos:152.4,Bstd:80.6,StrandBias:-0.1,Multiplicity:1.20
0.211	0.015	0.050	0.724
0.021	0.006	0.936	0.037
0.195	0.009	0.682	0.114
0.015	0.015	0.946	0.024
0.035	0.025	0.916	0.024
0.045	0.135	0.752	0.068
0.021	0.166	0.030	0.783
0.007	0.016	0.952	0.025
0.021	0.015	0.132	0.832
0.015	0.001	0.957	0.027
0.013	0.021	0.928	0.038
0.073	0.119	0.136	0.672
>TCCTGCTGGGCT	21-TCCTGCTGGGCT	10.930495	-64.359666	0	T:69.0(0.96%),B:4.6(0.20%),P:1e-27	Tpos:145.7,Tstd:89.0,Bpos:139.4,Bstd:83.4,StrandBias:-0.1,Multiplicity:1.07
0.078	0.142	0.122	0.658
0.029	0.779	0.120	0.072
0.019	0.939	0.014	0.028
0.149	0.047	0.028	0.776
0.046	0.064	0.861	0.029
0.029	0.907	0.039	0.025
0.131	0.020	0.050	0.799
0.033	0.019	0.915	0.033
0.071	0.023	0.842	0.064
0.029	0.057	0.871	0.043
0.024	0.883	0.051	0.042
0.029	0.050	0.034	0.887
>TGGCAAGCAGAG	22-TGGCAAGCAGAG	10.409522	-58.884233	0	T:48.0(0.67%),B:2.7(0.12%),P:1e-25	Tpos:150.0,Tstd:88.7,Bpos:83.2,Bstd:57.7,StrandBias:0.1,Multiplicity:1.00
0.100	0.100	0.100	0.700
0.100	0.100	0.700	0.100
0.100	0.100	0.700	0.100
0.100	0.700	0.100	0.100
0.700	0.100	0.100	0.100
0.700	0.100	0.100	0.100
0.100	0.100	0.700	0.100
0.100	0.700	0.100	0.100
0.700	0.100	0.100	0.100
0.100	0.100	0.700	0.100
0.700	0.100	0.100	0.100
0.100	0.100	0.700	0.100
>TTTATTGTTTTT	23-TTTATTGTTTTT	10.409522	-45.803815	0	T:50.0(0.70%),B:3.7(0.16%),P:1e-19	Tpos:140.2,Tstd:94.9,Bpos:63.0,Bstd:33.6,StrandBias:0.1,Multiplicity:1.02
0.100	0.100	0.100	0.700
0.100	0.100	0.100	0.700
0.100	0.100	0.100	0.700
0.700	0.100	0.100	0.100
0.100	0.100	0.100	0.700
0.100	0.100	0.100	0.700
0.100	0.100	0.700	0.100
0.100	0.100	0.100	0.700
0.100	0.100	0.100	0.700
0.100	0.100	0.100	0.700
0.100	0.100	0.100	0.700
0.100	0.100	0.100	0.700
>CCTCCCCAGCAT	24-CCTCCCCAGCAT	10.409522	-44.121240	0	T:49.0(0.68%),B:3.4(0.15%),P:1e-19	Tpos:168.1,Tstd:117.6,Bpos:145.1,Bstd:83.6,StrandBias:-0.7,Multiplicity:1.09
0.100	0.700	0.100	0.100
0.100	0.700	0.100	0.100
0.100	0.100	0.100	0.700
0.100	0.700	0.100	0.100
0.100	0.700	0.100	0.100
0.100	0.700	0.100	0.100
0.100	0.700	0.100	0.100
0.700	0.100	0.100	0.100
0.100	0.100	0.700	0.100
0.100	0.700	0.100	0.100
0.700	0.100	0.100	0.100
0.100	0.100	0.100	0.700
>ATTCCATTCGAG	25-ATTCCATTCGAG	8.827644	-34.071536	0	T:35.0(0.49%),B:2.8(0.12%),P:1e-14	Tpos:134.3,Tstd:82.6,Bpos:168.9,Bstd:45.2,StrandBias:-0.9,Multiplicity:2.51
0.621	0.146	0.092	0.141
0.081	0.097	0.084	0.738
0.071	0.087	0.103	0.739
0.091	0.683	0.093	0.133
0.111	0.733	0.058	0.098
0.649	0.149	0.039	0.163
0.071	0.125	0.116	0.688
0.063	0.108	0.122	0.707
0.145	0.540	0.137	0.178
0.154	0.224	0.473	0.149
0.747	0.053	0.081	0.119
0.113	0.088	0.691	0.108
>TATCTC	1-TATCTC	2.347218	-79.745469	0	T:2506.0(35.01%),B:647.3(28.30%),P:1e-34	Tpos:151.7,Tstd:98.3,Bpos:144.4,Bstd:112.7,StrandBias:-0.0,Multiplicity:1.31
0.001	0.001	0.001	0.997
0.997	0.001	0.001	0.001
0.001	0.053	0.001	0.945
0.001	0.997	0.001	0.001
0.001	0.001	0.045	0.953
0.001	0.947	0.051	0.001
>ATCGAA	2-ATCGAA	5.335011	-66.116211	0	T:601.0(8.40%),B:119.5(5.22%),P:1e-28	Tpos:156.7,Tstd:102.0,Bpos:154.1,Bstd:130.1,StrandBias:0.1,Multiplicity:1.17
0.854	0.001	0.144	0.001
0.177	0.001	0.001	0.821
0.001	0.997	0.001	0.001
0.001	0.001	0.997	0.001
0.790	0.001	0.001	0.208
0.906	0.092	0.001	0.001
>GCTATC	3-GCTATC	2.439604	-62.384044	0	T:3356.0(46.89%),B:927.1(40.53%),P:1e-27	Tpos:151.4,Tstd:97.4,Bpos:160.9,Bstd:135.6,StrandBias:0.1,Multiplicity:1.27
0.001	0.001	0.997	0.001
0.001	0.997	0.001	0.001
0.017	0.001	0.001	0.981
0.978	0.001	0.001	0.020
0.001	0.144	0.001	0.854
0.001	0.997	0.001	0.001
>CCAAGA	4-CCAAGA	6.522337	-57.407407	0	T:1820.0(25.43%),B:465.5(20.35%),P:1e-24	Tpos:152.9,Tstd:103.8,Bpos:148.5,Bstd:123.0,StrandBias:-0.1,Multiplicity:1.16
0.001	0.997	0.001	0.001
0.001	0.997	0.001	0.001
0.997	0.001	0.001	0.001
0.832	0.166	0.001	0.001
0.001	0.001	0.997	0.001
0.796	0.001	0.001	0.202
>AACCAT	5-AACCAT	6.372820	-56.441383	0	T:1735.0(24.24%),B:441.8(19.31%),P:1e-24	Tpos:157.0,Tstd:99.3,Bpos:153.7,Bstd:148.9,StrandBias:0.1,Multiplicity:1.22
0.746	0.001	0.001	0.252
0.997	0.001	0.001	0.001
0.001	0.997	0.001	0.001
0.194	0.804	0.001	0.001
0.997	0.001	0.001	0.001
0.001	0.001	0.001	0.997
>GGTTAG	6-GGTTAG	6.177716	-56.176133	0	T:612.0(8.55%),B:128.0(5.60%),P:1e-24	Tpos:152.6,Tstd:93.9,Bpos:135.2,Bstd:107.0,StrandBias:0.1,Multiplicity:1.07
0.100	0.100	0.700	0.100
0.100	0.100	0.700	0.100
0.100	0.100	0.100	0.700
0.100	0.100	0.100	0.700
0.700	0.100	0.100	0.100
0.100	0.100	0.700	0.100
>ACTAGA	7-ACTAGA	6.912440	-52.832560	0	T:1083.0(15.13%),B:257.7(11.26%),P:1e-22	Tpos:147.2,Tstd:91.6,Bpos:149.8,Bstd:114.7,StrandBias:0.0,Multiplicity:1.12
0.997	0.001	0.001	0.001
0.001	0.997	0.001	0.001
0.001	0.001	0.001	0.997
0.997	0.001	0.001	0.001
0.001	0.001	0.749	0.249
0.997	0.001	0.001	0.001
>TTCATG	8-TTCATG	6.655987	-51.074431	0	T:2013.0(28.13%),B:529.8(23.16%),P:1e-22	Tpos:152.2,Tstd:99.8,Bpos:145.4,Bstd:115.5,StrandBias:-0.1,Multiplicity:1.19
0.001	0.001	0.001	0.997
0.001	0.170	0.001	0.828
0.001	0.997	0.001	0.001
0.997	0.001	0.001	0.001
0.001	0.001	0.232	0.766
0.001	0.001	0.997	0.001
>CTTATA	9-CTTATA	5.370842	-48.711149	0	T:1762.0(24.62%),B:457.1(19.98%),P:1e-21	Tpos:149.5,Tstd:97.1,Bpos:151.5,Bstd:121.7,StrandBias:-0.1,Multiplicity:1.19
0.001	0.997	0.001	0.001
0.001	0.342	0.110	0.547
0.210	0.001	0.001	0.788
0.788	0.210	0.001	0.001
0.001	0.312	0.001	0.686
0.663	0.226	0.001	0.110
>CAGAAC	10-CAGAAC	6.196638	-48.320971	0	T:2593.0(36.23%),B:708.8(30.99%),P:1e-20	Tpos:154.8,Tstd:99.0,Bpos:153.2,Bstd:122.2,StrandBias:0.0,Multiplicity:1.30
0.001	0.997	0.001	0.001
0.997	0.001	0.001	0.001
0.001	0.267	0.731	0.001
0.997	0.001	0.001	0.001
0.997	0.001	0.001	0.001
0.001	0.832	0.001	0.166
>TGGYAA	11-TGGYAA	7.490812	-39.371322	0	T:1719.0(24.02%),B:455.1(19.90%),P:1e-17	Tpos:154.4,Tstd:97.7,Bpos:153.6,Bstd:123.5,StrandBias:-0.1,Multiplicity:1.11
0.001	0.001	0.001	0.997
0.001	0.001	0.997	0.001
0.001	0.001	0.997	0.001
0.001	0.444	0.001	0.554
0.997	0.001	0.001	0.001
0.997	0.001	0.001	0.001
>AAATCA	12-AAATCA	1.382878	-36.712600	0	T:4052.0(56.62%),B:1184.6(51.79%),P:1e-15	Tpos:154.3,Tstd:103.7,Bpos:150.1,Bstd:124.8,StrandBias:0.0,Multiplicity:1.53
0.997	0.001	0.001	0.001
0.997	0.001	0.001	0.001
0.997	0.001	0.001	0.001
0.001	0.001	0.013	0.985
0.001	0.997	0.001	0.001
0.867	0.131	0.001	0.001
>TGTGGT	13-TGTGGT	4.779897	-35.795584	0	T:4670.0(65.25%),B:1386.6(60.62%),P:1e-15	Tpos:150.1,Tstd:92.5,Bpos:147.3,Bstd:122.0,StrandBias:0.0,Multiplicity:1.68
0.001	0.001	0.001	0.997
0.001	0.001	0.997	0.001
0.001	0.001	0.001	0.997
0.075	0.220	0.704	0.001
0.311	0.001	0.687	0.001
0.001	0.134	0.001	0.864
>GAATCT	14-GAATCT	7.203130	-34.655088	0	T:1136.0(15.87%),B:289.9(12.68%),P:1e-15	Tpos:152.9,Tstd:96.7,Bpos:141.0,Bstd:116.1,StrandBias:0.1,Multiplicity:1.06
0.001	0.001	0.997	0.001
0.665	0.001	0.001	0.333
0.997	0.001	0.001	0.001
0.001	0.001	0.001	0.997
0.001	0.997	0.001	0.001
0.001	0.001	0.001	0.997
>TAAACG	15-TAAACG	6.177716	-33.687376	0	T:192.0(2.68%),B:33.9(1.48%),P:1e-14	Tpos:139.4,Tstd:104.8,Bpos:129.4,Bstd:103.8,StrandBias:0.2,Multiplicity:1.01
0.100	0.100	0.100	0.700
0.700	0.100	0.100	0.100
0.700	0.100	0.100	0.100
0.700	0.100	0.100	0.100
0.100	0.700	0.100	0.100
0.100	0.100	0.700	0.100
>TCAGTG	16-TCAGTG	6.177716	-32.077908	0	T:1287.0(17.98%),B:336.2(14.70%),P:1e-13	Tpos:149.5,Tstd:100.2,Bpos:153.2,Bstd:114.2,StrandBias:0.0,Multiplicity:1.14
0.100	0.100	0.100	0.700
0.100	0.700	0.100	0.100
0.700	0.100	0.100	0.100
0.100	0.100	0.700	0.100
0.100	0.100	0.100	0.700
0.100	0.100	0.700	0.100
>CTAGTA	17-CTAGTA	7.731754	-31.431817	0	T:334.0(4.67%),B:69.9(3.05%),P:1e-13	Tpos:148.8,Tstd:105.7,Bpos:175.7,Bstd:118.3,StrandBias:0.2,Multiplicity:1.06
0.001	0.778	0.220	0.001
0.001	0.001	0.001	0.997
0.997	0.001	0.001	0.001
0.001	0.274	0.724	0.001
0.001	0.001	0.001	0.997
0.997	0.001	0.001	0.001
>ATTCCD	18-ATTCCD	4.714485	-28.870288	0	T:1536.0(21.46%),B:414.1(18.11%),P:1e-12	Tpos:146.6,Tstd:100.7,Bpos:156.0,Bstd:144.3,StrandBias:-0.2,Multiplicity:1.22
0.979	0.001	0.019	0.001
0.088	0.248	0.003	0.661
0.151	0.197	0.001	0.651
0.185	0.467	0.211	0.138
0.310	0.479	0.006	0.205
0.365	0.001	0.345	0.289
>AGGATT	19-AGGATT	4.964277	-26.634714	0	T:2701.0(37.74%),B:774.1(33.84%),P:1e-11	Tpos:153.4,Tstd:100.8,Bpos:154.5,Bstd:131.8,StrandBias:0.0,Multiplicity:1.23
0.794	0.001	0.001	0.204
0.019	0.004	0.976	0.001
0.001	0.001	0.997	0.001
0.997	0.001	0.001	0.001
0.001	0.001	0.181	0.817
0.019	0.001	0.004	0.976
>GGTATT	20-GGTATT	6.879784	-21.923504	0	T:661.0(9.24%),B:166.0(7.26%),P:1e-9	Tpos:156.6,Tstd:100.7,Bpos:128.8,Bstd:107.0,StrandBias:-0.3,Multiplicity:1.06
0.001	0.241	0.757	0.001
0.001	0.001	0.997	0.001
0.001	0.001	0.001	0.997
0.997	0.001	0.001	0.001
0.001	0.001	0.001	0.997
0.001	0.001	0.001	0.997
>TTTAAA	21-TTTAAA	4.231805	-20.552003	0	T:4420.0(61.76%),B:1333.1(58.28%),P:1e-8	Tpos:152.8,Tstd:104.0,Bpos:153.3,Bstd:132.1,StrandBias:0.0,Multiplicity:2.23
0.100	0.100	0.100	0.700
0.100	0.100	0.100	0.700
0.100	0.100	0.100	0.700
0.700	0.100	0.100	0.100
0.700	0.100	0.100	0.100
0.700	0.100	0.100	0.100
>CGAAAA	22-CGAAAA	6.177716	-19.440795	0	T:222.0(3.10%),B:47.6(2.08%),P:1e-8	Tpos:147.5,Tstd:104.4,Bpos:170.5,Bstd:91.6,StrandBias:-0.1,Multiplicity:1.02
0.100	0.700	0.100	0.100
0.100	0.100	0.700	0.100
0.700	0.100	0.100	0.100
0.700	0.100	0.100	0.100
0.700	0.100	0.100	0.100
0.700	0.100	0.100	0.100
>TATTGT	23-TATTGT	6.177716	-19.137076	0	T:591.0(8.26%),B:149.5(6.53%),P:1e-8	Tpos:160.6,Tstd:98.6,Bpos:134.2,Bstd:115.7,StrandBias:-0.1,Multiplicity:1.04
0.100	0.100	0.100	0.700
0.700	0.100	0.100	0.100
0.100	0.100	0.100	0.700
0.100	0.100	0.100	0.700
0.100	0.100	0.700	0.100
0.100	0.100	0.100	0.700
>CCGTAC	24-CCGTAC	6.177716	-14.412965	0	T:105.0(1.47%),B:20.1(0.88%),P:1e-6	Tpos:159.5,Tstd:103.1,Bpos:136.5,Bstd:102.2,StrandBias:-0.1,Multiplicity:1.01
0.100	0.700	0.100	0.100
0.100	0.700	0.100	0.100
0.100	0.100	0.700	0.100
0.100	0.100	0.100	0.700
0.700	0.100	0.100	0.100
0.100	0.700	0.100	0.100
>TGCCGC	25-TGCCGC	6.177716	-12.562784	0	T:505.0(7.06%),B:132.7(5.80%),P:1e-5	Tpos:145.8,Tstd:92.0,Bpos:153.7,Bstd:100.2,StrandBias:-0.1,Multiplicity:1.11
0.100	0.100	0.100	0.700
0.100	0.100	0.700	0.100
0.100	0.700	0.100	0.100
0.100	0.700	0.100	0.100
0.100	0.100	0.700	0.100
0.100	0.700	0.100	0.100
>GTGTGTT	1-GTGTGTT	2.605238	-102.946542	0	T:2158.0(30.15%),B:524.1(22.91%),P:1e-44	Tpos:150.1,Tstd:93.0,Bpos:150.5,Bstd:117.8,StrandBias:-0.1,Multiplicity:1.24
0.001	0.001	0.997	0.001
0.001	0.001	0.001	0.997
0.001	0.001	0.997	0.001
0.001	0.001	0.163	0.835
0.001	0.144	0.854	0.001
0.001	0.001	0.019	0.979
0.001	0.001	0.001	0.997
>GAAAGCA	2-GAAAGCA	5.791601	-92.994615	0	T:3175.0(44.36%),B:838.4(36.65%),P:1e-40	Tpos:150.1,Tstd:98.7,Bpos:152.8,Bstd:131.5,StrandBias:-0.0,Multiplicity:1.41
0.001	0.184	0.763	0.052
0.952	0.001	0.001	0.046
0.864	0.087	0.048	0.001
0.881	0.001	0.001	0.117
0.079	0.001	0.879	0.041
