>TAAAAATARAC	1-TAAAAATARAC	9.607513	-187.145557	0	T:100.0(1.40%),B:2.7(0.12%),P:1e-81	Tpos:146.9,Tstd:90.9,Bpos:166.6,Bstd:124.9,StrandBias:0.2,Multiplicity:1.00
0.079	0.068	0.036	0.817
0.814	0.057	0.086	0.043
0.886	0.025	0.049	0.040
0.891	0.032	0.041	0.036
0.888	0.021	0.039	0.052
0.739	0.023	0.171	0.067
0.042	0.220	0.042	0.696
0.906	0.025	0.026	0.043
0.358	0.140	0.383	0.119
0.811	0.038	0.036	0.115
0.055	0.871	0.041	0.033
>AGATGTTGCCA	2-AGATGTTGCCA	9.893531	-176.185728	0	T:77.0(1.08%),B:1.5(0.07%),P:1e-76	Tpos:156.1,Tstd:89.1,Bpos:148.3,Bstd:20.1,StrandBias:0.2,Multiplicity:1.00
0.961	0.001	0.019	0.019
0.029	0.001	0.969	0.001
0.819	0.150	0.001	0.030
0.001	0.001	0.001	0.997
0.001	0.001	0.997	0.001
0.019	0.233	0.085	0.663
0.030	0.001	0.072	0.897
0.001	0.001	0.969	0.029
0.132	0.830	0.019	0.019
0.001	0.969	0.001	0.029
0.914	0.001	0.001	0.084
>GAGAAATGKTT	3-GAGAAATGKTT	8.795379	-157.104814	0	T:71.0(0.99%),B:1.8(0.08%),P:1e-68	Tpos:155.6,Tstd:98.4,Bpos:58.1,Bstd:26.3,StrandBias:0.7,Multiplicity:1.00
0.279	0.092	0.549	0.080
0.712	0.001	0.185	0.102
0.208	0.046	0.713	0.033
0.786	0.109	0.079	0.026
0.687	0.048	0.070	0.195
0.545	0.152	0.187	0.116
0.121	0.001	0.045	0.833
0.115	0.001	0.760	0.124
0.130	0.134	0.442	0.294
0.044	0.091	0.151	0.714
0.107	0.027	0.315	0.551
>ATCTTGAAAGC	4-ATCTTGAAAGC	9.311812	-153.972954	0	T:70.0(0.98%),B:1.1(0.05%),P:1e-66	Tpos:150.5,Tstd:103.9,Bpos:271.0,Bstd:0.0,StrandBias:-0.2,Multiplicity:1.00
0.958	0.014	0.014	0.014
0.014	0.014	0.014	0.958
0.013	0.985	0.001	0.001
0.013	0.001	0.001	0.985
0.065	0.001	0.065	0.869
0.014	0.325	0.660	0.001
0.920	0.014	0.065	0.001
0.971	0.014	0.014	0.001
0.985	0.001	0.013	0.001
0.014	0.014	0.958	0.014
0.014	0.818	0.001	0.167
>TGCCTCTTAAA	5-TGCCTCTTAAA	9.784552	-146.490229	0	T:85.0(1.19%),B:2.6(0.11%),P:1e-63	Tpos:167.1,Tstd:101.9,Bpos:122.2,Bstd:3.6,StrandBias:0.5,Multiplicity:1.01
0.061	0.001	0.013	0.925
0.013	0.013	0.961	0.013
0.001	0.830	0.156	0.013
0.001	0.843	0.001	0.155
0.013	0.013	0.001	0.973
0.001	0.938	0.001	0.060
0.013	0.013	0.001	0.973
0.013	0.001	0.303	0.683
0.973	0.013	0.001	0.013
0.973	0.013	0.013	0.001
0.986	0.001	0.012	0.001
>GTAACCACATT	6-GTAACCACATT	10.009260	-141.590646	0	T:66.0(0.92%),B:1.7(0.07%),P:1e-61	Tpos:154.8,Tstd:88.1,Bpos:422.6,Bstd:80.6,StrandBias:0.0,Multiplicity:1.00
0.014	0.064	0.858	0.064
0.064	0.064	0.165	0.707
0.858	0.064	0.064	0.014
0.971	0.014	0.014	0.001
0.063	0.935	0.001	0.001
0.001	0.971	0.014	0.014
0.985	0.001	0.001	0.013
0.014	0.971	0.014	0.001
0.985	0.001	0.013	0.001
0.001	0.063	0.001	0.935
0.001	0.001	0.164	0.834
>ATTTGTTGAAA	7-ATTTGTTGAAA	9.864534	-135.489567	0	T:64.0(0.89%),B:1.6(0.07%),P:1e-58	Tpos:182.5,Tstd:119.7,Bpos:35.0,Bstd:0.0,StrandBias:-0.1,Multiplicity:1.02
0.949	0.017	0.017	0.017
0.001	0.078	0.017	0.904
0.017	0.017	0.017	0.949
0.001	0.001	0.001	0.997
0.001	0.017	0.592	0.390
0.001	0.017	0.017	0.965
0.016	0.001	0.001	0.982
0.017	0.017	0.949	0.017
0.965	0.017	0.017	0.001
0.764	0.202	0.017	0.017
0.982	0.016	0.001	0.001
>TTAAACAAGAG	8-TTAAACAAGAG	9.879291	-120.840698	0	T:75.0(1.05%),B:2.0(0.09%),P:1e-52	Tpos:179.5,Tstd:103.3,Bpos:240.6,Bstd:182.4,StrandBias:-0.1,Multiplicity:1.10
0.131	0.038	0.034	0.797
0.116	0.066	0.100	0.718
0.832	0.076	0.057	0.035
0.878	0.042	0.050	0.030
0.892	0.034	0.052	0.022
0.100	0.722	0.107	0.071
0.909	0.045	0.016	0.030
0.882	0.008	0.055	0.055
0.208	0.060	0.710	0.022
0.883	0.013	0.062	0.042
0.065	0.027	0.843	0.065
>TGCCTGAAATT	9-TGCCTGAAATT	8.684229	-111.547810	0	T:94.0(1.31%),B:4.3(0.19%),P:1e-48	Tpos:153.9,Tstd:94.1,Bpos:246.2,Bstd:11.0,StrandBias:0.2,Multiplicity:1.02
0.001	0.009	0.001	0.989
0.010	0.001	0.874	0.115
0.224	0.542	0.224	0.010
0.010	0.944	0.001	0.045
0.001	0.001	0.009	0.989
0.010	0.010	0.979	0.001
0.756	0.010	0.224	0.010
0.989	0.001	0.001	0.009
0.989	0.001	0.001	0.009
0.010	0.010	0.010	0.970
0.010	0.010	0.010	0.970
>ACCAAGCAGAA	10-ACCAAGCAGAA	9.379902	-108.472437	0	T:82.0(1.15%),B:4.0(0.17%),P:1e-47	Tpos:147.2,Tstd:101.6,Bpos:138.0,Bstd:57.8,StrandBias:-0.1,Multiplicity:1.05
0.700	0.100	0.100	0.100
0.100	0.700	0.100	0.100
0.100	0.700	0.100	0.100
0.700	0.100	0.100	0.100
0.700	0.100	0.100	0.100
0.100	0.100	0.700	0.100
0.100	0.700	0.100	0.100
0.700	0.100	0.100	0.100
0.100	0.100	0.700	0.100
0.700	0.100	0.100	0.100
0.700	0.100	0.100	0.100
>TTTCCTACCAG	11-TTTCCTACCAG	9.595722	-106.293562	0	T:81.0(1.13%),B:3.2(0.14%),P:1e-46	Tpos:148.1,Tstd:96.5,Bpos:162.1,Bstd:102.1,StrandBias:0.1,Multiplicity:1.01
0.039	0.098	0.042	0.821
0.033	0.044	0.032	0.891
0.032	0.064	0.064	0.840
0.033	0.764	0.071	0.132
0.041	0.830	0.014	0.115
0.134	0.120	0.011	0.735
0.776	0.068	0.129	0.027
0.055	0.815	0.057	0.073
0.025	0.862	0.031	0.082
0.915	0.019	0.015	0.051
0.083	0.045	0.846	0.026
>AAACAGATAAC	12-AAACAGATAAC	9.379902	-98.895847	0	T:66.0(0.92%),B:3.0(0.13%),P:1e-42	Tpos:157.1,Tstd:95.1,Bpos:128.5,Bstd:44.9,StrandBias:0.2,Multiplicity:1.00
0.700	0.100	0.100	0.100
0.700	0.100	0.100	0.100
0.700	0.100	0.100	0.100
0.100	0.700	0.100	0.100
0.700	0.100	0.100	0.100
0.100	0.100	0.700	0.100
0.700	0.100	0.100	0.100
0.100	0.100	0.100	0.700
0.700	0.100	0.100	0.100
0.700	0.100	0.100	0.100
0.100	0.700	0.100	0.100
>GAACTTTGCTT	13-GAACTTTGCTT	9.433321	-93.684742	0	T:85.0(1.19%),B:4.3(0.19%),P:1e-40	Tpos:152.5,Tstd:111.4,Bpos:121.7,Bstd:22.1,StrandBias:0.1,Multiplicity:1.01
0.060	0.044	0.848	0.048
0.732	0.146	0.038	0.084
0.800	0.098	0.074	0.028
0.155	0.749	0.035	0.061
0.033	0.029	0.025	0.913
0.034	0.096	0.125	0.745
0.070	0.020	0.038	0.872
0.035	0.062	0.818	0.085
0.019	0.907	0.025	0.049
0.025	0.087	0.009	0.879
0.028	0.082	0.073	0.817
>AAATCAGGAAC	14-AAATCAGGAAC	9.379902	-91.845772	0	T:63.0(0.88%),B:2.7(0.12%),P:1e-39	Tpos:155.8,Tstd:88.1,Bpos:158.1,Bstd:120.2,StrandBias:-0.0,Multiplicity:1.00
0.700	0.100	0.100	0.100
0.700	0.100	0.100	0.100
0.700	0.100	0.100	0.100
0.100	0.100	0.100	0.700
0.100	0.700	0.100	0.100
0.700	0.100	0.100	0.100
0.100	0.100	0.700	0.100
0.100	0.100	0.700	0.100
0.700	0.100	0.100	0.100
0.700	0.100	0.100	0.100
0.100	0.700	0.100	0.100
>NTCTAAGCAAV	15-NTCTAAGCAAV	6.773238	-85.733577	0	T:120.0(1.68%),B:9.2(0.40%),P:1e-37	Tpos:152.2,Tstd:94.0,Bpos:305.7,Bstd:333.1,StrandBias:-0.0,Multiplicity:1.01
0.253	0.246	0.190	0.311
0.156	0.123	0.140	0.581
0.147	0.554	0.154	0.145
0.223	0.133	0.079	0.565
0.535	0.190	0.158	0.117
0.694	0.064	0.118	0.124
0.188	0.113	0.597	0.102
0.203	0.533	0.146	0.118
0.669	0.137	0.079	0.115
0.607	0.135	0.149	0.109
0.354	0.205	0.237	0.204
>TCTWAAGAAAG	16-TCTWAAGAAAG	10.041628	-85.211389	0	T:71.0(0.99%),B:3.5(0.15%),P:1e-37	Tpos:153.4,Tstd:119.5,Bpos:148.0,Bstd:0.0,StrandBias:0.9,Multiplicity:1.00
0.025	0.025	0.001	0.949
0.001	0.949	0.025	0.025
0.025	0.001	0.001	0.973
0.544	0.016	0.016	0.424
0.898	0.025	0.076	0.001
0.973	0.001	0.001	0.025
0.280	0.001	0.718	0.001
0.973	0.025	0.001	0.001
0.874	0.069	0.041	0.016
0.973	0.001	0.025	0.001
0.026	0.026	0.922	0.026
>TCATTTCTGGT	17-TCATTTCTGGT	9.379902	-83.177555	0	T:70.0(0.98%),B:3.7(0.16%),P:1e-36	Tpos:149.7,Tstd:98.5,Bpos:107.7,Bstd:46.7,StrandBias:-0.1,Multiplicity:1.00
0.100	0.100	0.100	0.700
0.100	0.700	0.100	0.100
0.700	0.100	0.100	0.100
0.100	0.100	0.100	0.700
0.100	0.100	0.100	0.700
0.100	0.100	0.100	0.700
0.100	0.700	0.100	0.100
0.100	0.100	0.100	0.700
0.100	0.100	0.700	0.100
0.100	0.100	0.700	0.100
0.100	0.100	0.100	0.700
>ATGATTTTTAT	18-ATGATTTTTAT	9.379902	-75.186874	0	T:66.0(0.92%),B:3.0(0.13%),P:1e-32	Tpos:133.5,Tstd:97.3,Bpos:215.5,Bstd:3.1,StrandBias:-0.4,Multiplicity:1.02
0.700	0.100	0.100	0.100
0.100	0.100	0.100	0.700
0.100	0.100	0.700	0.100
0.700	0.100	0.100	0.100
0.100	0.100	0.100	0.700
0.100	0.100	0.100	0.700
0.100	0.100	0.100	0.700
0.100	0.100	0.100	0.700
0.100	0.100	0.100	0.700
0.700	0.100	0.100	0.100
0.100	0.100	0.100	0.700
>TATCAGTTTCA	19-TATCAGTTTCA	9.379902	-73.226418	0	T:65.0(0.91%),B:3.0(0.13%),P:1e-31	Tpos:159.5,Tstd:99.3,Bpos:213.1,Bstd:72.0,StrandBias:0.6,Multiplicity:1.00
0.100	0.100	0.100	0.700
0.700	0.100	0.100	0.100
0.100	0.100	0.100	0.700
0.100	0.700	0.100	0.100
0.700	0.100	0.100	0.100
0.100	0.100	0.700	0.100
0.100	0.100	0.100	0.700
0.100	0.100	0.100	0.700
0.100	0.100	0.100	0.700
0.100	0.700	0.100	0.100
0.700	0.100	0.100	0.100
>TTTTGCCACTA	20-TTTTGCCACTA	9.021427	-71.373576	0	T:73.0(1.02%),B:4.2(0.18%),P:1e-30	Tpos:148.9,Tstd:87.6,Bpos:111.2,Bstd:40.7,StrandBias:0.4,Multiplicity:1.00
0.075	0.133	0.043	0.749
0.053	0.095	0.094	0.758
0.052	0.189	0.043	0.716
0.098	0.054	0.075	0.773
0.087	0.116	0.680	0.117
0.061	0.774	0.053	0.112
0.076	0.815	0.018	0.091
0.709	0.098	0.032	0.161
0.061	0.809	0.059	0.071
0.154	0.222	0.029	0.595
0.634	0.115	0.139	0.112
>ACCAGATAAAA	21-ACCAGATAAAA	9.517611	-67.727007	0	T:79.0(1.10%),B:5.6(0.24%),P:1e-29	Tpos:154.4,Tstd:93.2,Bpos:230.7,Bstd:75.3,StrandBias:0.0,Multiplicity:1.00
0.743	0.077	0.089	0.091
0.113	0.587	0.208	0.092
0.146	0.719	0.057	0.078
0.896	0.016	0.022	0.066
0.169	0.183	0.598	0.050
0.791	0.059	0.084	0.066
0.196	0.092	0.253	0.460
0.783	0.062	0.100	0.055
0.820	0.060	0.076	0.044
0.768	0.090	0.102	0.040
0.842	0.044	0.066	0.048
>TGAAGGAAGAT	22-TGAAGGAAGAT	9.866479	-65.540228	0	T:61.0(0.85%),B:3.5(0.15%),P:1e-28	Tpos:158.0,Tstd:114.8,Bpos:240.9,Bstd:113.4,StrandBias:0.3,Multiplicity:1.12
0.014	0.001	0.001	0.984
0.015	0.015	0.955	0.015
0.984	0.014	0.001	0.001
0.653	0.014	0.332	0.001
0.001	0.001	0.997	0.001
0.001	0.014	0.984	0.001
0.918	0.067	0.001	0.014
0.984	0.001	0.001	0.014
0.001	0.066	0.932	0.001
0.761	0.171	0.001	0.067
0.067	0.015	0.067	0.851
>AGTTGTGTGCT	23-AGTTGTGTGCT	9.379902	-59.945936	0	T:58.0(0.81%),B:3.1(0.14%),P:1e-26	Tpos:131.0,Tstd:88.7,Bpos:139.9,Bstd:65.6,StrandBias:0.5,Multiplicity:1.04
0.700	0.100	0.100	0.100
0.100	0.100	0.700	0.100
0.100	0.100	0.100	0.700
0.100	0.100	0.100	0.700
0.100	0.100	0.700	0.100
0.100	0.100	0.100	0.700
0.100	0.100	0.700	0.100
0.100	0.100	0.100	0.700
0.100	0.100	0.700	0.100
0.100	0.700	0.100	0.100
0.100	0.100	0.100	0.700
>ATCTTTCATCT	24-ATCTTTCATCT	9.379902	-50.517760	0	T:68.0(0.95%),B:5.2(0.23%),P:1e-21	Tpos:146.4,Tstd:74.6,Bpos:150.5,Bstd:169.5,StrandBias:0.1,Multiplicity:1.00
0.700	0.100	0.100	0.100
0.100	0.100	0.100	0.700
0.100	0.700	0.100	0.100
0.100	0.100	0.100	0.700
0.100	0.100	0.100	0.700
0.100	0.100	0.100	0.700
0.100	0.700	0.100	0.100
0.700	0.100	0.100	0.100
0.100	0.100	0.100	0.700
0.100	0.700	0.100	0.100
0.100	0.100	0.100	0.700
>MSAATGGAANN	25-MSAATGGAANN	3.736447	-46.534296	0	T:2605.0(36.40%),B:714.2(31.22%),P:1e-20	Tpos:152.6,Tstd:99.4,Bpos:150.1,Bstd:135.3,StrandBias:0.1,Multiplicity:1.42
0.228	0.368	0.192	0.212
0.200	0.241	0.357	0.203
0.527	0.136	0.146	0.191
0.527	0.128	0.153	0.192
0.124	0.238	0.108	0.530
0.141	0.241	0.471	0.147
0.107	0.135	0.602	0.156
0.552	0.133	0.135	0.180
0.525	0.175	0.133	0.167
0.229	0.232	0.241	0.298
0.289	0.224	0.274	0.212
