>TCCTGTGTKCTG	1-TCCTGTGTKCTG	11.180849	-219.094282	0	T:90.0(1.26%),B:2.0(0.09%),P:1e-95	Tpos:137.2,Tstd:83.6,Bpos:118.2,Bstd:85.4,StrandBias:0.1,Multiplicity:1.07
0.001	0.001	0.120	0.878
0.001	0.853	0.145	0.001
0.001	0.997	0.001	0.001
0.001	0.001	0.001	0.997
0.001	0.132	0.866	0.001
0.001	0.001	0.228	0.770
0.001	0.001	0.620	0.378
0.001	0.001	0.058	0.940
0.001	0.106	0.382	0.511
0.094	0.601	0.001	0.304
0.270	0.001	0.001	0.728
0.001	0.307	0.602	0.090
>AAAACCACAAAA	2-AAAACCACAAAA	11.488581	-215.722851	0	T:89.0(1.24%),B:1.9(0.08%),P:1e-93	Tpos:164.1,Tstd:93.4,Bpos:87.4,Bstd:3.4,StrandBias:0.4,Multiplicity:1.00
0.886	0.076	0.037	0.001
0.566	0.098	0.301	0.035
0.948	0.001	0.001	0.050
0.924	0.001	0.074	0.001
0.247	0.751	0.001	0.001
0.001	0.997	0.001	0.001
0.914	0.044	0.001	0.041
0.088	0.882	0.015	0.015
0.676	0.322	0.001	0.001
0.735	0.001	0.065	0.199
0.697	0.261	0.041	0.001
0.817	0.049	0.133	0.001
>TTTCAGAGGCAG	3-TTTCAGAGGCAG	10.894863	-185.904469	0	T:80.0(1.12%),B:2.0(0.09%),P:1e-80	Tpos:138.0,Tstd:87.1,Bpos:204.4,Bstd:69.9,StrandBias:-0.2,Multiplicity:1.04
0.031	0.116	0.021	0.832
0.001	0.155	0.001	0.843
0.001	0.001	0.001	0.997
0.111	0.887	0.001	0.001
0.968	0.001	0.001	0.030
0.138	0.001	0.860	0.001
0.863	0.095	0.021	0.021
0.383	0.001	0.615	0.001
0.010	0.046	0.923	0.021
0.076	0.765	0.158	0.001
0.876	0.021	0.001	0.102
0.031	0.001	0.833	0.135
>TTTTWAAWWTTT	4-TTTTWAAWWTTT	8.535972	-165.157290	0	T:92.0(1.29%),B:2.2(0.10%),P:1e-71	Tpos:159.0,Tstd:115.5,Bpos:335.4,Bstd:105.6,StrandBias:-0.0,Multiplicity:1.05
0.170	0.020	0.067	0.743
0.127	0.017	0.018	0.838
0.185	0.050	0.015	0.750
0.299	0.068	0.088	0.545
0.431	0.079	0.064	0.426
0.501	0.058	0.142	0.299
0.535	0.075	0.056	0.334
0.430	0.114	0.115	0.341
0.397	0.135	0.077	0.392
0.277	0.084	0.069	0.570
0.234	0.154	0.172	0.441
0.311	0.113	0.058	0.518
>TGGGGAARAGGG	5-TGGGGAARAGGG	11.222549	-125.868994	0	T:77.0(1.08%),B:2.8(0.12%),P:1e-54	Tpos:160.5,Tstd:91.2,Bpos:182.1,Bstd:41.5,StrandBias:0.1,Multiplicity:1.01
0.300	0.142	0.001	0.557
0.001	0.001	0.997	0.001
0.212	0.014	0.733	0.041
0.001	0.001	0.997	0.001
0.001	0.074	0.924	0.001
0.513	0.157	0.329	0.001
0.689	0.001	0.309	0.001
0.396	0.085	0.518	0.001
0.803	0.001	0.116	0.080
0.127	0.001	0.746	0.126
0.001	0.001	0.997	0.001
0.055	0.018	0.913	0.014
>GCCCCAGGGAAG	6-GCCCCAGGGAAG	10.958173	-118.346495	0	T:74.0(1.03%),B:2.7(0.12%),P:1e-51	Tpos:162.8,Tstd:100.5,Bpos:174.7,Bstd:53.0,StrandBias:0.0,Multiplicity:1.05
0.001	0.017	0.853	0.129
0.001	0.981	0.017	0.001
0.001	0.944	0.017	0.038
0.108	0.874	0.001	0.017
0.017	0.981	0.001	0.001
0.965	0.017	0.017	0.001
0.001	0.001	0.981	0.017
0.154	0.001	0.844	0.001
0.001	0.017	0.965	0.017
0.597	0.364	0.001	0.038
0.806	0.026	0.017	0.151
0.017	0.017	0.965	0.001
>TGTTTSTTTGTT	7-TGTTTSTTTGTT	10.789124	-113.398863	0	T:72.0(1.01%),B:2.4(0.11%),P:1e-49	Tpos:141.8,Tstd:86.2,Bpos:106.0,Bstd:0.0,StrandBias:0.5,Multiplicity:1.02
0.017	0.001	0.034	0.948
0.001	0.001	0.997	0.001
0.001	0.049	0.001	0.949
0.034	0.001	0.034	0.931
0.001	0.001	0.126	0.872
0.001	0.539	0.459	0.001
0.034	0.017	0.001	0.948
0.001	0.067	0.001	0.931
0.160	0.017	0.125	0.698
0.017	0.034	0.948	0.001
0.095	0.017	0.017	0.871
0.001	0.017	0.034	0.948
>TTGTGGCTTTCT	8-TTGTGGCTTTCT	10.920798	-104.127057	0	T:80.0(1.12%),B:3.7(0.16%),P:1e-45	Tpos:148.0,Tstd:83.6,Bpos:157.0,Bstd:14.8,StrandBias:-0.3,Multiplicity:1.01
0.058	0.097	0.047	0.798
0.043	0.014	0.077	0.866
0.041	0.036	0.826	0.097
0.043	0.014	0.038	0.905
0.032	0.005	0.882	0.081
0.023	0.036	0.885	0.056
0.023	0.681	0.113	0.183
0.041	0.009	0.014	0.936
0.027	0.018	0.034	0.921
0.018	0.160	0.034	0.788
0.025	0.806	0.038	0.131
0.108	0.072	0.005	0.815
>NNNTYGCTTNBN	9-NNNTYGCTTNBN	5.401236	-97.703294	0	T:77.0(1.08%),B:3.4(0.15%),P:1e-42	Tpos:148.7,Tstd:85.5,Bpos:159.9,Bstd:49.0,StrandBias:-0.2,Multiplicity:1.00
0.242	0.287	0.203	0.268
0.296	0.239	0.188	0.278
0.197	0.291	0.212	0.300
0.133	0.144	0.133	0.590
0.138	0.308	0.126	0.428
0.134	0.129	0.629	0.108
0.133	0.637	0.160	0.070
0.103	0.103	0.321	0.473
0.155	0.123	0.171	0.551
0.199	0.248	0.236	0.317
0.184	0.360	0.216	0.240
0.245	0.234	0.311	0.210
>CTGAAGAAGAAA	10-CTGAAGAAGAAA	10.409522	-91.873345	0	T:49.0(0.68%),B:1.0(0.04%),P:1e-39	Tpos:164.9,Tstd:97.4,Bpos:50.0,Bstd:0.0,StrandBias:1.0,Multiplicity:1.02
0.100	0.700	0.100	0.100
0.100	0.100	0.100	0.700
0.100	0.100	0.700	0.100
0.700	0.100	0.100	0.100
0.700	0.100	0.100	0.100
0.100	0.100	0.700	0.100
0.700	0.100	0.100	0.100
0.700	0.100	0.100	0.100
0.100	0.100	0.700	0.100
0.700	0.100	0.100	0.100
0.700	0.100	0.100	0.100
0.700	0.100	0.100	0.100
>GGATGTGGGGTG	11-GGATGTGGGGTG	10.313691	-91.845772	0	T:63.0(0.88%),B:2.3(0.10%),P:1e-39	Tpos:151.6,Tstd:75.1,Bpos:18.0,Bstd:0.0,StrandBias:-0.4,Multiplicity:1.08
0.015	0.001	0.983	0.001
0.001	0.001	0.983	0.015
0.983	0.015	0.001	0.001
0.016	0.001	0.016	0.967
0.016	0.016	0.781	0.187
0.001	0.001	0.001	0.997
0.001	0.001	0.997	0.001
0.015	0.001	0.983	0.001
0.016	0.001	0.967	0.016
0.072	0.001	0.926	0.001
0.186	0.016	0.001	0.797
0.015	0.001	0.983	0.001
>ACCCTCTACTGG	12-ACCCTCTACTGG	11.829805	-91.396531	0	T:74.0(1.03%),B:3.0(0.13%),P:1e-39	Tpos:141.3,Tstd:70.8,Bpos:158.2,Bstd:36.0,StrandBias:0.6,Multiplicity:1.11
0.545	0.083	0.182	0.190
0.010	0.977	0.012	0.001
0.060	0.917	0.001	0.022
0.264	0.692	0.001	0.043
0.355	0.086	0.001	0.558
0.001	0.987	0.001	0.011
0.019	0.065	0.001	0.915
0.803	0.091	0.045	0.061
0.001	0.761	0.227	0.011
0.051	0.003	0.043	0.903
0.001	0.001	0.997	0.001
0.069	0.022	0.840	0.069
>SWCAGGAAGCTG	13-SWCAGGAAGCTG	11.036916	-89.527095	0	T:62.0(0.87%),B:2.0(0.09%),P:1e-38	Tpos:153.9,Tstd:92.2,Bpos:207.8,Bstd:40.7,StrandBias:-0.6,Multiplicity:1.00
0.020	0.487	0.404	0.089
0.357	0.188	0.034	0.421
0.052	0.753	0.162	0.033
0.629	0.015	0.018	0.338
0.043	0.011	0.917	0.029
0.044	0.052	0.903	0.001
0.670	0.028	0.211	0.091
0.707	0.014	0.265	0.014
0.134	0.044	0.787	0.035
0.044	0.893	0.014	0.049
0.023	0.025	0.021	0.931
0.014	0.073	0.878	0.035
>AAAGCACAGAAA	14-AAAGCACAGAAA	11.818271	-80.415836	0	T:58.0(0.81%),B:2.0(0.09%),P:1e-34	Tpos:161.2,Tstd:81.3,Bpos:142.8,Bstd:120.7,StrandBias:0.3,Multiplicity:1.00
0.975	0.001	0.001	0.023
0.869	0.107	0.023	0.001
0.975	0.001	0.023	0.001
0.023	0.107	0.869	0.001
0.001	0.953	0.023	0.023
0.953	0.023	0.001	0.023
0.001	0.953	0.023	0.023
0.975	0.001	0.001	0.023
0.023	0.001	0.975	0.001
0.701	0.023	0.275	0.001
0.869	0.023	0.107	0.001
0.953	0.023	0.023	0.001
>AAAAGCAAACAA	15-AAAAGCAAACAA	10.409522	-77.162432	0	T:67.0(0.94%),B:3.5(0.15%),P:1e-33	Tpos:156.8,Tstd:97.3,Bpos:171.3,Bstd:163.3,StrandBias:0.5,Multiplicity:1.00
0.700	0.100	0.100	0.100
0.700	0.100	0.100	0.100
0.700	0.100	0.100	0.100
0.700	0.100	0.100	0.100
0.100	0.100	0.700	0.100
0.100	0.700	0.100	0.100
0.700	0.100	0.100	0.100
0.700	0.100	0.100	0.100
0.700	0.100	0.100	0.100
0.100	0.700	0.100	0.100
0.700	0.100	0.100	0.100
0.700	0.100	0.100	0.100
>ATATATTTTTAT	16-ATATATTTTTAT	10.434233	-73.761704	0	T:55.0(0.77%),B:2.9(0.13%),P:1e-32	Tpos:164.4,Tstd:113.0,Bpos:338.4,Bstd:198.0,StrandBias:0.5,Multiplicity:1.04
0.697	0.058	0.070	0.175
0.150	0.089	0.070	0.691
0.689	0.066	0.066	0.179
0.066	0.074	0.059	0.801
0.693	0.096	0.067	0.144
0.056	0.046	0.050	0.848
0.139	0.039	0.063	0.759
0.046	0.059	0.043	0.852
0.101	0.076	0.054	0.769
0.064	0.086	0.036	0.814
0.637	0.095	0.072	0.196
0.135	0.046	0.057	0.762
>TTCCTGCCAGAG	17-TTCCTGCCAGAG	11.102229	-73.761704	0	T:55.0(0.77%),B:2.8(0.12%),P:1e-32	Tpos:146.4,Tstd:87.7,Bpos:103.7,Bstd:87.6,StrandBias:0.7,Multiplicity:1.00
0.045	0.054	0.054	0.847
0.009	0.027	0.062	0.902
0.001	0.916	0.060	0.023
0.045	0.927	0.001	0.027
0.058	0.018	0.001	0.923
0.027	0.152	0.782	0.039
0.042	0.729	0.134	0.095
0.174	0.805	0.001	0.020
0.869	0.001	0.029	0.101
0.042	0.119	0.821	0.018
0.838	0.030	0.090	0.042
0.164	0.059	0.721	0.056
>TTTTAAATGAAA	18-TTTTAAATGAAA	10.409522	-71.579395	0	T:54.0(0.75%),B:3.0(0.13%),P:1e-31	Tpos:142.4,Tstd:102.0,Bpos:100.4,Bstd:94.5,StrandBias:-0.1,Multiplicity:1.00
0.100	0.100	0.100	0.700
0.100	0.100	0.100	0.700
0.100	0.100	0.100	0.700
0.100	0.100	0.100	0.700
0.700	0.100	0.100	0.100
0.700	0.100	0.100	0.100
0.700	0.100	0.100	0.100
0.100	0.100	0.100	0.700
0.100	0.100	0.700	0.100
0.700	0.100	0.100	0.100
0.700	0.100	0.100	0.100
0.700	0.100	0.100	0.100
>CTGCTGCCTTTC	19-CTGCTGCCTTTC	10.409522	-69.415487	0	T:53.0(0.74%),B:2.1(0.09%),P:1e-30	Tpos:128.7,Tstd:98.1,Bpos:82.1,Bstd:68.7,StrandBias:0.2,Multiplicity:1.00
0.100	0.700	0.100	0.100
0.100	0.100	0.100	0.700
0.100	0.100	0.700	0.100
0.100	0.700	0.100	0.100
0.100	0.100	0.100	0.700
0.100	0.100	0.700	0.100
0.100	0.700	0.100	0.100
0.100	0.700	0.100	0.100
0.100	0.100	0.100	0.700
0.100	0.100	0.100	0.700
0.100	0.100	0.100	0.700
0.100	0.700	0.100	0.100
>TGGGGGTGTGGT	20-TGGGGGTGTGGT	11.126458	-65.540228	0	T:61.0(0.85%),B:4.0(0.17%),P:1e-28	Tpos:151.5,Tstd:97.4,Bpos:152.4,Bstd:80.6,StrandBias:-0.1,Multiplicity:1.20
0.211	0.015	0.050	0.724
0.021	0.006	0.936	0.037
0.195	0.009	0.682	0.114
0.015	0.015	0.946	0.024
0.035	0.025	0.916	0.024
0.045	0.135	0.752	0.068
0.021	0.166	0.030	0.783
0.007	0.016	0.952	0.025
0.021	0.015	0.132	0.832
0.015	0.001	0.957	0.027
0.013	0.021	0.928	0.038
0.073	0.119	0.136	0.672
>TCCTGCTGGGCT	21-TCCTGCTGGGCT	10.930495	-64.359666	0	T:69.0(0.96%),B:4.6(0.20%),P:1e-27	Tpos:145.7,Tstd:89.0,Bpos:139.4,Bstd:83.4,StrandBias:-0.1,Multiplicity:1.07
0.078	0.142	0.122	0.658
0.029	0.779	0.120	0.072
0.019	0.939	0.014	0.028
0.149	0.047	0.028	0.776
0.046	0.064	0.861	0.029
0.029	0.907	0.039	0.025
0.131	0.020	0.050	0.799
0.033	0.019	0.915	0.033
0.071	0.023	0.842	0.064
0.029	0.057	0.871	0.043
0.024	0.883	0.051	0.042
0.029	0.050	0.034	0.887
>TGGCAAGCAGAG	22-TGGCAAGCAGAG	10.409522	-58.884233	0	T:48.0(0.67%),B:2.7(0.12%),P:1e-25	Tpos:150.0,Tstd:88.7,Bpos:83.2,Bstd:57.7,StrandBias:0.1,Multiplicity:1.00
0.100	0.100	0.100	0.700
0.100	0.100	0.700	0.100
0.100	0.100	0.700	0.100
0.100	0.700	0.100	0.100
0.700	0.100	0.100	0.100
0.700	0.100	0.100	0.100
0.100	0.100	0.700	0.100
0.100	0.700	0.100	0.100
0.700	0.100	0.100	0.100
0.100	0.100	0.700	0.100
0.700	0.100	0.100	0.100
0.100	0.100	0.700	0.100
>TTTATTGTTTTT	23-TTTATTGTTTTT	10.409522	-45.803815	0	T:50.0(0.70%),B:3.7(0.16%),P:1e-19	Tpos:140.2,Tstd:94.9,Bpos:63.0,Bstd:33.6,StrandBias:0.1,Multiplicity:1.02
0.100	0.100	0.100	0.700
0.100	0.100	0.100	0.700
0.100	0.100	0.100	0.700
0.700	0.100	0.100	0.100
0.100	0.100	0.100	0.700
0.100	0.100	0.100	0.700
0.100	0.100	0.700	0.100
0.100	0.100	0.100	0.700
0.100	0.100	0.100	0.700
0.100	0.100	0.100	0.700
0.100	0.100	0.100	0.700
0.100	0.100	0.100	0.700
>CCTCCCCAGCAT	24-CCTCCCCAGCAT	10.409522	-44.121240	0	T:49.0(0.68%),B:3.4(0.15%),P:1e-19	Tpos:168.1,Tstd:117.6,Bpos:145.1,Bstd:83.6,StrandBias:-0.7,Multiplicity:1.09
0.100	0.700	0.100	0.100
0.100	0.700	0.100	0.100
0.100	0.100	0.100	0.700
0.100	0.700	0.100	0.100
0.100	0.700	0.100	0.100
0.100	0.700	0.100	0.100
0.100	0.700	0.100	0.100
0.700	0.100	0.100	0.100
0.100	0.100	0.700	0.100
0.100	0.700	0.100	0.100
0.700	0.100	0.100	0.100
0.100	0.100	0.100	0.700
>ATTCCATTCGAG	25-ATTCCATTCGAG	8.827644	-34.071536	0	T:35.0(0.49%),B:2.8(0.12%),P:1e-14	Tpos:134.3,Tstd:82.6,Bpos:168.9,Bstd:45.2,StrandBias:-0.9,Multiplicity:2.51
0.621	0.146	0.092	0.141
0.081	0.097	0.084	0.738
0.071	0.087	0.103	0.739
0.091	0.683	0.093	0.133
0.111	0.733	0.058	0.098
0.649	0.149	0.039	0.163
0.071	0.125	0.116	0.688
0.063	0.108	0.122	0.707
0.145	0.540	0.137	0.178
0.154	0.224	0.473	0.149
0.747	0.053	0.081	0.119
0.113	0.088	0.691	0.108
