>TCAACTCTTTCT	9-TCAACTCTTTCT,BestGuess:ZNF652/MA1657.1/Jaspar(0.745)	9.818204	-22.238438	0	T:39.0(0.72%),B:0.8(0.02%),P:1e-9
0.108	0.068	0.064	0.760
0.083	0.701	0.101	0.115
0.757	0.108	0.036	0.099
0.643	0.108	0.090	0.159
0.071	0.729	0.108	0.092
0.077	0.067	0.042	0.814
0.055	0.761	0.080	0.104
0.093	0.095	0.015	0.797
0.065	0.100	0.084	0.751
0.076	0.080	0.075	0.769
0.068	0.725	0.090	0.117
0.098	0.090	0.018	0.794
