>TGAGATTACAGG	5-TGAGATTACAGG	8.000703	-26.358470	0	T:202.0(3.73%),B:61.6(1.48%),P:1e-11
0.249	0.086	0.124	0.541
0.146	0.118	0.624	0.112
0.503	0.047	0.279	0.171
0.264	0.112	0.529	0.095
0.563	0.086	0.228	0.123
0.207	0.195	0.179	0.419
0.169	0.199	0.179	0.453
0.529	0.124	0.138	0.209
0.175	0.556	0.170	0.099
0.700	0.038	0.129	0.133
0.131	0.009	0.837	0.023
0.246	0.095	0.492	0.167
