>CCCAATCACACA	24-TGTGTGATTGGG	11.188616	-11.453883	0	T:28.0(0.52%),B:2.0(0.05%),P:1e-4
0.055	0.802	0.073	0.070
0.159	0.751	0.035	0.055
0.053	0.859	0.035	0.053
0.891	0.055	0.001	0.053
0.749	0.073	0.055	0.123
0.125	0.125	0.070	0.680
0.037	0.820	0.090	0.053
0.893	0.053	0.001	0.053
0.053	0.874	0.055	0.018
0.840	0.088	0.002	0.070
0.017	0.963	0.019	0.001
0.911	0.035	0.001	0.053
