>CTTTCCCTCTGT	21-CTTTCCCTCTGT	10.727783	-13.972618	0	T:61.0(1.13%),B:12.1(0.29%),P:1e-6
0.093	0.812	0.043	0.052
0.052	0.062	0.031	0.855
0.001	0.072	0.072	0.855
0.031	0.063	0.041	0.865
0.074	0.789	0.063	0.074
0.052	0.728	0.031	0.189
0.031	0.905	0.012	0.052
0.021	0.053	0.031	0.895
0.010	0.846	0.041	0.103
0.074	0.022	0.021	0.883
0.021	0.116	0.800	0.063
0.052	0.053	0.113	0.782
