>TGANTCABHHHH	1-TGANTCABHHHH	6.365699	-77.871417	0	T:2150.0(39.65%),B:1153.0(27.76%),P:1e-33
0.067	0.001	0.018	0.914
0.049	0.081	0.776	0.094
0.736	0.052	0.056	0.156
0.186	0.292	0.311	0.211
0.074	0.033	0.027	0.866
0.073	0.822	0.075	0.030
0.905	0.031	0.001	0.063
0.106	0.260	0.300	0.334
0.270	0.266	0.141	0.324
0.311	0.275	0.098	0.317
0.295	0.332	0.052	0.320
0.281	0.306	0.108	0.305
