>TCTGACCTCATG	17-TCTGACCTCATG	8.862894	-16.603829	0	T:38.0(0.70%),B:2.3(0.05%),P:1e-7
0.106	0.128	0.106	0.660
0.083	0.683	0.129	0.105
0.135	0.065	0.041	0.759
0.100	0.134	0.653	0.113
0.612	0.135	0.121	0.132
0.112	0.653	0.110	0.125
0.138	0.651	0.057	0.154
0.142	0.111	0.055	0.692
0.085	0.690	0.123	0.102
0.650	0.152	0.067	0.131
0.117	0.069	0.141	0.673
0.100	0.136	0.627	0.137
