>TGAGATTTGGAT	6-ATCCAAATCTCA	10.921268	-25.871703	0	T:67.0(1.24%),B:5.3(0.13%),P:1e-11
0.098	0.001	0.024	0.877
0.025	0.054	0.896	0.025
0.946	0.001	0.004	0.049
0.098	0.073	0.828	0.001
0.828	0.049	0.074	0.049
0.049	0.049	0.049	0.853
0.001	0.049	0.078	0.872
0.029	0.001	0.024	0.946
0.073	0.001	0.730	0.196
0.143	0.025	0.783	0.049
0.634	0.114	0.105	0.147
0.074	0.049	0.049	0.828
