>GGRAGTGAGTAA	7-GGRAGTGAGTAA	10.551165	-24.521565	0	T:94.0(1.73%),B:15.0(0.36%),P:1e-10
0.092	0.001	0.874	0.033
0.204	0.092	0.643	0.061
0.376	0.094	0.321	0.209
0.869	0.031	0.065	0.035
0.002	0.035	0.932	0.031
0.063	0.001	0.061	0.875
0.001	0.061	0.905	0.033
0.897	0.031	0.035	0.037
0.124	0.033	0.841	0.002
0.285	0.033	0.159	0.523
0.679	0.001	0.290	0.030
0.931	0.001	0.067	0.001
