>TTTCTCTGTGGA	19-TTTCTCTGTGGA,BestGuess:PRDM1/MA0508.3/Jaspar(0.656)	10.383907	-16.410806	0	T:67.0(1.24%),B:12.1(0.29%),P:1e-7
0.048	0.068	0.086	0.798
0.038	0.069	0.039	0.854
0.010	0.095	0.048	0.847
0.049	0.826	0.057	0.068
0.057	0.047	0.001	0.895
0.048	0.779	0.068	0.105
0.068	0.029	0.038	0.865
0.029	0.057	0.837	0.077
0.058	0.010	0.057	0.875
0.106	0.010	0.835	0.049
0.049	0.048	0.845	0.058
0.756	0.040	0.039	0.165
