>ATCCAAATCTCA	6-ATCCAAATCTCA,BestGuess:Gfi1b/MA0483.1/Jaspar(0.673)	10.921268	-25.871703	0	T:67.0(1.24%),B:5.3(0.13%),P:1e-11
0.828	0.049	0.049	0.074
0.147	0.105	0.114	0.634
0.049	0.783	0.025	0.143
0.196	0.730	0.001	0.073
0.946	0.024	0.001	0.029
0.872	0.078	0.049	0.001
0.853	0.049	0.049	0.049
0.049	0.074	0.049	0.828
0.001	0.828	0.073	0.098
0.049	0.004	0.001	0.946
0.025	0.896	0.054	0.025
0.877	0.024	0.001	0.098
