>AGGGACCCAGTG	8-CACTGGGTCCCT	10.416501	-24.001332	0	T:56.0(1.03%),B:3.7(0.09%),P:1e-10
0.846	0.013	0.064	0.077
0.104	0.013	0.832	0.051
0.078	0.026	0.832	0.064
0.065	0.091	0.817	0.027
0.780	0.117	0.039	0.064
0.065	0.857	0.039	0.039
0.052	0.832	0.001	0.115
0.051	0.833	0.064	0.052
0.866	0.026	0.041	0.067
0.064	0.065	0.857	0.014
0.077	0.026	0.116	0.781
0.064	0.013	0.897	0.026
