>CCATGTGAAGAA	13-CCATGTGAAGAA,BestGuess:MXI1/MA1108.2/Jaspar(0.676)	9.371740	-18.177021	0	T:41.0(0.76%),B:2.6(0.06%),P:1e-7
0.174	0.446	0.177	0.203
0.195	0.687	0.014	0.104
0.688	0.171	0.002	0.139
0.116	0.008	0.184	0.692
0.133	0.138	0.614	0.115
0.136	0.001	0.155	0.708
0.161	0.060	0.643	0.136
0.649	0.111	0.147	0.093
0.744	0.001	0.146	0.109
0.177	0.067	0.703	0.053
0.670	0.120	0.143	0.067
0.758	0.023	0.105	0.114
