>GGGAATTATGGG	10-GGGAATTATGGG	10.613304	-21.543859	0	T:43.0(0.79%),B:1.6(0.04%),P:1e-9
0.077	0.019	0.846	0.058
0.061	0.019	0.901	0.019
0.116	0.039	0.786	0.059
0.805	0.077	0.099	0.019
0.844	0.077	0.021	0.058
0.116	0.058	0.135	0.691
0.021	0.021	0.059	0.899
0.767	0.116	0.001	0.116
0.097	0.077	0.058	0.768
0.059	0.001	0.902	0.038
0.019	0.001	0.922	0.058
0.019	0.039	0.923	0.019
