>CAAAATACAAAC	23-GTTTGTATTTTG	10.528863	-12.805260	0	T:34.0(0.63%),B:3.4(0.08%),P:1e-5
0.085	0.758	0.085	0.072
0.816	0.057	0.014	0.113
0.859	0.001	0.084	0.056
0.829	0.058	0.085	0.028
0.901	0.071	0.014	0.014
0.026	0.115	0.044	0.815
0.801	0.028	0.099	0.072
0.058	0.801	0.028	0.113
0.916	0.042	0.014	0.028
0.829	0.085	0.028	0.058
0.873	0.056	0.001	0.070
0.030	0.829	0.099	0.042
