>TTCTTCACATGG	13-CCATGTGAAGAA	9.371740	-18.177021	0	T:41.0(0.76%),B:2.6(0.06%),P:1e-7
0.114	0.105	0.023	0.758
0.067	0.143	0.120	0.670
0.053	0.703	0.067	0.177
0.109	0.146	0.001	0.744
0.093	0.147	0.111	0.649
0.136	0.643	0.060	0.161
0.708	0.155	0.001	0.136
0.115	0.614	0.138	0.133
0.692	0.184	0.008	0.116
0.139	0.002	0.171	0.688
0.104	0.014	0.687	0.195
0.203	0.177	0.446	0.174
