>GTTTGTATTTTG	23-GTTTGTATTTTG,BestGuess:POU5F1/MA1115.1/Jaspar(0.646)	10.528863	-12.805260	0	T:34.0(0.63%),B:3.4(0.08%),P:1e-5
0.042	0.099	0.829	0.030
0.070	0.001	0.056	0.873
0.058	0.028	0.085	0.829
0.028	0.014	0.042	0.916
0.113	0.028	0.801	0.058
0.072	0.099	0.028	0.801
0.815	0.044	0.115	0.026
0.014	0.014	0.071	0.901
0.028	0.085	0.058	0.829
0.056	0.084	0.001	0.859
0.113	0.014	0.057	0.816
0.072	0.085	0.758	0.085
