>AGAAAGAGTTGA	9-TCAACTCTTTCT	9.818204	-22.238438	0	T:39.0(0.72%),B:0.8(0.02%),P:1e-9
0.794	0.018	0.090	0.098
0.117	0.090	0.725	0.068
0.769	0.075	0.080	0.076
0.751	0.084	0.100	0.065
0.797	0.015	0.095	0.093
0.104	0.080	0.761	0.055
0.814	0.042	0.067	0.077
0.092	0.108	0.729	0.071
0.159	0.090	0.108	0.643
0.099	0.036	0.108	0.757
0.115	0.101	0.701	0.083
0.760	0.064	0.068	0.108
