>CCACCACTGCAA	18-CCACCACTGCAA,BestGuess:PB0091.1_Zbtb3_1/Jaspar(0.652)	10.840510	-16.524600	0	T:29.0(0.53%),B:0.7(0.02%),P:1e-7
0.090	0.855	0.045	0.010
0.058	0.815	0.001	0.126
0.896	0.049	0.001	0.054
0.001	0.898	0.049	0.052
0.092	0.818	0.001	0.089
0.866	0.089	0.001	0.044
0.042	0.780	0.052	0.126
0.049	0.001	0.084	0.866
0.042	0.129	0.700	0.129
0.042	0.831	0.001	0.126
0.818	0.053	0.042	0.087
0.853	0.052	0.042	0.053
