>TGANTCABHHHH	1-TGANTCABHHHH	6.365699	-77.871417	0	T:2150.0(39.65%),B:1153.0(27.76%),P:1e-33	Tpos:140.4,Tstd:81.6,Bpos:137.6,Bstd:96.3,StrandBias:0.0,Multiplicity:1.77
0.067	0.001	0.018	0.914
0.049	0.081	0.776	0.094
0.736	0.052	0.056	0.156
0.186	0.292	0.311	0.211
0.074	0.033	0.027	0.866
0.073	0.822	0.075	0.030
0.905	0.031	0.001	0.063
0.106	0.260	0.300	0.334
0.270	0.266	0.141	0.324
0.311	0.275	0.098	0.317
0.295	0.332	0.052	0.320
0.281	0.306	0.108	0.305
>CCCATACTGTTC	2-CCCATACTGTTC	10.127061	-31.010190	0	T:103.0(1.90%),B:13.8(0.33%),P:1e-13	Tpos:134.7,Tstd:74.1,Bpos:130.3,Bstd:83.6,StrandBias:0.0,Multiplicity:1.01
0.060	0.834	0.060	0.046
0.045	0.759	0.001	0.195
0.076	0.878	0.001	0.045
0.893	0.061	0.001	0.045
0.031	0.135	0.106	0.728
0.706	0.076	0.158	0.060
0.030	0.849	0.046	0.075
0.015	0.045	0.001	0.939
0.001	0.090	0.789	0.120
0.030	0.090	0.001	0.879
0.015	0.030	0.075	0.880
0.001	0.894	0.060	0.045
>TGAATTGTAGYT	3-TGAATTGTAGYT	10.050503	-29.961844	0	T:63.0(1.16%),B:2.3(0.05%),P:1e-13	Tpos:140.8,Tstd:86.0,Bpos:313.8,Bstd:9.3,StrandBias:-0.4,Multiplicity:1.00
0.124	0.001	0.001	0.874
0.016	0.016	0.967	0.001
0.967	0.016	0.001	0.016
0.702	0.016	0.001	0.281
0.001	0.001	0.001	0.997
0.001	0.001	0.001	0.997
0.001	0.016	0.967	0.016
0.124	0.001	0.001	0.874
0.997	0.001	0.001	0.001
0.281	0.016	0.702	0.001
0.001	0.464	0.001	0.534
0.016	0.016	0.001	0.967
>RRTCTCATGAGA	4-RRTCTCATGAGA	8.451707	-29.126507	0	T:287.0(5.29%),B:100.6(2.42%),P:1e-12	Tpos:147.2,Tstd:90.5,Bpos:161.2,Bstd:122.2,StrandBias:-0.0,Multiplicity:1.04
0.406	0.048	0.383	0.163
0.387	0.163	0.250	0.200
0.001	0.142	0.154	0.703
0.001	0.669	0.111	0.219
0.264	0.001	0.001	0.734
0.001	0.682	0.316	0.001
0.793	0.021	0.033	0.153
0.108	0.001	0.161	0.730
0.001	0.144	0.854	0.001
0.978	0.001	0.001	0.020
0.267	0.175	0.557	0.001
0.806	0.172	0.001	0.021
>TGAGATTACAGG	5-TGAGATTACAGG	8.000703	-26.358470	0	T:202.0(3.73%),B:61.6(1.48%),P:1e-11	Tpos:145.3,Tstd:102.1,Bpos:146.4,Bstd:116.2,StrandBias:-0.1,Multiplicity:1.07
0.249	0.086	0.124	0.541
0.146	0.118	0.624	0.112
0.503	0.047	0.279	0.171
0.264	0.112	0.529	0.095
0.563	0.086	0.228	0.123
0.207	0.195	0.179	0.419
0.169	0.199	0.179	0.453
0.529	0.124	0.138	0.209
0.175	0.556	0.170	0.099
0.700	0.038	0.129	0.133
0.131	0.009	0.837	0.023
0.246	0.095	0.492	0.167
>ATCCAAATCTCA	6-ATCCAAATCTCA	10.921268	-25.871703	0	T:67.0(1.24%),B:5.3(0.13%),P:1e-11	Tpos:166.3,Tstd:98.6,Bpos:214.4,Bstd:217.1,StrandBias:-0.1,Multiplicity:1.00
0.828	0.049	0.049	0.074
0.147	0.105	0.114	0.634
0.049	0.783	0.025	0.143
0.196	0.730	0.001	0.073
0.946	0.024	0.001	0.029
0.872	0.078	0.049	0.001
0.853	0.049	0.049	0.049
0.049	0.074	0.049	0.828
0.001	0.828	0.073	0.098
0.049	0.004	0.001	0.946
0.025	0.896	0.054	0.025
0.877	0.024	0.001	0.098
>GGRAGTGAGTAA	7-GGRAGTGAGTAA	10.551165	-24.521565	0	T:94.0(1.73%),B:15.0(0.36%),P:1e-10	Tpos:137.8,Tstd:96.5,Bpos:123.4,Bstd:91.0,StrandBias:0.0,Multiplicity:1.02
0.092	0.001	0.874	0.033
0.204	0.092	0.643	0.061
0.376	0.094	0.321	0.209
0.869	0.031	0.065	0.035
0.002	0.035	0.932	0.031
0.063	0.001	0.061	0.875
0.001	0.061	0.905	0.033
0.897	0.031	0.035	0.037
0.124	0.033	0.841	0.002
0.285	0.033	0.159	0.523
0.679	0.001	0.290	0.030
0.931	0.001	0.067	0.001
>CACTGGGTCCCT	8-CACTGGGTCCCT	10.416501	-24.001332	0	T:56.0(1.03%),B:3.7(0.09%),P:1e-10	Tpos:144.4,Tstd:88.0,Bpos:128.7,Bstd:38.6,StrandBias:0.4,Multiplicity:1.00
0.026	0.897	0.013	0.064
0.781	0.116	0.026	0.077
0.014	0.857	0.065	0.064
0.067	0.041	0.026	0.866
0.052	0.064	0.833	0.051
0.115	0.001	0.832	0.052
0.039	0.039	0.857	0.065
0.064	0.039	0.117	0.780
0.027	0.817	0.091	0.065
0.064	0.832	0.026	0.078
0.051	0.832	0.013	0.104
0.077	0.064	0.013	0.846
>TCAACTCTTTCT	9-TCAACTCTTTCT	9.818204	-22.238438	0	T:39.0(0.72%),B:0.8(0.02%),P:1e-9	Tpos:130.8,Tstd:70.3,Bpos:165.0,Bstd:0.0,StrandBias:-0.4,Multiplicity:1.00
0.108	0.068	0.064	0.760
0.083	0.701	0.101	0.115
0.757	0.108	0.036	0.099
0.643	0.108	0.090	0.159
0.071	0.729	0.108	0.092
0.077	0.067	0.042	0.814
0.055	0.761	0.080	0.104
0.093	0.095	0.015	0.797
0.065	0.100	0.084	0.751
0.076	0.080	0.075	0.769
0.068	0.725	0.090	0.117
0.098	0.090	0.018	0.794
>GGGAATTATGGG	10-GGGAATTATGGG	10.613304	-21.543859	0	T:43.0(0.79%),B:1.6(0.04%),P:1e-9	Tpos:160.7,Tstd:92.8,Bpos:48.4,Bstd:21.3,StrandBias:0.5,Multiplicity:1.00
0.077	0.019	0.846	0.058
0.061	0.019	0.901	0.019
0.116	0.039	0.786	0.059
0.805	0.077	0.099	0.019
0.844	0.077	0.021	0.058
0.116	0.058	0.135	0.691
0.021	0.021	0.059	0.899
0.767	0.116	0.001	0.116
0.097	0.077	0.058	0.768
0.059	0.001	0.902	0.038
0.019	0.001	0.922	0.058
0.019	0.039	0.923	0.019
>RCCCCTTATAAA	11-RCCCCTTATAAA	10.490656	-21.386107	0	T:58.0(1.07%),B:5.7(0.14%),P:1e-9	Tpos:135.0,Tstd:74.9,Bpos:140.7,Bstd:68.0,StrandBias:0.2,Multiplicity:1.00
0.518	0.001	0.441	0.040
0.225	0.514	0.001	0.260
0.001	0.841	0.001	0.157
0.161	0.809	0.001	0.029
0.001	0.732	0.001	0.266
0.001	0.001	0.001	0.997
0.001	0.028	0.001	0.970
0.732	0.001	0.266	0.001
0.001	0.128	0.001	0.870
0.669	0.170	0.160	0.001
0.990	0.008	0.001	0.001
0.997	0.001	0.001	0.001
>TTWAGTAGAHAT	12-TTWAGTAGAHAT	11.047687	-19.914054	0	T:55.0(1.01%),B:5.6(0.14%),P:1e-8	Tpos:131.8,Tstd:97.2,Bpos:109.4,Bstd:89.8,StrandBias:0.1,Multiplicity:1.04
0.001	0.001	0.001	0.997
0.001	0.203	0.001	0.795
0.323	0.260	0.001	0.416
0.997	0.001	0.001	0.001
0.001	0.001	0.997	0.001
0.282	0.001	0.084	0.633
0.831	0.001	0.167	0.001
0.292	0.001	0.546	0.161
0.841	0.155	0.001	0.003
0.307	0.205	0.162	0.325
0.601	0.001	0.042	0.356
0.177	0.045	0.001	0.777
>CCATGTGAAGAA	13-CCATGTGAAGAA	9.371740	-18.177021	0	T:41.0(0.76%),B:2.6(0.06%),P:1e-7	Tpos:137.6,Tstd:91.7,Bpos:211.5,Bstd:120.1,StrandBias:-0.1,Multiplicity:1.00
0.174	0.446	0.177	0.203
0.195	0.687	0.014	0.104
0.688	0.171	0.002	0.139
0.116	0.008	0.184	0.692
0.133	0.138	0.614	0.115
0.136	0.001	0.155	0.708
0.161	0.060	0.643	0.136
0.649	0.111	0.147	0.093
0.744	0.001	0.146	0.109
0.177	0.067	0.703	0.053
0.670	0.120	0.143	0.067
0.758	0.023	0.105	0.114
>TGRGTATTTTAT	14-TGRGTATTTTAT	11.386819	-17.927996	0	T:54.0(1.00%),B:6.7(0.16%),P:1e-7	Tpos:145.2,Tstd:104.1,Bpos:226.7,Bstd:174.7,StrandBias:0.2,Multiplicity:1.02
0.001	0.001	0.001	0.997
0.001	0.001	0.997	0.001
0.537	0.001	0.461	0.001
0.001	0.001	0.777	0.221
0.001	0.001	0.385	0.613
0.608	0.201	0.001	0.190
0.304	0.001	0.046	0.649
0.001	0.001	0.001	0.997
0.001	0.286	0.070	0.643
0.001	0.237	0.001	0.761
0.810	0.001	0.188	0.001
0.001	0.001	0.001	0.997
>TCTTACATGGBK	15-TCTTACATGGBK	9.576197	-17.676525	0	T:80.0(1.48%),B:16.1(0.39%),P:1e-7	Tpos:142.7,Tstd:87.5,Bpos:127.0,Bstd:118.5,StrandBias:-0.1,Multiplicity:1.01
0.001	0.066	0.001	0.932
0.157	0.662	0.157	0.024
0.073	0.087	0.001	0.839
0.001	0.091	0.222	0.686
0.589	0.231	0.001	0.179
0.131	0.801	0.044	0.024
0.861	0.048	0.001	0.090
0.069	0.001	0.045	0.885
0.090	0.001	0.908	0.001
0.065	0.001	0.933	0.001
0.142	0.342	0.290	0.225
0.094	0.176	0.432	0.298
>AGCCAAACCATA	16-AGCCAAACCATA	9.977671	-17.301923	0	T:43.0(0.79%),B:3.6(0.09%),P:1e-7	Tpos:146.1,Tstd:105.0,Bpos:133.8,Bstd:54.3,StrandBias:0.2,Multiplicity:1.00
0.997	0.001	0.001	0.001
0.001	0.001	0.997	0.001
0.001	0.997	0.001	0.001
0.001	0.997	0.001	0.001
0.997	0.001	0.001	0.001
0.960	0.001	0.038	0.001
0.960	0.038	0.001	0.001
0.001	0.691	0.038	0.270
0.039	0.883	0.039	0.039
0.997	0.001	0.001	0.001
0.001	0.038	0.001	0.960
0.997	0.001	0.001	0.001
>TCTGACCTCATG	17-TCTGACCTCATG	8.862894	-16.603829	0	T:38.0(0.70%),B:2.3(0.05%),P:1e-7	Tpos:141.9,Tstd:87.8,Bpos:158.8,Bstd:18.5,StrandBias:-0.3,Multiplicity:1.06
0.106	0.128	0.106	0.660
0.083	0.683	0.129	0.105
0.135	0.065	0.041	0.759
0.100	0.134	0.653	0.113
0.612	0.135	0.121	0.132
0.112	0.653	0.110	0.125
0.138	0.651	0.057	0.154
0.142	0.111	0.055	0.692
0.085	0.690	0.123	0.102
0.650	0.152	0.067	0.131
0.117	0.069	0.141	0.673
0.100	0.136	0.627	0.137
>CCACCACTGCAA	18-CCACCACTGCAA	10.840510	-16.524600	0	T:29.0(0.53%),B:0.7(0.02%),P:1e-7	Tpos:147.6,Tstd:111.2,Bpos:273.6,Bstd:69.5,StrandBias:-0.8,Multiplicity:1.00
0.090	0.855	0.045	0.010
0.058	0.815	0.001	0.126
0.896	0.049	0.001	0.054
0.001	0.898	0.049	0.052
0.092	0.818	0.001	0.089
0.866	0.089	0.001	0.044
0.042	0.780	0.052	0.126
0.049	0.001	0.084	0.866
0.042	0.129	0.700	0.129
0.042	0.831	0.001	0.126
0.818	0.053	0.042	0.087
0.853	0.052	0.042	0.053
>TTTCTCTGTGGA	19-TTTCTCTGTGGA	10.383907	-16.410806	0	T:67.0(1.24%),B:12.1(0.29%),P:1e-7	Tpos:135.8,Tstd:82.4,Bpos:176.9,Bstd:67.5,StrandBias:0.2,Multiplicity:1.02
0.048	0.068	0.086	0.798
0.038	0.069	0.039	0.854
0.010	0.095	0.048	0.847
0.049	0.826	0.057	0.068
0.057	0.047	0.001	0.895
0.048	0.779	0.068	0.105
0.068	0.029	0.038	0.865
0.029	0.057	0.837	0.077
0.058	0.010	0.057	0.875
0.106	0.010	0.835	0.049
0.049	0.048	0.845	0.058
0.756	0.040	0.039	0.165
>RCTGAAGCCACA	20-RCTGAAGCCACA	11.450836	-14.448741	0	T:52.0(0.96%),B:8.1(0.19%),P:1e-6	Tpos:124.8,Tstd:77.1,Bpos:110.0,Bstd:64.5,StrandBias:0.2,Multiplicity:1.02
0.374	0.210	0.257	0.160
0.059	0.839	0.001	0.101
0.218	0.001	0.001	0.780
0.001	0.001	0.997	0.001
0.948	0.050	0.001	0.001
0.948	0.001	0.050	0.001
0.092	0.050	0.857	0.001
0.051	0.746	0.051	0.152
0.001	0.997	0.001	0.001
0.997	0.001	0.001	0.001
0.100	0.898	0.001	0.001
0.786	0.105	0.008	0.101
>CTTTCCCTCTGT	21-CTTTCCCTCTGT	10.727783	-13.972618	0	T:61.0(1.13%),B:12.1(0.29%),P:1e-6	Tpos:160.9,Tstd:101.4,Bpos:241.2,Bstd:173.7,StrandBias:-0.0,Multiplicity:1.05
0.093	0.812	0.043	0.052
0.052	0.062	0.031	0.855
0.001	0.072	0.072	0.855
0.031	0.063	0.041	0.865
0.074	0.789	0.063	0.074
0.052	0.728	0.031	0.189
0.031	0.905	0.012	0.052
0.021	0.053	0.031	0.895
0.010	0.846	0.041	0.103
0.074	0.022	0.021	0.883
0.021	0.116	0.800	0.063
0.052	0.053	0.113	0.782
>TCCTCACACAGA	22-TCCTCACACAGA	11.823855	-13.374948	0	T:28.0(0.52%),B:1.8(0.04%),P:1e-5	Tpos:103.8,Tstd:59.0,Bpos:163.7,Bstd:68.6,StrandBias:0.0,Multiplicity:1.14
0.001	0.001	0.001	0.997
0.058	0.940	0.001	0.001
0.001	0.997	0.001	0.001
0.001	0.175	0.001	0.823
0.001	0.997	0.001	0.001
0.706	0.235	0.001	0.058
0.001	0.997	0.001	0.001
0.940	0.001	0.001	0.058
0.058	0.940	0.001	0.001
0.940	0.001	0.001	0.058
0.001	0.058	0.940	0.001
0.883	0.058	0.058	0.001
>GTTTGTATTTTG	23-GTTTGTATTTTG	10.528863	-12.805260	0	T:34.0(0.63%),B:3.4(0.08%),P:1e-5	Tpos:143.4,Tstd:82.1,Bpos:342.3,Bstd:63.1,StrandBias:0.5,Multiplicity:1.00
0.042	0.099	0.829	0.030
0.070	0.001	0.056	0.873
0.058	0.028	0.085	0.829
0.028	0.014	0.042	0.916
0.113	0.028	0.801	0.058
0.072	0.099	0.028	0.801
0.815	0.044	0.115	0.026
0.014	0.014	0.071	0.901
0.028	0.085	0.058	0.829
0.056	0.084	0.001	0.859
0.113	0.014	0.057	0.816
0.072	0.085	0.758	0.085
>TGTGTGATTGGG	24-TGTGTGATTGGG	11.188616	-11.453883	0	T:28.0(0.52%),B:2.0(0.05%),P:1e-4	Tpos:120.7,Tstd:77.5,Bpos:107.0,Bstd:38.4,StrandBias:-0.1,Multiplicity:1.11
0.053	0.001	0.035	0.911
0.001	0.019	0.963	0.017
0.070	0.002	0.088	0.840
0.018	0.055	0.874	0.053
0.053	0.001	0.053	0.893
0.053	0.090	0.820	0.037
0.680	0.070	0.125	0.125
0.123	0.055	0.073	0.749
0.053	0.001	0.055	0.891
0.053	0.035	0.859	0.053
0.055	0.035	0.751	0.159
0.070	0.073	0.802	0.055
>TAGTATGGTATA	25-TAGTATGGTATA	8.216542	-4.011257	0	T:17.0(0.31%),B:4.8(0.12%),P:1e-1	Tpos:158.0,Tstd:104.2,Bpos:180.3,Bstd:91.1,StrandBias:2.6,Multiplicity:1.94
0.001	0.001	0.001	0.997
0.960	0.001	0.038	0.001
0.001	0.001	0.997	0.001
0.001	0.001	0.001	0.997
0.638	0.074	0.287	0.001
0.001	0.001	0.001	0.997
0.369	0.001	0.629	0.001
0.001	0.001	0.997	0.001
0.001	0.001	0.001	0.997
0.632	0.084	0.283	0.001
0.001	0.001	0.001	0.997
0.997	0.001	0.001	0.001
