>GTGAGTCAY	1-GTGAGTCAY	6.078633	-87.522026	0	T:2505.0(46.20%),B:1375.0(33.10%),P:1e-38	Tpos:140.6,Tstd:82.8,Bpos:133.1,Bstd:96.5,StrandBias:0.0,Multiplicity:1.36
0.228	0.268	0.462	0.042
0.001	0.068	0.044	0.887
0.220	0.001	0.635	0.144
0.577	0.006	0.278	0.139
0.138	0.001	0.849	0.012
0.041	0.029	0.058	0.872
0.116	0.750	0.054	0.080
0.868	0.054	0.014	0.064
0.025	0.448	0.163	0.363
>ATCTTATCT	2-ATCTTATCT	7.945616	-43.123834	0	T:300.0(5.53%),B:84.9(2.04%),P:1e-18	Tpos:152.4,Tstd:96.4,Bpos:125.5,Bstd:103.2,StrandBias:-0.1,Multiplicity:1.05
0.854	0.046	0.057	0.043
0.001	0.063	0.108	0.828
0.001	0.867	0.131	0.001
0.041	0.027	0.001	0.931
0.001	0.103	0.019	0.877
0.957	0.001	0.022	0.020
0.001	0.069	0.018	0.912
0.008	0.947	0.027	0.018
0.037	0.043	0.007	0.913
>TGAAATCCC	3-TGAAATCCC	6.384947	-36.203480	0	T:983.0(18.13%),B:502.8(12.11%),P:1e-15	Tpos:146.3,Tstd:94.4,Bpos:145.1,Bstd:105.8,StrandBias:0.2,Multiplicity:1.14
0.063	0.066	0.226	0.645
0.052	0.060	0.811	0.077
0.725	0.064	0.097	0.114
0.871	0.053	0.040	0.036
0.687	0.049	0.143	0.121
0.071	0.096	0.038	0.795
0.081	0.788	0.070	0.061
0.062	0.847	0.045	0.046
0.080	0.836	0.022	0.062
>YTCACTTTC	4-YTCACTTTC	6.271138	-35.480002	0	T:1104.0(20.36%),B:584.9(14.08%),P:1e-15	Tpos:141.0,Tstd:89.8,Bpos:143.2,Bstd:118.2,StrandBias:-0.0,Multiplicity:1.20
0.037	0.389	0.082	0.492
0.252	0.058	0.113	0.577
0.115	0.588	0.074	0.223
0.562	0.183	0.040	0.215
0.106	0.538	0.284	0.072
0.091	0.231	0.088	0.590
0.189	0.206	0.056	0.549
0.043	0.050	0.146	0.761
0.014	0.890	0.031	0.065
>ATCTGATGT	5-ATCTGATGT	4.935281	-31.851159	0	T:304.0(5.61%),B:104.1(2.51%),P:1e-13	Tpos:144.2,Tstd:97.3,Bpos:135.5,Bstd:98.6,StrandBias:-0.2,Multiplicity:1.04
0.997	0.001	0.001	0.001
0.001	0.169	0.001	0.829
0.001	0.997	0.001	0.001
0.001	0.012	0.192	0.795
0.001	0.229	0.769	0.001
0.997	0.001	0.001	0.001
0.001	0.001	0.001	0.997
0.009	0.001	0.989	0.001
0.174	0.001	0.001	0.824
>TGACTATAC	6-TGACTATAC	8.307817	-30.534889	0	T:165.0(3.04%),B:38.3(0.92%),P:1e-13	Tpos:141.8,Tstd:88.8,Bpos:152.3,Bstd:115.5,StrandBias:0.4,Multiplicity:1.03
0.025	0.001	0.003	0.971
0.038	0.052	0.880	0.030
0.989	0.007	0.003	0.001
0.054	0.892	0.016	0.038
0.016	0.054	0.001	0.929
0.947	0.001	0.038	0.014
0.194	0.001	0.079	0.726
0.862	0.051	0.029	0.058
0.001	0.875	0.059	0.065
>GTGGCTTCC	7-GTGGCTTCC	8.488675	-29.569234	0	T:378.0(6.97%),B:149.5(3.60%),P:1e-12	Tpos:150.7,Tstd:91.7,Bpos:149.1,Bstd:117.4,StrandBias:-0.1,Multiplicity:1.05
0.047	0.053	0.899	0.001
0.001	0.001	0.032	0.966
0.051	0.013	0.935	0.001
0.031	0.098	0.858	0.013
0.001	0.829	0.066	0.104
0.001	0.001	0.026	0.972
0.017	0.001	0.119	0.863
0.081	0.856	0.027	0.036
0.111	0.855	0.001	0.033
>ATCTAGGGT	8-ATCTAGGGT	7.092009	-27.559530	0	T:255.0(4.70%),B:87.0(2.09%),P:1e-11	Tpos:141.7,Tstd:97.6,Bpos:162.6,Bstd:95.3,StrandBias:0.3,Multiplicity:1.03
0.849	0.109	0.012	0.030
0.030	0.036	0.063	0.871
0.018	0.853	0.001	0.128
0.001	0.054	0.012	0.933
0.968	0.001	0.001	0.030
0.075	0.001	0.887	0.037
0.062	0.001	0.892	0.045
0.012	0.001	0.882	0.105
0.037	0.030	0.036	0.897
>TCCTTATCA	9-TCCTTATCA	8.048887	-26.478412	0	T:93.0(1.72%),B:13.8(0.33%),P:1e-11	Tpos:144.8,Tstd:88.2,Bpos:97.4,Bstd:84.5,StrandBias:0.1,Multiplicity:1.01
0.001	0.185	0.001	0.813
0.001	0.769	0.015	0.215
0.001	0.997	0.001	0.001
0.001	0.001	0.001	0.997
0.001	0.001	0.001	0.997
0.997	0.001	0.001	0.001
0.001	0.001	0.001	0.997
0.001	0.997	0.001	0.001
0.997	0.001	0.001	0.001
>TCTCATGAG	10-TCTCATGAG	9.084877	-24.834632	0	T:181.0(3.34%),B:53.2(1.28%),P:1e-10	Tpos:146.9,Tstd:92.9,Bpos:130.4,Bstd:93.1,StrandBias:-0.2,Multiplicity:1.05
0.001	0.001	0.001	0.997
0.031	0.752	0.121	0.096
0.036	0.014	0.009	0.941
0.001	0.909	0.076	0.014
0.892	0.022	0.085	0.001
0.001	0.025	0.017	0.957
0.001	0.025	0.973	0.001
0.948	0.013	0.038	0.001
0.123	0.040	0.797	0.040
>GAGACCAGC	11-GAGACCAGC	9.420728	-23.508806	0	T:152.0(2.80%),B:41.2(0.99%),P:1e-10	Tpos:151.7,Tstd:97.6,Bpos:162.8,Bstd:111.0,StrandBias:0.1,Multiplicity:1.03
0.001	0.001	0.997	0.001
0.997	0.001	0.001	0.001
0.001	0.001	0.997	0.001
0.918	0.001	0.001	0.080
0.239	0.601	0.001	0.159
0.001	0.997	0.001	0.001
0.997	0.001	0.001	0.001
0.001	0.001	0.997	0.001
0.001	0.997	0.001	0.001
>GATAAGGTT	12-GATAAGGTT	8.962339	-22.866616	0	T:110.0(2.03%),B:23.3(0.56%),P:1e-9	Tpos:134.3,Tstd:83.4,Bpos:148.0,Bstd:95.8,StrandBias:-0.1,Multiplicity:1.01
0.042	0.045	0.912	0.001
0.853	0.028	0.076	0.043
0.001	0.023	0.001	0.975
0.685	0.069	0.165	0.081
0.828	0.001	0.001	0.170
0.001	0.001	0.977	0.021
0.001	0.005	0.993	0.001
0.001	0.044	0.075	0.880
0.015	0.001	0.033	0.951
>KCTACTATA	13-KCTACTATA	8.569800	-22.594515	0	T:114.0(2.10%),B:25.8(0.62%),P:1e-9	Tpos:152.0,Tstd:105.6,Bpos:150.8,Bstd:104.8,StrandBias:0.3,Multiplicity:1.02
0.001	0.001	0.439	0.559
0.160	0.681	0.158	0.001
0.028	0.001	0.316	0.655
0.874	0.001	0.001	0.124
0.053	0.706	0.084	0.157
0.317	0.004	0.083	0.596
0.992	0.001	0.001	0.006
0.353	0.054	0.002	0.591
0.987	0.005	0.001	0.007
>AGTCCTGCA	14-AGTCCTGCA	6.409002	-21.118874	0	T:654.0(12.06%),B:343.4(8.27%),P:1e-9	Tpos:145.1,Tstd:103.0,Bpos:148.9,Bstd:107.6,StrandBias:-0.0,Multiplicity:1.07
0.832	0.055	0.074	0.039
0.062	0.081	0.770	0.087
0.034	0.035	0.112	0.819
0.101	0.799	0.062	0.038
0.089	0.768	0.039	0.104
0.064	0.087	0.034	0.815
0.085	0.038	0.740	0.137
0.117	0.673	0.076	0.134
0.788	0.077	0.023	0.112
>TCCCATAAT	15-TCCCATAAT	9.373285	-20.918790	0	T:93.0(1.72%),B:18.2(0.44%),P:1e-9	Tpos:171.5,Tstd:95.3,Bpos:108.1,Bstd:61.5,StrandBias:-0.3,Multiplicity:1.01
0.001	0.001	0.001	0.997
0.001	0.997	0.001	0.001
0.001	0.997	0.001	0.001
0.001	0.934	0.001	0.064
0.997	0.001	0.001	0.001
0.001	0.137	0.001	0.861
0.997	0.001	0.001	0.001
0.901	0.001	0.001	0.097
0.001	0.001	0.080	0.918
>TCAGGATAG	16-TCAGGATAG	8.013151	-20.403122	0	T:159.0(2.93%),B:49.5(1.19%),P:1e-8	Tpos:148.9,Tstd:95.8,Bpos:145.8,Bstd:106.1,StrandBias:0.1,Multiplicity:1.02
0.001	0.001	0.001	0.997
0.001	0.997	0.001	0.001
0.947	0.001	0.051	0.001
0.234	0.001	0.500	0.265
0.001	0.001	0.997	0.001
0.997	0.001	0.001	0.001
0.001	0.069	0.001	0.929
0.640	0.001	0.358	0.001
0.001	0.001	0.997	0.001
>GTCTRTGGT	17-GTCTRTGGT	5.441214	-20.030544	0	T:309.0(5.70%),B:132.2(3.18%),P:1e-8	Tpos:135.6,Tstd:82.8,Bpos:148.2,Bstd:99.0,StrandBias:0.1,Multiplicity:1.07
0.001	0.047	0.951	0.001
0.064	0.001	0.001	0.934
0.001	0.997	0.001	0.001
0.001	0.001	0.001	0.997
0.513	0.046	0.440	0.001
0.001	0.419	0.001	0.579
0.001	0.001	0.997	0.001
0.001	0.001	0.997	0.001
0.001	0.001	0.001	0.997
>GARTYGTAG	18-GARTYGTAG	9.660146	-19.797062	0	T:61.0(1.13%),B:8.0(0.19%),P:1e-8	Tpos:147.4,Tstd:98.6,Bpos:183.8,Bstd:120.5,StrandBias:-0.4,Multiplicity:1.00
0.001	0.001	0.997	0.001
0.997	0.001	0.001	0.001
0.412	0.001	0.431	0.156
0.001	0.001	0.001	0.997
0.001	0.509	0.001	0.489
0.001	0.001	0.997	0.001
0.001	0.001	0.001	0.997
0.767	0.231	0.001	0.001
0.001	0.001	0.997	0.001
>TGTAACCAA	19-TGTAACCAA	7.243882	-19.669873	0	T:396.0(7.30%),B:185.0(4.45%),P:1e-8	Tpos:148.6,Tstd:93.6,Bpos:145.9,Bstd:106.0,StrandBias:-0.2,Multiplicity:1.04
0.021	0.001	0.001	0.977
0.001	0.032	0.901	0.066
0.042	0.054	0.047	0.857
0.747	0.175	0.077	0.001
0.967	0.001	0.001	0.031
0.040	0.870	0.051	0.039
0.001	0.962	0.013	0.024
0.889	0.048	0.039	0.024
0.892	0.043	0.026	0.039
>CCTCCCACA	20-CCTCCCACA	9.066664	-18.643315	0	T:272.0(5.02%),B:114.2(2.75%),P:1e-8	Tpos:141.0,Tstd:100.1,Bpos:128.3,Bstd:106.6,StrandBias:-0.3,Multiplicity:1.04
0.001	0.997	0.001	0.001
0.001	0.997	0.001	0.001
0.001	0.001	0.001	0.997
0.001	0.997	0.001	0.001
0.001	0.888	0.009	0.102
0.001	0.997	0.001	0.001
0.997	0.001	0.001	0.001
0.237	0.724	0.001	0.038
0.997	0.001	0.001	0.001
>TATAAAWCC	21-TATAAAWCC	9.669652	-18.068228	0	T:104.0(1.92%),B:26.9(0.65%),P:1e-7	Tpos:141.9,Tstd:82.9,Bpos:139.9,Bstd:101.4,StrandBias:-0.5,Multiplicity:1.00
0.001	0.012	0.001	0.986
0.997	0.001	0.001	0.001
0.001	0.001	0.001	0.997
0.807	0.001	0.191	0.001
0.700	0.298	0.001	0.001
0.997	0.001	0.001	0.001
0.533	0.001	0.001	0.465
0.001	0.997	0.001	0.001
0.001	0.997	0.001	0.001
>ATTGAATCA	22-ATTGAATCA	9.850348	-17.724585	0	T:118.0(2.18%),B:33.0(0.80%),P:1e-7	Tpos:146.1,Tstd:79.6,Bpos:153.0,Bstd:97.2,StrandBias:-0.3,Multiplicity:1.01
0.829	0.001	0.169	0.001
0.001	0.001	0.001	0.997
0.001	0.001	0.001	0.997
0.001	0.001	0.997	0.001
0.997	0.001	0.001	0.001
0.997	0.001	0.001	0.001
0.001	0.001	0.116	0.882
0.001	0.766	0.232	0.001
0.997	0.001	0.001	0.001
>TAAACCTCC	23-TAAACCTCC	9.894574	-16.826966	0	T:73.0(1.35%),B:14.1(0.34%),P:1e-7	Tpos:140.9,Tstd:96.8,Bpos:175.5,Bstd:140.8,StrandBias:-0.4,Multiplicity:1.01
0.001	0.362	0.001	0.636
0.997	0.001	0.001	0.001
0.997	0.001	0.001	0.001
0.585	0.001	0.413	0.001
0.159	0.839	0.001	0.001
0.001	0.616	0.382	0.001
0.001	0.001	0.001	0.997
0.001	0.997	0.001	0.001
0.001	0.578	0.023	0.398
>TGGGGCAAG	24-TGGGGCAAG	9.222970	-15.399801	0	T:67.0(1.24%),B:13.3(0.32%),P:1e-6	Tpos:157.2,Tstd:102.4,Bpos:137.7,Bstd:101.5,StrandBias:0.2,Multiplicity:1.06
0.001	0.001	0.001	0.997
0.001	0.001	0.997	0.001
0.001	0.132	0.866	0.001
0.001	0.053	0.804	0.142
0.001	0.001	0.997	0.001
0.001	0.997	0.001	0.001
0.997	0.001	0.001	0.001
0.857	0.141	0.001	0.001
0.001	0.001	0.997	0.001
>CCCCCCCCG	25-CCCCCCCCG	12.012970	-3.053760	0	T:8.0(0.15%),B:1.8(0.04%),P:1e-1	Tpos:120.0,Tstd:65.5,Bpos:189.0,Bstd:43.5,StrandBias:1.6,Multiplicity:1.00
0.001	0.997	0.001	0.001
0.001	0.997	0.001	0.001
0.001	0.997	0.001	0.001
0.001	0.997	0.001	0.001
0.001	0.997	0.001	0.001
0.001	0.997	0.001	0.001
0.001	0.997	0.001	0.001
0.001	0.946	0.052	0.001
0.001	0.319	0.679	0.001
