>TGAGTCACHC	1-TGAGTCACHC	6.542424	-80.338630	0	T:2078.0(38.33%),B:1095.0(26.36%),P:1e-34	Tpos:139.5,Tstd:81.2,Bpos:134.4,Bstd:96.2,StrandBias:-0.0,Multiplicity:1.25
0.001	0.001	0.001	0.997
0.001	0.001	0.997	0.001
0.997	0.001	0.001	0.001
0.198	0.193	0.415	0.194
0.001	0.001	0.001	0.997
0.172	0.799	0.028	0.001
0.997	0.001	0.001	0.001
0.001	0.561	0.282	0.156
0.236	0.311	0.079	0.375
0.194	0.587	0.065	0.154
>ATCTTATCTC	2-ATCTTATCTC	7.259715	-48.584536	0	T:476.0(8.78%),B:165.6(3.99%),P:1e-21	Tpos:148.1,Tstd:92.1,Bpos:138.9,Bstd:110.7,StrandBias:0.0,Multiplicity:1.06
0.740	0.081	0.076	0.103
0.045	0.066	0.103	0.786
0.043	0.774	0.112	0.071
0.097	0.067	0.007	0.829
0.039	0.070	0.093	0.798
0.847	0.043	0.035	0.075
0.024	0.108	0.084	0.784
0.022	0.893	0.033	0.052
0.084	0.058	0.018	0.840
0.057	0.715	0.089	0.139
>GGRATTATAG	3-GGRATTATAG	8.840273	-35.594001	0	T:261.0(4.81%),B:76.1(1.83%),P:1e-15	Tpos:144.7,Tstd:96.1,Bpos:159.2,Bstd:105.0,StrandBias:0.0,Multiplicity:1.06
0.040	0.001	0.951	0.008
0.136	0.110	0.549	0.205
0.357	0.205	0.437	0.001
0.983	0.001	0.008	0.008
0.001	0.008	0.008	0.983
0.008	0.008	0.002	0.982
0.939	0.003	0.033	0.025
0.103	0.347	0.001	0.549
0.513	0.103	0.281	0.103
0.001	0.008	0.990	0.001
>KAARTCTCAT	4-KAARTCTCAT	9.692367	-30.413759	0	T:146.0(2.69%),B:30.0(0.72%),P:1e-13	Tpos:146.5,Tstd:108.4,Bpos:129.7,Bstd:99.8,StrandBias:-0.1,Multiplicity:1.02
0.001	0.074	0.431	0.494
0.904	0.001	0.001	0.094
0.989	0.001	0.009	0.001
0.420	0.001	0.490	0.089
0.001	0.001	0.001	0.997
0.001	0.940	0.001	0.058
0.001	0.034	0.001	0.964
0.001	0.809	0.001	0.189
0.994	0.001	0.001	0.004
0.149	0.085	0.001	0.765
>AAWGACACAT	5-AAWGACACAT	6.406161	-29.959274	0	T:1842.0(33.97%),B:1120.3(26.97%),P:1e-13	Tpos:142.9,Tstd:91.5,Bpos:153.7,Bstd:122.1,StrandBias:0.0,Multiplicity:1.24
0.466	0.101	0.194	0.239
0.601	0.183	0.184	0.032
0.465	0.001	0.046	0.488
0.059	0.001	0.895	0.045
0.558	0.171	0.018	0.253
0.112	0.669	0.178	0.041
0.834	0.013	0.001	0.152
0.058	0.814	0.012	0.116
0.891	0.023	0.003	0.083
0.029	0.069	0.300	0.602
>CATGAGAWCC	6-CATGAGAWCC	7.266306	-29.073799	0	T:170.0(3.14%),B:42.3(1.02%),P:1e-12	Tpos:146.0,Tstd:86.6,Bpos:129.0,Bstd:89.9,StrandBias:0.1,Multiplicity:1.17
0.080	0.581	0.151	0.188
0.886	0.001	0.003	0.110
0.251	0.095	0.117	0.537
0.002	0.282	0.710	0.006
0.600	0.011	0.009	0.380
0.303	0.120	0.517	0.060
0.707	0.006	0.105	0.182
0.381	0.192	0.143	0.284
0.215	0.546	0.121	0.118
0.160	0.606	0.002	0.232
>ATATGAAGGC	7-ATATGAAGGC	7.422190	-27.923504	0	T:316.0(5.83%),B:118.5(2.85%),P:1e-12	Tpos:145.0,Tstd:99.7,Bpos:161.0,Bstd:130.0,StrandBias:0.1,Multiplicity:1.03
0.806	0.068	0.061	0.065
0.094	0.078	0.175	0.653
0.820	0.046	0.067	0.067
0.072	0.031	0.099	0.798
0.086	0.072	0.820	0.022
0.812	0.059	0.066	0.063
0.888	0.018	0.076	0.018
0.146	0.031	0.786	0.037
0.027	0.102	0.784	0.087
0.053	0.842	0.060	0.045
>GCATGGCCAA	8-GCATGGCCAA	5.994016	-27.288759	0	T:1029.0(18.98%),B:566.0(13.63%),P:1e-11	Tpos:144.7,Tstd:96.4,Bpos:146.3,Bstd:103.8,StrandBias:0.0,Multiplicity:1.16
0.156	0.082	0.697	0.065
0.089	0.639	0.168	0.104
0.574	0.129	0.154	0.143
0.085	0.005	0.001	0.909
0.094	0.025	0.814	0.067
0.178	0.123	0.597	0.102
0.023	0.736	0.145	0.096
0.132	0.720	0.009	0.139
0.628	0.168	0.095	0.109
0.670	0.137	0.118	0.075
>GGGAAACCCC	9-GGGAAACCCC	7.280285	-26.136142	0	T:712.0(13.13%),B:362.6(8.73%),P:1e-11	Tpos:143.4,Tstd:87.9,Bpos:140.4,Bstd:99.8,StrandBias:0.1,Multiplicity:1.12
0.071	0.021	0.846	0.062
0.084	0.030	0.812	0.074
0.058	0.042	0.851	0.049
0.758	0.069	0.129	0.044
0.872	0.028	0.076	0.024
0.757	0.080	0.070	0.093
0.123	0.633	0.084	0.160
0.076	0.851	0.041	0.032
0.146	0.804	0.016	0.034
0.102	0.821	0.019	0.058
>GATGACGTAG	10-GATGACGTAG	9.378986	-24.643486	0	T:61.0(1.13%),B:4.7(0.11%),P:1e-10	Tpos:139.7,Tstd:78.6,Bpos:104.1,Bstd:75.1,StrandBias:0.8,Multiplicity:1.00
0.032	0.001	0.903	0.064
0.935	0.032	0.001	0.032
0.001	0.001	0.001	0.997
0.001	0.031	0.967	0.001
0.967	0.001	0.001	0.031
0.097	0.742	0.129	0.032
0.001	0.032	0.774	0.193
0.032	0.032	0.129	0.807
0.935	0.032	0.032	0.001
0.001	0.001	0.967	0.031
>ATGATTGAAT	11-ATGATTGAAT	9.277796	-21.817083	0	T:147.0(2.71%),B:41.0(0.99%),P:1e-9	Tpos:144.5,Tstd:85.4,Bpos:159.2,Bstd:105.2,StrandBias:-0.4,Multiplicity:1.06
0.945	0.001	0.053	0.001
0.001	0.001	0.011	0.987
0.239	0.001	0.759	0.001
0.951	0.012	0.001	0.036
0.001	0.029	0.045	0.925
0.023	0.001	0.001	0.975
0.045	0.281	0.637	0.037
0.972	0.001	0.001	0.026
0.877	0.048	0.001	0.074
0.001	0.011	0.001	0.987
>ATATCCCATA	12-ATATCCCATA	9.435456	-21.089615	0	T:54.0(1.00%),B:4.2(0.10%),P:1e-9	Tpos:159.2,Tstd:118.7,Bpos:105.0,Bstd:0.0,StrandBias:0.1,Multiplicity:1.02
0.902	0.065	0.032	0.001
0.001	0.032	0.032	0.935
0.955	0.012	0.032	0.001
0.001	0.065	0.032	0.902
0.001	0.997	0.001	0.001
0.029	0.905	0.001	0.065
0.032	0.935	0.001	0.032
0.934	0.064	0.001	0.001
0.012	0.098	0.065	0.825
0.739	0.065	0.065	0.131
>GTTTCTGTTM	13-GTTTCTGTTM	7.781071	-21.077025	0	T:179.0(3.30%),B:58.7(1.41%),P:1e-9	Tpos:145.2,Tstd:91.5,Bpos:148.1,Bstd:105.9,StrandBias:-0.2,Multiplicity:1.02
0.062	0.230	0.671	0.037
0.242	0.193	0.023	0.542
0.048	0.253	0.037	0.662
0.237	0.022	0.016	0.725
0.125	0.784	0.039	0.052
0.221	0.068	0.014	0.697
0.037	0.130	0.624	0.209
0.217	0.150	0.156	0.478
0.059	0.020	0.239	0.682
0.394	0.308	0.062	0.236
>ATAGGTGAAC	14-ATAGGTGAAC	9.422653	-20.885109	0	T:50.0(0.92%),B:3.9(0.09%),P:1e-9	Tpos:129.3,Tstd:79.1,Bpos:139.3,Bstd:30.6,StrandBias:-0.3,Multiplicity:1.02
0.997	0.001	0.001	0.001
0.067	0.033	0.167	0.733
0.966	0.001	0.032	0.001
0.100	0.001	0.833	0.066
0.132	0.001	0.866	0.001
0.001	0.001	0.066	0.932
0.066	0.001	0.900	0.033
0.966	0.001	0.001	0.032
0.933	0.001	0.033	0.033
0.001	0.866	0.100	0.033
>GGAGGATCAC	15-GGAGGATCAC	8.772862	-20.163576	0	T:174.0(3.21%),B:57.9(1.39%),P:1e-8	Tpos:159.1,Tstd:104.1,Bpos:139.2,Bstd:121.0,StrandBias:0.3,Multiplicity:1.02
0.001	0.001	0.997	0.001
0.042	0.001	0.936	0.021
0.619	0.108	0.021	0.252
0.093	0.001	0.905	0.001
0.001	0.001	0.978	0.020
0.950	0.007	0.001	0.042
0.043	0.008	0.040	0.909
0.021	0.878	0.080	0.021
0.929	0.007	0.063	0.001
0.001	0.894	0.063	0.042
>GTGACCAMGT	16-GTGACCAMGT	8.194299	-19.508782	0	T:108.0(1.99%),B:26.4(0.64%),P:1e-8	Tpos:144.0,Tstd:96.4,Bpos:115.1,Bstd:112.5,StrandBias:0.1,Multiplicity:1.07
0.180	0.171	0.613	0.036
0.047	0.004	0.023	0.926
0.023	0.157	0.748	0.072
0.828	0.027	0.131	0.014
0.018	0.800	0.170	0.012
0.116	0.708	0.009	0.167
0.779	0.060	0.001	0.160
0.278	0.411	0.203	0.108
0.165	0.126	0.559	0.150
0.148	0.076	0.102	0.674
>ATTGTGGCTC	17-ATTGTGGCTC	9.251826	-18.181709	0	T:113.0(2.08%),B:31.0(0.75%),P:1e-7	Tpos:143.3,Tstd:97.5,Bpos:159.8,Bstd:116.2,StrandBias:-0.3,Multiplicity:1.01
0.923	0.001	0.030	0.046
0.001	0.168	0.001	0.830
0.015	0.001	0.068	0.916
0.001	0.092	0.892	0.015
0.001	0.001	0.014	0.984
0.353	0.015	0.631	0.001
0.001	0.030	0.968	0.001
0.001	0.979	0.005	0.015
0.001	0.005	0.001	0.993
0.001	0.877	0.121	0.001
>GGGGTAACTC	18-GGGGTAACTC	8.134010	-17.862021	0	T:99.0(1.83%),B:24.3(0.58%),P:1e-7	Tpos:135.4,Tstd:84.6,Bpos:166.4,Bstd:145.7,StrandBias:-0.1,Multiplicity:1.01
0.039	0.023	0.874	0.064
0.133	0.071	0.744	0.052
0.152	0.023	0.763	0.062
0.063	0.054	0.829	0.054
0.141	0.063	0.064	0.732
0.857	0.062	0.034	0.047
0.811	0.089	0.070	0.030
0.039	0.867	0.055	0.039
0.066	0.077	0.062	0.795
0.061	0.742	0.080	0.117
>GGGTATTGGT	19-GGGTATTGGT	8.105235	-17.299309	0	T:104.0(1.92%),B:27.2(0.66%),P:1e-7	Tpos:146.8,Tstd:87.0,Bpos:172.6,Bstd:96.0,StrandBias:0.2,Multiplicity:1.02
0.077	0.026	0.777	0.120
0.045	0.006	0.887	0.062
0.057	0.145	0.694	0.104
0.094	0.025	0.052	0.829
0.700	0.120	0.078	0.102
0.100	0.091	0.093	0.716
0.115	0.006	0.083	0.796
0.038	0.044	0.870	0.048
0.032	0.047	0.883	0.038
0.082	0.044	0.013	0.861
>GATTAAATCT	20-GATTAAATCT	8.623093	-16.663707	0	T:129.0(2.38%),B:40.0(0.96%),P:1e-7	Tpos:137.5,Tstd:91.1,Bpos:141.3,Bstd:111.1,StrandBias:-0.0,Multiplicity:1.03
0.001	0.001	0.997	0.001
0.691	0.001	0.137	0.171
0.115	0.069	0.023	0.793
0.104	0.047	0.188	0.661
0.665	0.001	0.001	0.333
0.539	0.152	0.092	0.217
0.997	0.001	0.001	0.001
0.001	0.258	0.001	0.740
0.058	0.933	0.001	0.008
0.367	0.010	0.023	0.600
>MCAATCACGT	21-MCAATCACGT	8.116307	-16.405274	0	T:114.0(2.10%),B:33.2(0.80%),P:1e-7	Tpos:144.5,Tstd:97.8,Bpos:123.0,Bstd:82.9,StrandBias:0.1,Multiplicity:1.03
0.412	0.531	0.056	0.001
0.001	0.652	0.344	0.003
0.994	0.004	0.001	0.001
0.788	0.113	0.064	0.035
0.058	0.001	0.134	0.807
0.001	0.913	0.031	0.055
0.877	0.120	0.001	0.002
0.054	0.587	0.001	0.358
0.044	0.326	0.575	0.055
0.056	0.109	0.323	0.512
>TATATTGTAC	22-TATATTGTAC	8.363635	-16.057997	0	T:47.0(0.87%),B:6.0(0.14%),P:1e-6	Tpos:133.5,Tstd:81.2,Bpos:136.6,Bstd:71.4,StrandBias:0.3,Multiplicity:1.07
0.156	0.003	0.001	0.840
0.592	0.174	0.001	0.233
0.158	0.185	0.001	0.656
0.696	0.044	0.244	0.016
0.001	0.278	0.001	0.720
0.250	0.001	0.220	0.529
0.202	0.193	0.604	0.001
0.001	0.001	0.001	0.997
0.677	0.075	0.247	0.001
0.116	0.518	0.248	0.118
>AAGACGTGCC	23-AAGACGTGCC	8.022080	-15.159361	0	T:104.0(1.92%),B:30.7(0.74%),P:1e-6	Tpos:132.5,Tstd:91.1,Bpos:177.4,Bstd:129.7,StrandBias:-0.3,Multiplicity:1.02
0.857	0.099	0.033	0.011
0.801	0.059	0.086	0.054
0.075	0.108	0.785	0.032
0.839	0.021	0.065	0.075
0.048	0.773	0.059	0.120
0.150	0.068	0.770	0.012
0.078	0.054	0.032	0.836
0.064	0.044	0.849	0.043
0.065	0.756	0.119	0.060
0.151	0.751	0.001	0.097
>TAGTCTAGTC	24-TAGTCTAGTC	7.261819	-10.347011	0	T:170.0(3.14%),B:76.4(1.84%),P:1e-4	Tpos:153.1,Tstd:88.4,Bpos:139.1,Bstd:86.9,StrandBias:0.3,Multiplicity:1.27
0.045	0.111	0.057	0.787
0.846	0.011	0.097	0.046
0.050	0.068	0.805	0.077
0.113	0.073	0.069	0.745
0.062	0.796	0.068	0.074
0.039	0.068	0.023	0.870
0.758	0.043	0.112	0.087
0.064	0.054	0.814	0.068
0.087	0.059	0.043	0.811
0.046	0.778	0.112	0.064
>CCCCCCCCCC	25-CCCCCCCCCC	8.555893	-2.426427	0	T:23.0(0.42%),B:10.3(0.25%),P:1e-1	Tpos:146.6,Tstd:88.6,Bpos:154.8,Bstd:55.0,StrandBias:1.6,Multiplicity:1.00
0.001	0.955	0.043	0.001
0.001	0.997	0.001	0.001
0.001	0.997	0.001	0.001
0.001	0.997	0.001	0.001
0.001	0.997	0.001	0.001
0.001	0.997	0.001	0.001
0.001	0.997	0.001	0.001
0.001	0.997	0.001	0.001
0.001	0.856	0.142	0.001
0.001	0.829	0.142	0.028
>RTGASTCABNN	1-RTGASTCABNN	6.274751	-78.344560	0	T:2145.0(39.56%),B:1147.2(27.62%),P:1e-34	Tpos:139.4,Tstd:80.8,Bpos:136.5,Bstd:96.5,StrandBias:0.0,Multiplicity:1.25
0.325	0.223	0.382	0.070
0.024	0.007	0.002	0.967
0.019	0.087	0.794	0.100
0.795	0.031	0.147	0.027
0.105	0.424	0.305	0.165
0.120	0.094	0.046	0.740
0.068	0.796	0.098	0.038
0.882	0.075	0.014	0.029
0.116	0.259	0.261	0.364
0.267	0.224	0.281	0.228
0.248	0.327	0.201	0.224
>AATCATGGGRB	2-AATCATGGGRB	8.217903	-41.266549	0	T:214.0(3.95%),B:47.3(1.14%),P:1e-17	Tpos:147.7,Tstd:82.9,Bpos:170.8,Bstd:135.5,StrandBias:0.1,Multiplicity:1.21
0.753	0.046	0.200	0.001
0.840	0.003	0.007	0.150
0.048	0.051	0.051	0.850
0.005	0.608	0.003	0.384
0.993	0.002	0.003	0.002
0.048	0.007	0.001	0.944
0.258	0.001	0.601	0.140
0.242	0.046	0.666	0.046
0.046	0.200	0.631	0.123
0.496	0.001	0.408	0.094
0.094	0.242	0.373	0.290
>ACATGAGATTT	3-ACATGAGATTT	8.634640	-38.365126	0	T:231.0(4.26%),B:58.0(1.40%),P:1e-16	Tpos:155.8,Tstd:91.9,Bpos:122.7,Bstd:94.6,StrandBias:0.3,Multiplicity:1.11
0.729	0.054	0.048	0.169
0.107	0.661	0.166	0.066
0.850	0.036	0.043	0.071
0.059	0.018	0.036	0.887
0.018	0.054	0.910	0.018
0.893	0.018	0.065	0.024
0.033	0.036	0.889	0.042
0.813	0.036	0.109	0.042
0.089	0.090	0.054	0.767
0.042	0.132	0.078	0.748
0.030	0.042	0.066	0.862
>CTGTATTCCCA	4-CTGTATTCCCA	9.499452	-36.821449	0	T:303.0(5.59%),B:95.6(2.30%),P:1e-15	Tpos:150.6,Tstd:96.4,Bpos:147.0,Bstd:123.3,StrandBias:0.1,Multiplicity:1.05
0.001	0.881	0.057	0.061
0.027	0.001	0.001	0.971
0.028	0.001	0.857	0.114
0.002	0.028	0.056	0.914
0.547	0.065	0.387	0.001
0.349	0.028	0.029	0.594
0.044	0.248	0.083	0.625
0.010	0.690	0.001	0.299
0.025	0.667	0.001	0.307
0.001	0.997	0.001	0.001
0.886	0.001	0.001	0.112
>HYHAGACACAT	5-HYHAGACACAT	7.213415	-29.961844	0	T:63.0(1.16%),B:2.8(0.07%),P:1e-13	Tpos:163.7,Tstd:98.5,Bpos:168.7,Bstd:117.3,StrandBias:-0.7,Multiplicity:1.25
0.355	0.218	0.196	0.231
0.178	0.322	0.037	0.463
0.388	0.315	0.014	0.283
0.671	0.014	0.024	0.291
0.066	0.020	0.660	0.254
0.476	0.187	0.029	0.308
0.255	0.522	0.193	0.030
0.597	0.061	0.016	0.326
0.156	0.578	0.037	0.229
0.632	0.035	0.026	0.307
0.034	0.183	0.211	0.572
>GGAGATAATTG	6-GGAGATAATTG	10.620841	-26.811026	0	T:82.0(1.51%),B:9.6(0.23%),P:1e-11	Tpos:147.5,Tstd:72.5,Bpos:157.3,Bstd:91.7,StrandBias:0.4,Multiplicity:1.00
0.001	0.001	0.997	0.001
0.310	0.164	0.525	0.001
0.997	0.001	0.001	0.001
0.216	0.001	0.782	0.001
0.637	0.001	0.361	0.001
0.001	0.001	0.001	0.997
0.913	0.001	0.085	0.001
0.780	0.218	0.001	0.001
0.001	0.295	0.192	0.512
0.001	0.001	0.280	0.718
0.001	0.001	0.854	0.144
>TCACAATCAGA	7-TCACAATCAGA	8.861815	-26.514006	0	T:52.0(0.96%),B:1.7(0.04%),P:1e-11	Tpos:167.5,Tstd:111.6,Bpos:167.0,Bstd:15.5,StrandBias:-0.4,Multiplicity:1.04
0.200	0.172	0.007	0.621
0.172	0.774	0.052	0.002
0.603	0.185	0.005	0.207
0.254	0.545	0.071	0.130
0.939	0.016	0.023	0.022
0.489	0.200	0.127	0.184
0.224	0.165	0.099	0.512
0.019	0.744	0.009	0.228
0.797	0.001	0.002	0.200
0.007	0.049	0.751	0.193
0.499	0.261	0.047	0.193
>CTGTTCTCGTG	8-CTGTTCTCGTG	8.010391	-26.223089	0	T:315.0(5.81%),B:121.5(2.93%),P:1e-11	Tpos:145.0,Tstd:96.7,Bpos:134.4,Bstd:98.3,StrandBias:-0.1,Multiplicity:1.04
0.031	0.853	0.053	0.063
0.055	0.042	0.001	0.902
0.053	0.031	0.843	0.073
0.097	0.052	0.063	0.788
0.042	0.084	0.021	0.853
0.042	0.796	0.042	0.120
0.037	0.073	0.010	0.880
0.063	0.747	0.094	0.096
0.157	0.114	0.556	0.173
0.021	0.042	0.042	0.895
0.062	0.027	0.910	0.001
>CTGTTTCATTC	9-CTGTTTCATTC	8.920039	-26.037138	0	T:203.0(3.74%),B:62.7(1.51%),P:1e-11	Tpos:136.7,Tstd:87.4,Bpos:146.8,Bstd:105.9,StrandBias:0.4,Multiplicity:1.05
0.032	0.839	0.061	0.068
0.099	0.028	0.023	0.850
0.036	0.088	0.802	0.074
0.036	0.067	0.031	0.866
0.053	0.060	0.060	0.827
0.049	0.041	0.028	0.882
0.040	0.833	0.048	0.079
0.760	0.172	0.009	0.059
0.063	0.086	0.065	0.786
0.072	0.075	0.056	0.797
0.063	0.768	0.055	0.114
>ATGGTTTCATA	10-ATGGTTTCATA	10.543315	-25.817981	0	T:97.0(1.79%),B:15.4(0.37%),P:1e-11	Tpos:146.0,Tstd:77.6,Bpos:135.7,Bstd:86.4,StrandBias:0.1,Multiplicity:1.00
0.896	0.026	0.052	0.026
0.001	0.001	0.025	0.973
0.026	0.001	0.947	0.026
0.057	0.001	0.941	0.001
0.001	0.001	0.025	0.973
0.001	0.001	0.025	0.973
0.001	0.001	0.001	0.997
0.001	0.581	0.026	0.392
0.947	0.026	0.001	0.026
0.001	0.001	0.051	0.947
0.921	0.001	0.077	0.001
>GGTCACCAGSA	11-GGTCACCAGSA	9.984071	-24.521565	0	T:94.0(1.73%),B:15.1(0.36%),P:1e-10	Tpos:128.7,Tstd:81.4,Bpos:136.2,Bstd:89.2,StrandBias:-0.3,Multiplicity:1.00
0.164	0.001	0.771	0.064
0.122	0.001	0.876	0.001
0.001	0.001	0.067	0.931
0.055	0.696	0.139	0.110
0.821	0.055	0.001	0.123
0.001	0.931	0.067	0.001
0.001	0.997	0.001	0.001
0.931	0.001	0.001	0.067
0.068	0.110	0.821	0.001
0.001	0.566	0.432	0.001
0.661	0.001	0.001	0.337
>ATCTTATCTCT	12-ATCTTATCTCT	11.071014	-24.300220	0	T:48.0(0.89%),B:1.3(0.03%),P:1e-10	Tpos:154.4,Tstd:92.7,Bpos:192.0,Bstd:0.0,StrandBias:0.5,Multiplicity:1.00
0.633	0.122	0.041	0.204
0.040	0.040	0.001	0.919
0.040	0.919	0.040	0.001
0.001	0.040	0.001	0.958
0.001	0.001	0.001	0.997
0.856	0.062	0.081	0.001
0.001	0.001	0.040	0.958
0.001	0.958	0.040	0.001
0.001	0.001	0.001	0.997
0.001	0.958	0.001	0.040
0.040	0.001	0.001	0.958
>AGCCTGGCTAA	13-AGCCTGGCTAA	7.964355	-23.603955	0	T:267.0(4.92%),B:100.6(2.42%),P:1e-10	Tpos:154.1,Tstd:102.4,Bpos:167.4,Bstd:128.7,StrandBias:-0.1,Multiplicity:1.07
0.565	0.087	0.167	0.181
0.122	0.087	0.659	0.132
0.141	0.676	0.127	0.056
0.160	0.671	0.065	0.104
0.144	0.025	0.015	0.816
0.057	0.062	0.723	0.158
0.119	0.106	0.671	0.104
0.077	0.547	0.226	0.150
0.219	0.244	0.055	0.482
0.510	0.152	0.271	0.067
0.632	0.109	0.182	0.077
>CCCTCCAACAA	14-CCCTCCAACAA	8.864272	-22.163824	0	T:122.0(2.25%),B:29.8(0.72%),P:1e-9	Tpos:152.7,Tstd:93.2,Bpos:133.1,Bstd:120.4,StrandBias:0.1,Multiplicity:1.06
0.075	0.765	0.104	0.056
0.048	0.893	0.019	0.040
0.085	0.792	0.038	0.085
0.066	0.056	0.019	0.859
0.029	0.867	0.056	0.048
0.066	0.877	0.019	0.038
0.752	0.144	0.047	0.057
0.745	0.048	0.132	0.075
0.113	0.765	0.066	0.056
0.887	0.066	0.028	0.019
0.814	0.030	0.085	0.071
>AGGCCACATTG	15-AGGCCACATTG	9.350988	-22.099219	0	T:56.0(1.03%),B:4.7(0.11%),P:1e-9	Tpos:162.9,Tstd:108.2,Bpos:142.4,Bstd:77.9,StrandBias:0.2,Multiplicity:1.07
0.807	0.054	0.116	0.023
0.062	0.015	0.861	0.062
0.028	0.093	0.848	0.031
0.070	0.760	0.093	0.077
0.054	0.838	0.054	0.054
0.900	0.046	0.015	0.039
0.031	0.868	0.062	0.039
0.867	0.055	0.039	0.039
0.070	0.055	0.096	0.779
0.062	0.039	0.133	0.766
0.062	0.070	0.725	0.143
>GGGGAAACCCC	16-GGGGAAACCCC	6.566709	-21.236497	0	T:1227.0(22.63%),B:731.0(17.60%),P:1e-9	Tpos:142.8,Tstd:89.0,Bpos:139.8,Bstd:100.2,StrandBias:0.2,Multiplicity:1.22
0.158	0.001	0.675	0.166
0.114	0.001	0.803	0.082
0.106	0.001	0.857	0.036
0.237	0.043	0.714	0.006
0.763	0.070	0.164	0.003
0.779	0.066	0.154	0.001
0.548	0.172	0.191	0.089
0.140	0.642	0.097	0.121
0.173	0.759	0.003	0.065
0.160	0.729	0.008	0.103
0.142	0.733	0.006	0.119
>TGGAABWTTCC	17-TGGAABWTTCC	7.026310	-20.745667	0	T:256.0(4.72%),B:100.0(2.41%),P:1e-9	Tpos:138.5,Tstd:92.0,Bpos:176.7,Bstd:107.8,StrandBias:0.0,Multiplicity:1.01
0.001	0.001	0.233	0.765
0.079	0.001	0.635	0.285
0.146	0.178	0.415	0.262
0.483	0.198	0.071	0.248
0.845	0.072	0.082	0.001
0.107	0.335	0.253	0.305
0.367	0.168	0.073	0.392
0.033	0.001	0.175	0.791
0.148	0.227	0.223	0.402
0.001	0.615	0.193	0.191
0.108	0.630	0.001	0.261
>CATGACTTCTA	18-CATGACTTCTA	9.041291	-18.829815	0	T:46.0(0.85%),B:3.8(0.09%),P:1e-8	Tpos:140.5,Tstd:80.7,Bpos:166.4,Bstd:134.6,StrandBias:0.3,Multiplicity:1.00
0.049	0.772	0.113	0.066
0.790	0.086	0.028	0.096
0.047	0.001	0.067	0.885
0.047	0.067	0.839	0.047
0.808	0.066	0.057	0.069
0.057	0.808	0.096	0.039
0.047	0.038	0.028	0.887
0.057	0.105	0.076	0.762
0.038	0.837	0.039	0.086
0.047	0.066	0.047	0.840
0.791	0.058	0.047	0.104
>CTAGGACTCTG	19-CTAGGACTCTG	8.366931	-18.829815	0	T:46.0(0.85%),B:3.4(0.08%),P:1e-8	Tpos:148.6,Tstd:104.4,Bpos:93.1,Bstd:42.1,StrandBias:0.5,Multiplicity:1.00
0.106	0.516	0.146	0.232
0.154	0.220	0.083	0.543
0.652	0.010	0.157	0.181
0.202	0.001	0.595	0.202
0.191	0.151	0.575	0.083
0.620	0.152	0.067	0.161
0.176	0.605	0.091	0.128
0.114	0.016	0.003	0.867
0.026	0.689	0.169	0.116
0.114	0.015	0.006	0.865
0.097	0.154	0.540	0.209
>TAATCTCTTCC	20-TAATCTCTTCC	10.046776	-18.319142	0	T:45.0(0.83%),B:4.0(0.10%),P:1e-7	Tpos:139.0,Tstd:88.1,Bpos:206.8,Bstd:114.8,StrandBias:0.3,Multiplicity:1.02
0.106	0.140	0.001	0.753
0.739	0.130	0.001	0.130
0.579	0.131	0.132	0.158
0.067	0.154	0.001	0.778
0.001	0.746	0.071	0.182
0.134	0.132	0.001	0.733
0.001	0.997	0.001	0.001
0.001	0.001	0.001	0.997
0.001	0.001	0.210	0.788
0.110	0.888	0.001	0.001
0.131	0.867	0.001	0.001
>ACATGAAAGGG	21-ACATGAAAGGG	9.467287	-18.014236	0	T:88.0(1.62%),B:20.0(0.48%),P:1e-7	Tpos:140.0,Tstd:86.1,Bpos:166.3,Bstd:110.0,StrandBias:-0.1,Multiplicity:1.04
0.833	0.060	0.064	0.043
0.047	0.804	0.121	0.028
0.882	0.075	0.014	0.029
0.063	0.036	0.099	0.802
0.100	0.097	0.767	0.036
0.829	0.057	0.064	0.050
0.889	0.054	0.036	0.021
0.865	0.007	0.071	0.057
0.211	0.028	0.725	0.036
0.071	0.015	0.876	0.038
0.093	0.093	0.742	0.072
>CTGTAAAGAAG	22-CTGTAAAGAAG	8.778590	-17.541556	0	T:109.0(2.01%),B:29.3(0.70%),P:1e-7	Tpos:148.6,Tstd:91.2,Bpos:121.4,Bstd:90.2,StrandBias:0.2,Multiplicity:1.04
0.070	0.774	0.061	0.095
0.082	0.020	0.027	0.871
0.029	0.046	0.859	0.066
0.083	0.037	0.060	0.820
0.844	0.030	0.078	0.048
0.859	0.053	0.061	0.027
0.843	0.027	0.060	0.070
0.140	0.054	0.744	0.062
0.812	0.038	0.087	0.063
0.845	0.013	0.101	0.041
0.111	0.061	0.740	0.088
>CAGGATAAGTY	23-CAGGATAAGTY	10.090118	-10.868278	0	T:53.0(0.98%),B:12.8(0.31%),P:1e-4	Tpos:147.2,Tstd:84.7,Bpos:246.7,Bstd:259.5,StrandBias:-0.1,Multiplicity:1.00
0.235	0.701	0.063	0.001
0.970	0.001	0.001	0.028
0.115	0.001	0.856	0.028
0.057	0.001	0.941	0.001
0.855	0.029	0.058	0.058
0.178	0.058	0.133	0.631
0.856	0.001	0.115	0.028
0.941	0.001	0.001	0.057
0.001	0.001	0.997	0.001
0.028	0.001	0.001	0.970
0.230	0.414	0.092	0.264
>TAGTCTAGTCT	24-TAGTCTAGTCT	8.978449	-7.785572	0	T:38.0(0.70%),B:9.9(0.24%),P:1e-3	Tpos:142.0,Tstd:89.8,Bpos:146.6,Bstd:86.9,StrandBias:2.2,Multiplicity:2.39
0.023	0.077	0.069	0.831
0.885	0.015	0.062	0.038
0.046	0.077	0.823	0.054
0.092	0.061	0.092	0.755
0.032	0.804	0.110	0.054
0.031	0.054	0.023	0.892
0.793	0.023	0.123	0.061
0.107	0.061	0.794	0.038
0.092	0.046	0.031	0.831
0.047	0.751	0.126	0.076
0.091	0.053	0.001	0.855
>CCYCCCCCCSG	25-CCYCCCCCCSG	11.993521	-4.229130	0	T:13.0(0.24%),B:2.0(0.05%),P:1e-1	Tpos:129.6,Tstd:65.1,Bpos:187.5,Bstd:39.2,StrandBias:1.8,Multiplicity:1.00
0.049	0.729	0.001	0.221
0.001	0.949	0.001	0.049
0.134	0.445	0.001	0.420
0.210	0.788	0.001	0.001
0.001	0.997	0.001	0.001
0.001	0.997	0.001	0.001
0.001	0.997	0.001	0.001
0.001	0.997	0.001	0.001
0.049	0.895	0.055	0.001
0.001	0.433	0.432	0.134
0.001	0.416	0.582	0.001
>TGANTCABHHHH	1-TGANTCABHHHH	6.365699	-77.871417	0	T:2150.0(39.65%),B:1153.0(27.76%),P:1e-33	Tpos:140.4,Tstd:81.6,Bpos:137.6,Bstd:96.3,StrandBias:0.0,Multiplicity:1.77
0.067	0.001	0.018	0.914
0.049	0.081	0.776	0.094
0.736	0.052	0.056	0.156
0.186	0.292	0.311	0.211
0.074	0.033	0.027	0.866
0.073	0.822	0.075	0.030
0.905	0.031	0.001	0.063
0.106	0.260	0.300	0.334
0.270	0.266	0.141	0.324
0.311	0.275	0.098	0.317
0.295	0.332	0.052	0.320
0.281	0.306	0.108	0.305
>CCCATACTGTTC	2-CCCATACTGTTC	10.127061	-31.010190	0	T:103.0(1.90%),B:13.8(0.33%),P:1e-13	Tpos:134.7,Tstd:74.1,Bpos:130.3,Bstd:83.6,StrandBias:0.0,Multiplicity:1.01
0.060	0.834	0.060	0.046
0.045	0.759	0.001	0.195
0.076	0.878	0.001	0.045
0.893	0.061	0.001	0.045
0.031	0.135	0.106	0.728
0.706	0.076	0.158	0.060
0.030	0.849	0.046	0.075
0.015	0.045	0.001	0.939
0.001	0.090	0.789	0.120
0.030	0.090	0.001	0.879
0.015	0.030	0.075	0.880
0.001	0.894	0.060	0.045
>TGAATTGTAGYT	3-TGAATTGTAGYT	10.050503	-29.961844	0	T:63.0(1.16%),B:2.3(0.05%),P:1e-13	Tpos:140.8,Tstd:86.0,Bpos:313.8,Bstd:9.3,StrandBias:-0.4,Multiplicity:1.00
0.124	0.001	0.001	0.874
0.016	0.016	0.967	0.001
0.967	0.016	0.001	0.016
0.702	0.016	0.001	0.281
0.001	0.001	0.001	0.997
0.001	0.001	0.001	0.997
0.001	0.016	0.967	0.016
0.124	0.001	0.001	0.874
0.997	0.001	0.001	0.001
0.281	0.016	0.702	0.001
0.001	0.464	0.001	0.534
0.016	0.016	0.001	0.967
>RRTCTCATGAGA	4-RRTCTCATGAGA	8.451707	-29.126507	0	T:287.0(5.29%),B:100.6(2.42%),P:1e-12	Tpos:147.2,Tstd:90.5,Bpos:161.2,Bstd:122.2,StrandBias:-0.0,Multiplicity:1.04
0.406	0.048	0.383	0.163
0.387	0.163	0.250	0.200
0.001	0.142	0.154	0.703
0.001	0.669	0.111	0.219
0.264	0.001	0.001	0.734
0.001	0.682	0.316	0.001
0.793	0.021	0.033	0.153
0.108	0.001	0.161	0.730
0.001	0.144	0.854	0.001
0.978	0.001	0.001	0.020
0.267	0.175	0.557	0.001
0.806	0.172	0.001	0.021
>TGAGATTACAGG	5-TGAGATTACAGG	8.000703	-26.358470	0	T:202.0(3.73%),B:61.6(1.48%),P:1e-11	Tpos:145.3,Tstd:102.1,Bpos:146.4,Bstd:116.2,StrandBias:-0.1,Multiplicity:1.07
0.249	0.086	0.124	0.541
0.146	0.118	0.624	0.112
0.503	0.047	0.279	0.171
0.264	0.112	0.529	0.095
0.563	0.086	0.228	0.123
0.207	0.195	0.179	0.419
0.169	0.199	0.179	0.453
0.529	0.124	0.138	0.209
0.175	0.556	0.170	0.099
0.700	0.038	0.129	0.133
0.131	0.009	0.837	0.023
0.246	0.095	0.492	0.167
>ATCCAAATCTCA	6-ATCCAAATCTCA	10.921268	-25.871703	0	T:67.0(1.24%),B:5.3(0.13%),P:1e-11	Tpos:166.3,Tstd:98.6,Bpos:214.4,Bstd:217.1,StrandBias:-0.1,Multiplicity:1.00
0.828	0.049	0.049	0.074
0.147	0.105	0.114	0.634
0.049	0.783	0.025	0.143
0.196	0.730	0.001	0.073
0.946	0.024	0.001	0.029
0.872	0.078	0.049	0.001
0.853	0.049	0.049	0.049
0.049	0.074	0.049	0.828
0.001	0.828	0.073	0.098
0.049	0.004	0.001	0.946
0.025	0.896	0.054	0.025
0.877	0.024	0.001	0.098
>GGRAGTGAGTAA	7-GGRAGTGAGTAA	10.551165	-24.521565	0	T:94.0(1.73%),B:15.0(0.36%),P:1e-10	Tpos:137.8,Tstd:96.5,Bpos:123.4,Bstd:91.0,StrandBias:0.0,Multiplicity:1.02
0.092	0.001	0.874	0.033
0.204	0.092	0.643	0.061
0.376	0.094	0.321	0.209
0.869	0.031	0.065	0.035
0.002	0.035	0.932	0.031
0.063	0.001	0.061	0.875
0.001	0.061	0.905	0.033
0.897	0.031	0.035	0.037
0.124	0.033	0.841	0.002
0.285	0.033	0.159	0.523
0.679	0.001	0.290	0.030
0.931	0.001	0.067	0.001
>CACTGGGTCCCT	8-CACTGGGTCCCT	10.416501	-24.001332	0	T:56.0(1.03%),B:3.7(0.09%),P:1e-10	Tpos:144.4,Tstd:88.0,Bpos:128.7,Bstd:38.6,StrandBias:0.4,Multiplicity:1.00
0.026	0.897	0.013	0.064
0.781	0.116	0.026	0.077
0.014	0.857	0.065	0.064
0.067	0.041	0.026	0.866
0.052	0.064	0.833	0.051
0.115	0.001	0.832	0.052
0.039	0.039	0.857	0.065
0.064	0.039	0.117	0.780
0.027	0.817	0.091	0.065
0.064	0.832	0.026	0.078
0.051	0.832	0.013	0.104
0.077	0.064	0.013	0.846
>TCAACTCTTTCT	9-TCAACTCTTTCT	9.818204	-22.238438	0	T:39.0(0.72%),B:0.8(0.02%),P:1e-9	Tpos:130.8,Tstd:70.3,Bpos:165.0,Bstd:0.0,StrandBias:-0.4,Multiplicity:1.00
0.108	0.068	0.064	0.760
0.083	0.701	0.101	0.115
0.757	0.108	0.036	0.099
0.643	0.108	0.090	0.159
0.071	0.729	0.108	0.092
0.077	0.067	0.042	0.814
0.055	0.761	0.080	0.104
0.093	0.095	0.015	0.797
0.065	0.100	0.084	0.751
0.076	0.080	0.075	0.769
0.068	0.725	0.090	0.117
0.098	0.090	0.018	0.794
>GGGAATTATGGG	10-GGGAATTATGGG	10.613304	-21.543859	0	T:43.0(0.79%),B:1.6(0.04%),P:1e-9	Tpos:160.7,Tstd:92.8,Bpos:48.4,Bstd:21.3,StrandBias:0.5,Multiplicity:1.00
0.077	0.019	0.846	0.058
0.061	0.019	0.901	0.019
0.116	0.039	0.786	0.059
0.805	0.077	0.099	0.019
0.844	0.077	0.021	0.058
0.116	0.058	0.135	0.691
0.021	0.021	0.059	0.899
0.767	0.116	0.001	0.116
0.097	0.077	0.058	0.768
0.059	0.001	0.902	0.038
0.019	0.001	0.922	0.058
0.019	0.039	0.923	0.019
>RCCCCTTATAAA	11-RCCCCTTATAAA	10.490656	-21.386107	0	T:58.0(1.07%),B:5.7(0.14%),P:1e-9	Tpos:135.0,Tstd:74.9,Bpos:140.7,Bstd:68.0,StrandBias:0.2,Multiplicity:1.00
0.518	0.001	0.441	0.040
0.225	0.514	0.001	0.260
0.001	0.841	0.001	0.157
0.161	0.809	0.001	0.029
0.001	0.732	0.001	0.266
0.001	0.001	0.001	0.997
0.001	0.028	0.001	0.970
0.732	0.001	0.266	0.001
0.001	0.128	0.001	0.870
0.669	0.170	0.160	0.001
0.990	0.008	0.001	0.001
0.997	0.001	0.001	0.001
>TTWAGTAGAHAT	12-TTWAGTAGAHAT	11.047687	-19.914054	0	T:55.0(1.01%),B:5.6(0.14%),P:1e-8	Tpos:131.8,Tstd:97.2,Bpos:109.4,Bstd:89.8,StrandBias:0.1,Multiplicity:1.04
0.001	0.001	0.001	0.997
0.001	0.203	0.001	0.795
0.323	0.260	0.001	0.416
0.997	0.001	0.001	0.001
0.001	0.001	0.997	0.001
0.282	0.001	0.084	0.633
0.831	0.001	0.167	0.001
0.292	0.001	0.546	0.161
0.841	0.155	0.001	0.003
0.307	0.205	0.162	0.325
0.601	0.001	0.042	0.356
0.177	0.045	0.001	0.777
>CCATGTGAAGAA	13-CCATGTGAAGAA	9.371740	-18.177021	0	T:41.0(0.76%),B:2.6(0.06%),P:1e-7	Tpos:137.6,Tstd:91.7,Bpos:211.5,Bstd:120.1,StrandBias:-0.1,Multiplicity:1.00
0.174	0.446	0.177	0.203
0.195	0.687	0.014	0.104
0.688	0.171	0.002	0.139
0.116	0.008	0.184	0.692
0.133	0.138	0.614	0.115
0.136	0.001	0.155	0.708
0.161	0.060	0.643	0.136
0.649	0.111	0.147	0.093
0.744	0.001	0.146	0.109
0.177	0.067	0.703	0.053
0.670	0.120	0.143	0.067
0.758	0.023	0.105	0.114
>TGRGTATTTTAT	14-TGRGTATTTTAT	11.386819	-17.927996	0	T:54.0(1.00%),B:6.7(0.16%),P:1e-7	Tpos:145.2,Tstd:104.1,Bpos:226.7,Bstd:174.7,StrandBias:0.2,Multiplicity:1.02
0.001	0.001	0.001	0.997
0.001	0.001	0.997	0.001
0.537	0.001	0.461	0.001
0.001	0.001	0.777	0.221
0.001	0.001	0.385	0.613
0.608	0.201	0.001	0.190
0.304	0.001	0.046	0.649
0.001	0.001	0.001	0.997
0.001	0.286	0.070	0.643
0.001	0.237	0.001	0.761
0.810	0.001	0.188	0.001
0.001	0.001	0.001	0.997
>TCTTACATGGBK	15-TCTTACATGGBK	9.576197	-17.676525	0	T:80.0(1.48%),B:16.1(0.39%),P:1e-7	Tpos:142.7,Tstd:87.5,Bpos:127.0,Bstd:118.5,StrandBias:-0.1,Multiplicity:1.01
0.001	0.066	0.001	0.932
0.157	0.662	0.157	0.024
0.073	0.087	0.001	0.839
0.001	0.091	0.222	0.686
0.589	0.231	0.001	0.179
0.131	0.801	0.044	0.024
0.861	0.048	0.001	0.090
0.069	0.001	0.045	0.885
0.090	0.001	0.908	0.001
0.065	0.001	0.933	0.001
0.142	0.342	0.290	0.225
0.094	0.176	0.432	0.298
>AGCCAAACCATA	16-AGCCAAACCATA	9.977671	-17.301923	0	T:43.0(0.79%),B:3.6(0.09%),P:1e-7	Tpos:146.1,Tstd:105.0,Bpos:133.8,Bstd:54.3,StrandBias:0.2,Multiplicity:1.00
0.997	0.001	0.001	0.001
0.001	0.001	0.997	0.001
0.001	0.997	0.001	0.001
0.001	0.997	0.001	0.001
0.997	0.001	0.001	0.001
0.960	0.001	0.038	0.001
0.960	0.038	0.001	0.001
0.001	0.691	0.038	0.270
0.039	0.883	0.039	0.039
0.997	0.001	0.001	0.001
0.001	0.038	0.001	0.960
0.997	0.001	0.001	0.001
>TCTGACCTCATG	17-TCTGACCTCATG	8.862894	-16.603829	0	T:38.0(0.70%),B:2.3(0.05%),P:1e-7	Tpos:141.9,Tstd:87.8,Bpos:158.8,Bstd:18.5,StrandBias:-0.3,Multiplicity:1.06
0.106	0.128	0.106	0.660
0.083	0.683	0.129	0.105
0.135	0.065	0.041	0.759
0.100	0.134	0.653	0.113
0.612	0.135	0.121	0.132
0.112	0.653	0.110	0.125
0.138	0.651	0.057	0.154
0.142	0.111	0.055	0.692
0.085	0.690	0.123	0.102
0.650	0.152	0.067	0.131
0.117	0.069	0.141	0.673
0.100	0.136	0.627	0.137
>CCACCACTGCAA	18-CCACCACTGCAA	10.840510	-16.524600	0	T:29.0(0.53%),B:0.7(0.02%),P:1e-7	Tpos:147.6,Tstd:111.2,Bpos:273.6,Bstd:69.5,StrandBias:-0.8,Multiplicity:1.00
0.090	0.855	0.045	0.010
0.058	0.815	0.001	0.126
0.896	0.049	0.001	0.054
0.001	0.898	0.049	0.052
0.092	0.818	0.001	0.089
0.866	0.089	0.001	0.044
0.042	0.780	0.052	0.126
0.049	0.001	0.084	0.866
0.042	0.129	0.700	0.129
0.042	0.831	0.001	0.126
0.818	0.053	0.042	0.087
0.853	0.052	0.042	0.053
>TTTCTCTGTGGA	19-TTTCTCTGTGGA	10.383907	-16.410806	0	T:67.0(1.24%),B:12.1(0.29%),P:1e-7	Tpos:135.8,Tstd:82.4,Bpos:176.9,Bstd:67.5,StrandBias:0.2,Multiplicity:1.02
0.048	0.068	0.086	0.798
0.038	0.069	0.039	0.854
0.010	0.095	0.048	0.847
0.049	0.826	0.057	0.068
0.057	0.047	0.001	0.895
0.048	0.779	0.068	0.105
0.068	0.029	0.038	0.865
0.029	0.057	0.837	0.077
0.058	0.010	0.057	0.875
0.106	0.010	0.835	0.049
0.049	0.048	0.845	0.058
0.756	0.040	0.039	0.165
>RCTGAAGCCACA	20-RCTGAAGCCACA	11.450836	-14.448741	0	T:52.0(0.96%),B:8.1(0.19%),P:1e-6	Tpos:124.8,Tstd:77.1,Bpos:110.0,Bstd:64.5,StrandBias:0.2,Multiplicity:1.02
0.374	0.210	0.257	0.160
0.059	0.839	0.001	0.101
0.218	0.001	0.001	0.780
0.001	0.001	0.997	0.001
0.948	0.050	0.001	0.001
0.948	0.001	0.050	0.001
0.092	0.050	0.857	0.001
0.051	0.746	0.051	0.152
0.001	0.997	0.001	0.001
0.997	0.001	0.001	0.001
0.100	0.898	0.001	0.001
0.786	0.105	0.008	0.101
>CTTTCCCTCTGT	21-CTTTCCCTCTGT	10.727783	-13.972618	0	T:61.0(1.13%),B:12.1(0.29%),P:1e-6	Tpos:160.9,Tstd:101.4,Bpos:241.2,Bstd:173.7,StrandBias:-0.0,Multiplicity:1.05
0.093	0.812	0.043	0.052
0.052	0.062	0.031	0.855
0.001	0.072	0.072	0.855
0.031	0.063	0.041	0.865
0.074	0.789	0.063	0.074
0.052	0.728	0.031	0.189
0.031	0.905	0.012	0.052
0.021	0.053	0.031	0.895
0.010	0.846	0.041	0.103
0.074	0.022	0.021	0.883
0.021	0.116	0.800	0.063
0.052	0.053	0.113	0.782
>TCCTCACACAGA	22-TCCTCACACAGA	11.823855	-13.374948	0	T:28.0(0.52%),B:1.8(0.04%),P:1e-5	Tpos:103.8,Tstd:59.0,Bpos:163.7,Bstd:68.6,StrandBias:0.0,Multiplicity:1.14
0.001	0.001	0.001	0.997
0.058	0.940	0.001	0.001
0.001	0.997	0.001	0.001
0.001	0.175	0.001	0.823
0.001	0.997	0.001	0.001
0.706	0.235	0.001	0.058
0.001	0.997	0.001	0.001
0.940	0.001	0.001	0.058
0.058	0.940	0.001	0.001
0.940	0.001	0.001	0.058
0.001	0.058	0.940	0.001
0.883	0.058	0.058	0.001
>GTTTGTATTTTG	23-GTTTGTATTTTG	10.528863	-12.805260	0	T:34.0(0.63%),B:3.4(0.08%),P:1e-5	Tpos:143.4,Tstd:82.1,Bpos:342.3,Bstd:63.1,StrandBias:0.5,Multiplicity:1.00
0.042	0.099	0.829	0.030
0.070	0.001	0.056	0.873
0.058	0.028	0.085	0.829
0.028	0.014	0.042	0.916
0.113	0.028	0.801	0.058
0.072	0.099	0.028	0.801
0.815	0.044	0.115	0.026
0.014	0.014	0.071	0.901
0.028	0.085	0.058	0.829
0.056	0.084	0.001	0.859
0.113	0.014	0.057	0.816
0.072	0.085	0.758	0.085
>TGTGTGATTGGG	24-TGTGTGATTGGG	11.188616	-11.453883	0	T:28.0(0.52%),B:2.0(0.05%),P:1e-4	Tpos:120.7,Tstd:77.5,Bpos:107.0,Bstd:38.4,StrandBias:-0.1,Multiplicity:1.11
0.053	0.001	0.035	0.911
0.001	0.019	0.963	0.017
0.070	0.002	0.088	0.840
0.018	0.055	0.874	0.053
0.053	0.001	0.053	0.893
0.053	0.090	0.820	0.037
0.680	0.070	0.125	0.125
0.123	0.055	0.073	0.749
0.053	0.001	0.055	0.891
0.053	0.035	0.859	0.053
0.055	0.035	0.751	0.159
0.070	0.073	0.802	0.055
>TAGTATGGTATA	25-TAGTATGGTATA	8.216542	-4.011257	0	T:17.0(0.31%),B:4.8(0.12%),P:1e-1	Tpos:158.0,Tstd:104.2,Bpos:180.3,Bstd:91.1,StrandBias:2.6,Multiplicity:1.94
0.001	0.001	0.001	0.997
0.960	0.001	0.038	0.001
0.001	0.001	0.997	0.001
0.001	0.001	0.001	0.997
0.638	0.074	0.287	0.001
0.001	0.001	0.001	0.997
0.369	0.001	0.629	0.001
0.001	0.001	0.997	0.001
0.001	0.001	0.001	0.997
0.632	0.084	0.283	0.001
0.001	0.001	0.001	0.997
0.997	0.001	0.001	0.001
>GATAAG	1-GATAAG	7.281091	-36.594806	0	T:906.0(16.71%),B:451.7(10.88%),P:1e-15	Tpos:148.6,Tstd:100.5,Bpos:138.2,Bstd:111.4,StrandBias:-0.0,Multiplicity:1.16
0.001	0.001	0.997	0.001
0.997	0.001	0.001	0.001
0.001	0.001	0.001	0.997
0.997	0.001	0.001	0.001
0.997	0.001	0.001	0.001
0.001	0.360	0.638	0.001
>TGAATC	2-TGAATC	2.088135	-26.412360	0	T:2976.0(54.89%),B:1985.6(47.80%),P:1e-11	Tpos:141.6,Tstd:85.8,Bpos:138.0,Bstd:103.5,StrandBias:-0.0,Multiplicity:1.47
0.001	0.001	0.001	0.997
0.001	0.001	0.997	0.001
0.997	0.001	0.001	0.001
0.937	0.002	0.002	0.059
0.001	0.001	0.001	0.997
0.001	0.997	0.001	0.001
>GATTAC	3-GATTAC	8.073329	-25.096004	0	T:532.0(9.81%),B:252.2(6.07%),P:1e-10	Tpos:146.8,Tstd:96.5,Bpos:150.8,Bstd:109.1,StrandBias:-0.1,Multiplicity:1.08
0.001	0.001	0.997	0.001
0.795	0.001	0.203	0.001
0.001	0.001	0.001	0.997
0.001	0.001	0.001	0.997
0.997	0.001	0.001	0.001
0.001	0.997	0.001	0.001
>CATGAG	4-CATGAG	6.177716	-21.049035	0	T:1061.0(19.57%),B:616.1(14.83%),P:1e-9	Tpos:149.2,Tstd:97.0,Bpos:133.5,Bstd:111.7,StrandBias:0.0,Multiplicity:1.20
0.100	0.700	0.100	0.100
0.700	0.100	0.100	0.100
0.100	0.100	0.100	0.700
0.100	0.100	0.700	0.100
0.700	0.100	0.100	0.100
0.100	0.100	0.700	0.100
>TGTGGC	5-TGTGGC	6.043440	-19.193681	0	T:2301.0(42.44%),B:1522.0(36.64%),P:1e-8	Tpos:148.2,Tstd:91.8,Bpos:149.5,Bstd:111.1,StrandBias:0.1,Multiplicity:1.34
0.001	0.145	0.001	0.853
0.001	0.001	0.997	0.001
0.001	0.001	0.001	0.997
0.001	0.001	0.997	0.001
0.001	0.001	0.718	0.280
0.001	0.997	0.001	0.001
>TGACCA	6-TGACCA	5.740540	-19.103866	0	T:2217.0(40.89%),B:1459.2(35.13%),P:1e-8	Tpos:144.1,Tstd:95.8,Bpos:136.4,Bstd:103.9,StrandBias:0.0,Multiplicity:1.34
0.001	0.116	0.001	0.882
0.001	0.001	0.997	0.001
0.842	0.001	0.156	0.001
0.001	0.997	0.001	0.001
0.001	0.785	0.001	0.213
0.997	0.001	0.001	0.001
>TVAAAC	7-TVAAAC	5.040698	-13.799175	0	T:2692.0(49.65%),B:1858.3(44.74%),P:1e-5	Tpos:143.7,Tstd:96.8,Bpos:145.6,Bstd:107.6,StrandBias:-0.0,Multiplicity:1.53
0.001	0.289	0.001	0.709
0.333	0.230	0.301	0.137
0.675	0.265	0.059	0.001
0.891	0.107	0.001	0.001
0.594	0.294	0.111	0.001
0.001	0.904	0.001	0.094
>ATCTCT	8-ATCTCT	6.177716	-12.821140	0	T:1043.0(19.24%),B:650.4(15.66%),P:1e-5	Tpos:137.6,Tstd:92.8,Bpos:142.4,Bstd:115.2,StrandBias:-0.0,Multiplicity:1.12
0.700	0.100	0.100	0.100
0.100	0.100	0.100	0.700
0.100	0.700	0.100	0.100
0.100	0.100	0.100	0.700
0.100	0.700	0.100	0.100
0.100	0.100	0.100	0.700
>ATGACTC	1-ATGACTC	5.516101	-61.652198	0	T:2808.0(51.79%),B:1689.5(40.68%),P:1e-26	Tpos:141.4,Tstd:85.7,Bpos:135.0,Bstd:99.0,StrandBias:0.0,Multiplicity:1.43
0.716	0.096	0.187	0.001
0.001	0.001	0.039	0.959
0.028	0.001	0.880	0.091
0.964	0.001	0.001	0.034
0.115	0.630	0.118	0.137
0.093	0.058	0.001	0.848
0.001	0.997	0.001	0.001
>STTAWCD	2-STTAWCD	4.555822	-41.686886	0	T:743.0(13.70%),B:334.7(8.06%),P:1e-18	Tpos:150.4,Tstd:99.7,Bpos:140.0,Bstd:113.2,StrandBias:0.1,Multiplicity:1.14
0.214	0.381	0.348	0.057
0.292	0.055	0.149	0.504
0.160	0.150	0.001	0.689
0.717	0.061	0.079	0.143
0.291	0.199	0.113	0.398
0.084	0.556	0.335	0.025
0.338	0.164	0.195	0.303
>GATTACA	3-GATTACA	7.301214	-24.741082	0	T:527.0(9.72%),B:250.4(6.03%),P:1e-10	Tpos:145.0,Tstd:94.4,Bpos:150.2,Bstd:111.5,StrandBias:-0.1,Multiplicity:1.08
0.001	0.001	0.997	0.001
0.847	0.001	0.151	0.001
0.001	0.112	0.001	0.886
0.001	0.001	0.001	0.997
0.997	0.001	0.001	0.001
0.001	0.997	0.001	0.001
0.746	0.063	0.122	0.069
>GAAACCG	4-GAAACCG	6.082375	-24.592240	0	T:1922.0(35.45%),B:1207.7(29.08%),P:1e-10	Tpos:143.8,Tstd:91.1,Bpos:142.0,Bstd:99.2,StrandBias:-0.0,Multiplicity:1.27
0.026	0.024	0.928	0.022
0.905	0.001	0.072	0.022
0.997	0.001	0.001	0.001
0.963	0.001	0.001	0.035
0.107	0.891	0.001	0.001
0.136	0.723	0.001	0.140
0.125	0.227	0.647	0.001
>TGTGGGA	5-TGTGGGA	7.113488	-22.856274	0	T:1450.0(26.74%),B:878.3(21.14%),P:1e-9	Tpos:148.4,Tstd:101.1,Bpos:144.6,Bstd:116.9,StrandBias:0.1,Multiplicity:1.20
0.001	0.001	0.001	0.997
0.219	0.124	0.536	0.121
0.001	0.001	0.001	0.997
0.001	0.001	0.997	0.001
0.001	0.001	0.997	0.001
0.001	0.142	0.856	0.001
0.997	0.001	0.001	0.001
>TGGTCAC	6-TGGTCAC	5.921039	-21.787863	0	T:701.0(12.93%),B:371.6(8.95%),P:1e-9	Tpos:145.1,Tstd:95.3,Bpos:140.9,Bstd:110.0,StrandBias:0.1,Multiplicity:1.13
0.001	0.001	0.001	0.997
0.001	0.059	0.939	0.001
0.001	0.001	0.997	0.001
0.001	0.001	0.001	0.997
0.001	0.997	0.001	0.001
0.889	0.001	0.109	0.001
0.225	0.655	0.001	0.119
>CATGAGA	7-CATGAGA	7.527882	-18.956192	0	T:857.0(15.81%),B:487.0(11.73%),P:1e-8	Tpos:152.1,Tstd:95.2,Bpos:136.7,Bstd:111.5,StrandBias:-0.1,Multiplicity:1.19
0.001	0.748	0.250	0.001
0.997	0.001	0.001	0.001
0.001	0.001	0.001	0.997
0.001	0.001	0.997	0.001
0.997	0.001	0.001	0.001
0.001	0.001	0.997	0.001
0.844	0.154	0.001	0.001
>GACGTGG	8-GACGTGG	5.503925	-10.234435	0	T:817.0(15.07%),B:508.5(12.24%),P:1e-4	Tpos:143.8,Tstd:94.8,Bpos:155.5,Bstd:100.9,StrandBias:0.1,Multiplicity:1.19
0.001	0.325	0.518	0.156
0.950	0.001	0.048	0.001
0.001	0.997	0.001	0.001
0.001	0.001	0.997	0.001
0.001	0.001	0.161	0.837
0.001	0.092	0.906	0.001
0.001	0.198	0.800	0.001
>ATGACTCA	1-ATGACTCA	6.439265	-92.895580	0	T:2331.0(42.99%),B:1234.5(29.72%),P:1e-40	Tpos:140.1,Tstd:82.0,Bpos:136.0,Bstd:95.8,StrandBias:0.0,Multiplicity:1.31
0.672	0.084	0.199	0.045
0.001	0.013	0.016	0.970
0.001	0.001	0.888	0.110
0.905	0.001	0.037	0.057
0.075	0.744	0.066	0.115
0.108	0.043	0.001	0.848
0.001	0.971	0.001	0.027
0.997	0.001	0.001	0.001
>GATAAGAT	2-GATAAGAT	7.485431	-43.886885	0	T:415.0(7.65%),B:141.5(3.41%),P:1e-19	Tpos:151.4,Tstd:100.4,Bpos:125.4,Bstd:102.9,StrandBias:0.1,Multiplicity:1.08
0.001	0.037	0.961	0.001
0.965	0.033	0.001	0.001
0.048	0.023	0.001	0.928
0.902	0.001	0.096	0.001
0.966	0.001	0.001	0.032
0.001	0.174	0.824	0.001
0.834	0.057	0.108	0.001
0.103	0.057	0.068	0.772
>GAAATCCC	3-GAAATCCC	6.136813	-31.723140	0	T:1036.0(19.11%),B:553.7(13.33%),P:1e-13	Tpos:145.3,Tstd:93.7,Bpos:144.7,Bstd:106.3,StrandBias:0.1,Multiplicity:1.17
0.057	0.035	0.879	0.029
0.688	0.023	0.001	0.288
0.962	0.001	0.001	0.036
0.863	0.065	0.031	0.041
0.001	0.127	0.001	0.871
0.031	0.915	0.053	0.001
0.075	0.923	0.001	0.001
0.037	0.961	0.001	0.001
>CGGTTTCA	4-CGGTTTCA	5.386005	-31.164349	0	T:1895.0(34.95%),B:1152.0(27.74%),P:1e-13	Tpos:142.9,Tstd:92.4,Bpos:142.8,Bstd:103.2,StrandBias:0.0,Multiplicity:1.25
0.084	0.617	0.098	0.201
0.100	0.075	0.783	0.042
0.042	0.130	0.773	0.055
0.093	0.106	0.044	0.757
0.076	0.028	0.049	0.847
0.068	0.058	0.057	0.817
0.117	0.697	0.084	0.102
0.717	0.124	0.075	0.084
>TTGGTCAC	5-TTGGTCAC	8.228380	-26.929486	0	T:341.0(6.29%),B:134.6(3.24%),P:1e-11	Tpos:146.4,Tstd:101.3,Bpos:139.3,Bstd:124.4,StrandBias:0.2,Multiplicity:1.07
0.097	0.001	0.142	0.760
0.001	0.001	0.162	0.836
0.001	0.001	0.997	0.001
0.001	0.001	0.997	0.001
0.001	0.001	0.001	0.997
0.001	0.997	0.001	0.001
0.871	0.001	0.127	0.001
0.001	0.819	0.001	0.179
>TCTCATGA	6-TCTCATGA	6.802041	-22.950603	0	T:420.0(7.75%),B:190.5(4.59%),P:1e-9	Tpos:139.9,Tstd:89.7,Bpos:133.9,Bstd:104.0,StrandBias:0.1,Multiplicity:1.12
0.001	0.001	0.001	0.997
0.001	0.882	0.116	0.001
0.001	0.001	0.036	0.962
0.001	0.871	0.127	0.001
0.866	0.001	0.132	0.001
0.001	0.001	0.001	0.997
0.001	0.001	0.997	0.001
0.856	0.001	0.001	0.142
>GTTGACCA	7-GTTGACCA	7.886964	-20.560394	0	T:104.0(1.92%),B:23.9(0.58%),P:1e-8	Tpos:128.5,Tstd:81.4,Bpos:136.0,Bstd:107.1,StrandBias:0.0,Multiplicity:1.00
0.001	0.418	0.580	0.001
0.001	0.001	0.001	0.997
0.001	0.001	0.001	0.997
0.001	0.001	0.997	0.001
0.997	0.001	0.001	0.001
0.001	0.997	0.001	0.001
0.001	0.925	0.073	0.001
0.974	0.001	0.024	0.001
>TCGCTTTC	8-TCGCTTTC	6.636822	-19.449099	0	T:729.0(13.45%),B:399.9(9.63%),P:1e-8	Tpos:150.8,Tstd:96.9,Bpos:144.9,Bstd:115.5,StrandBias:0.1,Multiplicity:1.13
0.018	0.001	0.001	0.980
0.001	0.945	0.053	0.001
0.080	0.166	0.525	0.229
0.033	0.905	0.001	0.061
0.072	0.034	0.001	0.893
0.016	0.053	0.001	0.930
0.001	0.001	0.020	0.978
0.061	0.893	0.045	0.001
>GCGTGGCC	9-GCGTGGCC	6.597088	-18.032406	0	T:769.0(14.18%),B:432.0(10.40%),P:1e-7	Tpos:137.7,Tstd:92.7,Bpos:148.2,Bstd:99.7,StrandBias:-0.1,Multiplicity:1.19
0.152	0.021	0.826	0.001
0.001	0.908	0.056	0.035
0.110	0.166	0.679	0.045
0.078	0.001	0.001	0.920
