>RTGASTCABNN	1-RTGASTCABNN	6.274751	-78.344560	0	T:2145.0(39.56%),B:1147.2(27.62%),P:1e-34	Tpos:139.4,Tstd:80.8,Bpos:136.5,Bstd:96.5,StrandBias:0.0,Multiplicity:1.25
0.325	0.223	0.382	0.070
0.024	0.007	0.002	0.967
0.019	0.087	0.794	0.100
0.795	0.031	0.147	0.027
0.105	0.424	0.305	0.165
0.120	0.094	0.046	0.740
0.068	0.796	0.098	0.038
0.882	0.075	0.014	0.029
0.116	0.259	0.261	0.364
0.267	0.224	0.281	0.228
0.248	0.327	0.201	0.224
>AATCATGGGRB	2-AATCATGGGRB	8.217903	-41.266549	0	T:214.0(3.95%),B:47.3(1.14%),P:1e-17	Tpos:147.7,Tstd:82.9,Bpos:170.8,Bstd:135.5,StrandBias:0.1,Multiplicity:1.21
0.753	0.046	0.200	0.001
0.840	0.003	0.007	0.150
0.048	0.051	0.051	0.850
0.005	0.608	0.003	0.384
0.993	0.002	0.003	0.002
0.048	0.007	0.001	0.944
0.258	0.001	0.601	0.140
0.242	0.046	0.666	0.046
0.046	0.200	0.631	0.123
0.496	0.001	0.408	0.094
0.094	0.242	0.373	0.290
>ACATGAGATTT	3-ACATGAGATTT	8.634640	-38.365126	0	T:231.0(4.26%),B:58.0(1.40%),P:1e-16	Tpos:155.8,Tstd:91.9,Bpos:122.7,Bstd:94.6,StrandBias:0.3,Multiplicity:1.11
0.729	0.054	0.048	0.169
0.107	0.661	0.166	0.066
0.850	0.036	0.043	0.071
0.059	0.018	0.036	0.887
0.018	0.054	0.910	0.018
0.893	0.018	0.065	0.024
0.033	0.036	0.889	0.042
0.813	0.036	0.109	0.042
0.089	0.090	0.054	0.767
0.042	0.132	0.078	0.748
0.030	0.042	0.066	0.862
>CTGTATTCCCA	4-CTGTATTCCCA	9.499452	-36.821449	0	T:303.0(5.59%),B:95.6(2.30%),P:1e-15	Tpos:150.6,Tstd:96.4,Bpos:147.0,Bstd:123.3,StrandBias:0.1,Multiplicity:1.05
0.001	0.881	0.057	0.061
0.027	0.001	0.001	0.971
0.028	0.001	0.857	0.114
0.002	0.028	0.056	0.914
0.547	0.065	0.387	0.001
0.349	0.028	0.029	0.594
0.044	0.248	0.083	0.625
0.010	0.690	0.001	0.299
0.025	0.667	0.001	0.307
0.001	0.997	0.001	0.001
0.886	0.001	0.001	0.112
>HYHAGACACAT	5-HYHAGACACAT	7.213415	-29.961844	0	T:63.0(1.16%),B:2.8(0.07%),P:1e-13	Tpos:163.7,Tstd:98.5,Bpos:168.7,Bstd:117.3,StrandBias:-0.7,Multiplicity:1.25
0.355	0.218	0.196	0.231
0.178	0.322	0.037	0.463
0.388	0.315	0.014	0.283
0.671	0.014	0.024	0.291
0.066	0.020	0.660	0.254
0.476	0.187	0.029	0.308
0.255	0.522	0.193	0.030
0.597	0.061	0.016	0.326
0.156	0.578	0.037	0.229
0.632	0.035	0.026	0.307
0.034	0.183	0.211	0.572
>GGAGATAATTG	6-GGAGATAATTG	10.620841	-26.811026	0	T:82.0(1.51%),B:9.6(0.23%),P:1e-11	Tpos:147.5,Tstd:72.5,Bpos:157.3,Bstd:91.7,StrandBias:0.4,Multiplicity:1.00
0.001	0.001	0.997	0.001
0.310	0.164	0.525	0.001
0.997	0.001	0.001	0.001
0.216	0.001	0.782	0.001
0.637	0.001	0.361	0.001
0.001	0.001	0.001	0.997
0.913	0.001	0.085	0.001
0.780	0.218	0.001	0.001
0.001	0.295	0.192	0.512
0.001	0.001	0.280	0.718
0.001	0.001	0.854	0.144
>TCACAATCAGA	7-TCACAATCAGA	8.861815	-26.514006	0	T:52.0(0.96%),B:1.7(0.04%),P:1e-11	Tpos:167.5,Tstd:111.6,Bpos:167.0,Bstd:15.5,StrandBias:-0.4,Multiplicity:1.04
0.200	0.172	0.007	0.621
0.172	0.774	0.052	0.002
0.603	0.185	0.005	0.207
0.254	0.545	0.071	0.130
0.939	0.016	0.023	0.022
0.489	0.200	0.127	0.184
0.224	0.165	0.099	0.512
0.019	0.744	0.009	0.228
0.797	0.001	0.002	0.200
0.007	0.049	0.751	0.193
0.499	0.261	0.047	0.193
>CTGTTCTCGTG	8-CTGTTCTCGTG	8.010391	-26.223089	0	T:315.0(5.81%),B:121.5(2.93%),P:1e-11	Tpos:145.0,Tstd:96.7,Bpos:134.4,Bstd:98.3,StrandBias:-0.1,Multiplicity:1.04
0.031	0.853	0.053	0.063
0.055	0.042	0.001	0.902
0.053	0.031	0.843	0.073
0.097	0.052	0.063	0.788
0.042	0.084	0.021	0.853
0.042	0.796	0.042	0.120
0.037	0.073	0.010	0.880
0.063	0.747	0.094	0.096
0.157	0.114	0.556	0.173
0.021	0.042	0.042	0.895
0.062	0.027	0.910	0.001
>CTGTTTCATTC	9-CTGTTTCATTC	8.920039	-26.037138	0	T:203.0(3.74%),B:62.7(1.51%),P:1e-11	Tpos:136.7,Tstd:87.4,Bpos:146.8,Bstd:105.9,StrandBias:0.4,Multiplicity:1.05
0.032	0.839	0.061	0.068
0.099	0.028	0.023	0.850
0.036	0.088	0.802	0.074
0.036	0.067	0.031	0.866
0.053	0.060	0.060	0.827
0.049	0.041	0.028	0.882
0.040	0.833	0.048	0.079
0.760	0.172	0.009	0.059
0.063	0.086	0.065	0.786
0.072	0.075	0.056	0.797
0.063	0.768	0.055	0.114
>ATGGTTTCATA	10-ATGGTTTCATA	10.543315	-25.817981	0	T:97.0(1.79%),B:15.4(0.37%),P:1e-11	Tpos:146.0,Tstd:77.6,Bpos:135.7,Bstd:86.4,StrandBias:0.1,Multiplicity:1.00
0.896	0.026	0.052	0.026
0.001	0.001	0.025	0.973
0.026	0.001	0.947	0.026
0.057	0.001	0.941	0.001
0.001	0.001	0.025	0.973
0.001	0.001	0.025	0.973
0.001	0.001	0.001	0.997
0.001	0.581	0.026	0.392
0.947	0.026	0.001	0.026
0.001	0.001	0.051	0.947
0.921	0.001	0.077	0.001
>GGTCACCAGSA	11-GGTCACCAGSA	9.984071	-24.521565	0	T:94.0(1.73%),B:15.1(0.36%),P:1e-10	Tpos:128.7,Tstd:81.4,Bpos:136.2,Bstd:89.2,StrandBias:-0.3,Multiplicity:1.00
0.164	0.001	0.771	0.064
0.122	0.001	0.876	0.001
0.001	0.001	0.067	0.931
0.055	0.696	0.139	0.110
0.821	0.055	0.001	0.123
0.001	0.931	0.067	0.001
0.001	0.997	0.001	0.001
0.931	0.001	0.001	0.067
0.068	0.110	0.821	0.001
0.001	0.566	0.432	0.001
0.661	0.001	0.001	0.337
>ATCTTATCTCT	12-ATCTTATCTCT	11.071014	-24.300220	0	T:48.0(0.89%),B:1.3(0.03%),P:1e-10	Tpos:154.4,Tstd:92.7,Bpos:192.0,Bstd:0.0,StrandBias:0.5,Multiplicity:1.00
0.633	0.122	0.041	0.204
0.040	0.040	0.001	0.919
0.040	0.919	0.040	0.001
0.001	0.040	0.001	0.958
0.001	0.001	0.001	0.997
0.856	0.062	0.081	0.001
0.001	0.001	0.040	0.958
0.001	0.958	0.040	0.001
0.001	0.001	0.001	0.997
0.001	0.958	0.001	0.040
0.040	0.001	0.001	0.958
>AGCCTGGCTAA	13-AGCCTGGCTAA	7.964355	-23.603955	0	T:267.0(4.92%),B:100.6(2.42%),P:1e-10	Tpos:154.1,Tstd:102.4,Bpos:167.4,Bstd:128.7,StrandBias:-0.1,Multiplicity:1.07
0.565	0.087	0.167	0.181
0.122	0.087	0.659	0.132
0.141	0.676	0.127	0.056
0.160	0.671	0.065	0.104
0.144	0.025	0.015	0.816
0.057	0.062	0.723	0.158
0.119	0.106	0.671	0.104
0.077	0.547	0.226	0.150
0.219	0.244	0.055	0.482
0.510	0.152	0.271	0.067
0.632	0.109	0.182	0.077
>CCCTCCAACAA	14-CCCTCCAACAA	8.864272	-22.163824	0	T:122.0(2.25%),B:29.8(0.72%),P:1e-9	Tpos:152.7,Tstd:93.2,Bpos:133.1,Bstd:120.4,StrandBias:0.1,Multiplicity:1.06
0.075	0.765	0.104	0.056
0.048	0.893	0.019	0.040
0.085	0.792	0.038	0.085
0.066	0.056	0.019	0.859
0.029	0.867	0.056	0.048
0.066	0.877	0.019	0.038
0.752	0.144	0.047	0.057
0.745	0.048	0.132	0.075
0.113	0.765	0.066	0.056
0.887	0.066	0.028	0.019
0.814	0.030	0.085	0.071
>AGGCCACATTG	15-AGGCCACATTG	9.350988	-22.099219	0	T:56.0(1.03%),B:4.7(0.11%),P:1e-9	Tpos:162.9,Tstd:108.2,Bpos:142.4,Bstd:77.9,StrandBias:0.2,Multiplicity:1.07
0.807	0.054	0.116	0.023
0.062	0.015	0.861	0.062
0.028	0.093	0.848	0.031
0.070	0.760	0.093	0.077
0.054	0.838	0.054	0.054
0.900	0.046	0.015	0.039
0.031	0.868	0.062	0.039
0.867	0.055	0.039	0.039
0.070	0.055	0.096	0.779
0.062	0.039	0.133	0.766
0.062	0.070	0.725	0.143
>GGGGAAACCCC	16-GGGGAAACCCC	6.566709	-21.236497	0	T:1227.0(22.63%),B:731.0(17.60%),P:1e-9	Tpos:142.8,Tstd:89.0,Bpos:139.8,Bstd:100.2,StrandBias:0.2,Multiplicity:1.22
0.158	0.001	0.675	0.166
0.114	0.001	0.803	0.082
0.106	0.001	0.857	0.036
0.237	0.043	0.714	0.006
0.763	0.070	0.164	0.003
0.779	0.066	0.154	0.001
0.548	0.172	0.191	0.089
0.140	0.642	0.097	0.121
0.173	0.759	0.003	0.065
0.160	0.729	0.008	0.103
0.142	0.733	0.006	0.119
>TGGAABWTTCC	17-TGGAABWTTCC	7.026310	-20.745667	0	T:256.0(4.72%),B:100.0(2.41%),P:1e-9	Tpos:138.5,Tstd:92.0,Bpos:176.7,Bstd:107.8,StrandBias:0.0,Multiplicity:1.01
0.001	0.001	0.233	0.765
0.079	0.001	0.635	0.285
0.146	0.178	0.415	0.262
0.483	0.198	0.071	0.248
0.845	0.072	0.082	0.001
0.107	0.335	0.253	0.305
0.367	0.168	0.073	0.392
0.033	0.001	0.175	0.791
0.148	0.227	0.223	0.402
0.001	0.615	0.193	0.191
0.108	0.630	0.001	0.261
>CATGACTTCTA	18-CATGACTTCTA	9.041291	-18.829815	0	T:46.0(0.85%),B:3.8(0.09%),P:1e-8	Tpos:140.5,Tstd:80.7,Bpos:166.4,Bstd:134.6,StrandBias:0.3,Multiplicity:1.00
0.049	0.772	0.113	0.066
0.790	0.086	0.028	0.096
0.047	0.001	0.067	0.885
0.047	0.067	0.839	0.047
0.808	0.066	0.057	0.069
0.057	0.808	0.096	0.039
0.047	0.038	0.028	0.887
0.057	0.105	0.076	0.762
0.038	0.837	0.039	0.086
0.047	0.066	0.047	0.840
0.791	0.058	0.047	0.104
>CTAGGACTCTG	19-CTAGGACTCTG	8.366931	-18.829815	0	T:46.0(0.85%),B:3.4(0.08%),P:1e-8	Tpos:148.6,Tstd:104.4,Bpos:93.1,Bstd:42.1,StrandBias:0.5,Multiplicity:1.00
0.106	0.516	0.146	0.232
0.154	0.220	0.083	0.543
0.652	0.010	0.157	0.181
0.202	0.001	0.595	0.202
0.191	0.151	0.575	0.083
0.620	0.152	0.067	0.161
0.176	0.605	0.091	0.128
0.114	0.016	0.003	0.867
0.026	0.689	0.169	0.116
0.114	0.015	0.006	0.865
0.097	0.154	0.540	0.209
>TAATCTCTTCC	20-TAATCTCTTCC	10.046776	-18.319142	0	T:45.0(0.83%),B:4.0(0.10%),P:1e-7	Tpos:139.0,Tstd:88.1,Bpos:206.8,Bstd:114.8,StrandBias:0.3,Multiplicity:1.02
0.106	0.140	0.001	0.753
0.739	0.130	0.001	0.130
0.579	0.131	0.132	0.158
0.067	0.154	0.001	0.778
0.001	0.746	0.071	0.182
0.134	0.132	0.001	0.733
0.001	0.997	0.001	0.001
0.001	0.001	0.001	0.997
0.001	0.001	0.210	0.788
0.110	0.888	0.001	0.001
0.131	0.867	0.001	0.001
>ACATGAAAGGG	21-ACATGAAAGGG	9.467287	-18.014236	0	T:88.0(1.62%),B:20.0(0.48%),P:1e-7	Tpos:140.0,Tstd:86.1,Bpos:166.3,Bstd:110.0,StrandBias:-0.1,Multiplicity:1.04
0.833	0.060	0.064	0.043
0.047	0.804	0.121	0.028
0.882	0.075	0.014	0.029
0.063	0.036	0.099	0.802
0.100	0.097	0.767	0.036
0.829	0.057	0.064	0.050
0.889	0.054	0.036	0.021
0.865	0.007	0.071	0.057
0.211	0.028	0.725	0.036
0.071	0.015	0.876	0.038
0.093	0.093	0.742	0.072
>CTGTAAAGAAG	22-CTGTAAAGAAG	8.778590	-17.541556	0	T:109.0(2.01%),B:29.3(0.70%),P:1e-7	Tpos:148.6,Tstd:91.2,Bpos:121.4,Bstd:90.2,StrandBias:0.2,Multiplicity:1.04
0.070	0.774	0.061	0.095
0.082	0.020	0.027	0.871
0.029	0.046	0.859	0.066
0.083	0.037	0.060	0.820
0.844	0.030	0.078	0.048
0.859	0.053	0.061	0.027
0.843	0.027	0.060	0.070
0.140	0.054	0.744	0.062
0.812	0.038	0.087	0.063
0.845	0.013	0.101	0.041
0.111	0.061	0.740	0.088
>CAGGATAAGTY	23-CAGGATAAGTY	10.090118	-10.868278	0	T:53.0(0.98%),B:12.8(0.31%),P:1e-4	Tpos:147.2,Tstd:84.7,Bpos:246.7,Bstd:259.5,StrandBias:-0.1,Multiplicity:1.00
0.235	0.701	0.063	0.001
0.970	0.001	0.001	0.028
0.115	0.001	0.856	0.028
0.057	0.001	0.941	0.001
0.855	0.029	0.058	0.058
0.178	0.058	0.133	0.631
0.856	0.001	0.115	0.028
0.941	0.001	0.001	0.057
0.001	0.001	0.997	0.001
0.028	0.001	0.001	0.970
0.230	0.414	0.092	0.264
>TAGTCTAGTCT	24-TAGTCTAGTCT	8.978449	-7.785572	0	T:38.0(0.70%),B:9.9(0.24%),P:1e-3	Tpos:142.0,Tstd:89.8,Bpos:146.6,Bstd:86.9,StrandBias:2.2,Multiplicity:2.39
0.023	0.077	0.069	0.831
0.885	0.015	0.062	0.038
0.046	0.077	0.823	0.054
0.092	0.061	0.092	0.755
0.032	0.804	0.110	0.054
0.031	0.054	0.023	0.892
0.793	0.023	0.123	0.061
0.107	0.061	0.794	0.038
0.092	0.046	0.031	0.831
0.047	0.751	0.126	0.076
0.091	0.053	0.001	0.855
>CCYCCCCCCSG	25-CCYCCCCCCSG	11.993521	-4.229130	0	T:13.0(0.24%),B:2.0(0.05%),P:1e-1	Tpos:129.6,Tstd:65.1,Bpos:187.5,Bstd:39.2,StrandBias:1.8,Multiplicity:1.00
0.049	0.729	0.001	0.221
0.001	0.949	0.001	0.049
0.134	0.445	0.001	0.420
0.210	0.788	0.001	0.001
0.001	0.997	0.001	0.001
0.001	0.997	0.001	0.001
0.001	0.997	0.001	0.001
0.001	0.997	0.001	0.001
0.049	0.895	0.055	0.001
0.001	0.433	0.432	0.134
0.001	0.416	0.582	0.001
