>ATGACTCA	1-ATGACTCA	6.439265	-92.895580	0	T:2331.0(42.99%),B:1234.5(29.72%),P:1e-40	Tpos:140.1,Tstd:82.0,Bpos:136.0,Bstd:95.8,StrandBias:0.0,Multiplicity:1.31
0.672	0.084	0.199	0.045
0.001	0.013	0.016	0.970
0.001	0.001	0.888	0.110
0.905	0.001	0.037	0.057
0.075	0.744	0.066	0.115
0.108	0.043	0.001	0.848
0.001	0.971	0.001	0.027
0.997	0.001	0.001	0.001
>GATAAGAT	2-GATAAGAT	7.485431	-43.886885	0	T:415.0(7.65%),B:141.5(3.41%),P:1e-19	Tpos:151.4,Tstd:100.4,Bpos:125.4,Bstd:102.9,StrandBias:0.1,Multiplicity:1.08
0.001	0.037	0.961	0.001
0.965	0.033	0.001	0.001
0.048	0.023	0.001	0.928
0.902	0.001	0.096	0.001
0.966	0.001	0.001	0.032
0.001	0.174	0.824	0.001
0.834	0.057	0.108	0.001
0.103	0.057	0.068	0.772
>GAAATCCC	3-GAAATCCC	6.136813	-31.723140	0	T:1036.0(19.11%),B:553.7(13.33%),P:1e-13	Tpos:145.3,Tstd:93.7,Bpos:144.7,Bstd:106.3,StrandBias:0.1,Multiplicity:1.17
0.057	0.035	0.879	0.029
0.688	0.023	0.001	0.288
0.962	0.001	0.001	0.036
0.863	0.065	0.031	0.041
0.001	0.127	0.001	0.871
0.031	0.915	0.053	0.001
0.075	0.923	0.001	0.001
0.037	0.961	0.001	0.001
>CGGTTTCA	4-CGGTTTCA	5.386005	-31.164349	0	T:1895.0(34.95%),B:1152.0(27.74%),P:1e-13	Tpos:142.9,Tstd:92.4,Bpos:142.8,Bstd:103.2,StrandBias:0.0,Multiplicity:1.25
0.084	0.617	0.098	0.201
0.100	0.075	0.783	0.042
0.042	0.130	0.773	0.055
0.093	0.106	0.044	0.757
0.076	0.028	0.049	0.847
0.068	0.058	0.057	0.817
0.117	0.697	0.084	0.102
0.717	0.124	0.075	0.084
>TTGGTCAC	5-TTGGTCAC	8.228380	-26.929486	0	T:341.0(6.29%),B:134.6(3.24%),P:1e-11	Tpos:146.4,Tstd:101.3,Bpos:139.3,Bstd:124.4,StrandBias:0.2,Multiplicity:1.07
0.097	0.001	0.142	0.760
0.001	0.001	0.162	0.836
0.001	0.001	0.997	0.001
0.001	0.001	0.997	0.001
0.001	0.001	0.001	0.997
0.001	0.997	0.001	0.001
0.871	0.001	0.127	0.001
0.001	0.819	0.001	0.179
>TCTCATGA	6-TCTCATGA	6.802041	-22.950603	0	T:420.0(7.75%),B:190.5(4.59%),P:1e-9	Tpos:139.9,Tstd:89.7,Bpos:133.9,Bstd:104.0,StrandBias:0.1,Multiplicity:1.12
0.001	0.001	0.001	0.997
0.001	0.882	0.116	0.001
0.001	0.001	0.036	0.962
0.001	0.871	0.127	0.001
0.866	0.001	0.132	0.001
0.001	0.001	0.001	0.997
0.001	0.001	0.997	0.001
0.856	0.001	0.001	0.142
>GTTGACCA	7-GTTGACCA	7.886964	-20.560394	0	T:104.0(1.92%),B:23.9(0.58%),P:1e-8	Tpos:128.5,Tstd:81.4,Bpos:136.0,Bstd:107.1,StrandBias:0.0,Multiplicity:1.00
0.001	0.418	0.580	0.001
0.001	0.001	0.001	0.997
0.001	0.001	0.001	0.997
0.001	0.001	0.997	0.001
0.997	0.001	0.001	0.001
0.001	0.997	0.001	0.001
0.001	0.925	0.073	0.001
0.974	0.001	0.024	0.001
>TCGCTTTC	8-TCGCTTTC	6.636822	-19.449099	0	T:729.0(13.45%),B:399.9(9.63%),P:1e-8	Tpos:150.8,Tstd:96.9,Bpos:144.9,Bstd:115.5,StrandBias:0.1,Multiplicity:1.13
0.018	0.001	0.001	0.980
0.001	0.945	0.053	0.001
0.080	0.166	0.525	0.229
0.033	0.905	0.001	0.061
0.072	0.034	0.001	0.893
0.016	0.053	0.001	0.930
0.001	0.001	0.020	0.978
0.061	0.893	0.045	0.001
>GCGTGGCC	9-GCGTGGCC	6.597088	-18.032406	0	T:769.0(14.18%),B:432.0(10.40%),P:1e-7	Tpos:137.7,Tstd:92.7,Bpos:148.2,Bstd:99.7,StrandBias:-0.1,Multiplicity:1.19
0.152	0.021	0.826	0.001
0.001	0.908	0.056	0.035
0.110	0.166	0.679	0.045
0.078	0.001	0.001	0.920
0.001	0.001	0.980	0.018
0.001	0.030	0.949	0.020
0.019	0.942	0.038	0.001
0.051	0.914	0.034	0.001
>GACTARAC	10-GACTARAC	8.657335	-17.373102	0	T:151.0(2.78%),B:50.1(1.21%),P:1e-7	Tpos:140.7,Tstd:90.8,Bpos:122.1,Bstd:115.3,StrandBias:-0.4,Multiplicity:1.12
0.001	0.203	0.795	0.001
0.788	0.001	0.001	0.210
0.001	0.997	0.001	0.001
0.001	0.001	0.001	0.997
0.997	0.001	0.001	0.001
0.557	0.001	0.441	0.001
0.997	0.001	0.001	0.001
0.001	0.997	0.001	0.001
>ATACCATA	11-ATACCATA	7.870574	-17.187193	0	T:238.0(4.39%),B:98.8(2.38%),P:1e-7	Tpos:155.4,Tstd:98.5,Bpos:144.6,Bstd:96.6,StrandBias:0.1,Multiplicity:1.06
0.888	0.107	0.004	0.001
0.349	0.007	0.018	0.626
0.772	0.225	0.001	0.002
0.005	0.853	0.135	0.007
0.001	0.967	0.031	0.001
0.638	0.162	0.190	0.010
0.297	0.001	0.003	0.699
0.997	0.001	0.001	0.001
>AATTGTAG	12-AATTGTAG	8.515727	-16.482989	0	T:108.0(1.99%),B:30.4(0.73%),P:1e-7	Tpos:151.7,Tstd:95.7,Bpos:171.7,Bstd:106.8,StrandBias:-0.0,Multiplicity:1.00
0.997	0.001	0.001	0.001
0.808	0.001	0.190	0.001
0.001	0.001	0.001	0.997
0.001	0.001	0.001	0.997
0.001	0.001	0.997	0.001
0.001	0.001	0.001	0.997
0.902	0.096	0.001	0.001
0.001	0.001	0.997	0.001
>TGACTAAC	13-TGACTAAC	8.812031	-16.242534	0	T:197.0(3.63%),B:78.0(1.88%),P:1e-7	Tpos:140.6,Tstd:91.5,Bpos:129.5,Bstd:93.0,StrandBias:0.2,Multiplicity:1.03
0.001	0.001	0.001	0.997
0.001	0.001	0.997	0.001
0.997	0.001	0.001	0.001
0.001	0.997	0.001	0.001
0.001	0.001	0.045	0.953
0.846	0.001	0.152	0.001
0.718	0.001	0.001	0.280
0.001	0.997	0.001	0.001
>TCCCATAA	14-TCCCATAA	8.788495	-15.885670	0	T:192.0(3.54%),B:75.9(1.83%),P:1e-6	Tpos:158.8,Tstd:97.7,Bpos:140.6,Bstd:93.8,StrandBias:0.1,Multiplicity:1.12
0.001	0.001	0.001	0.997
0.001	0.997	0.001	0.001
0.001	0.997	0.001	0.001
0.001	0.841	0.001	0.157
0.997	0.001	0.001	0.001
0.001	0.349	0.001	0.649
0.997	0.001	0.001	0.001
0.997	0.001	0.001	0.001
>GTTACTGG	15-GTTACTGG	10.075070	-13.663222	0	T:87.0(1.60%),B:24.8(0.60%),P:1e-5	Tpos:127.5,Tstd:84.5,Bpos:155.0,Bstd:65.2,StrandBias:0.2,Multiplicity:1.01
0.001	0.001	0.997	0.001
0.001	0.001	0.001	0.997
0.001	0.001	0.001	0.997
0.997	0.001	0.001	0.001
0.001	0.997	0.001	0.001
0.001	0.001	0.001	0.997
0.001	0.001	0.628	0.370
0.001	0.001	0.997	0.001
>TTCTTGTG	16-TTCTTGTG	8.236954	-13.414110	0	T:122.0(2.25%),B:42.1(1.01%),P:1e-5	Tpos:135.9,Tstd:89.4,Bpos:135.6,Bstd:85.7,StrandBias:0.1,Multiplicity:1.02
0.100	0.100	0.100	0.700
0.100	0.100	0.100	0.700
0.100	0.700	0.100	0.100
0.100	0.100	0.100	0.700
0.100	0.100	0.100	0.700
0.100	0.100	0.700	0.100
0.100	0.100	0.100	0.700
0.100	0.100	0.700	0.100
>ACATGCTT	17-ACATGCTT	9.741297	-13.129793	0	T:121.0(2.23%),B:42.2(1.02%),P:1e-5	Tpos:141.8,Tstd:84.0,Bpos:130.2,Bstd:86.0,StrandBias:-0.5,Multiplicity:1.01
0.997	0.001	0.001	0.001
0.001	0.997	0.001	0.001
0.997	0.001	0.001	0.001
0.001	0.001	0.001	0.997
0.265	0.001	0.733	0.001
0.001	0.997	0.001	0.001
0.001	0.001	0.001	0.997
0.001	0.001	0.001	0.997
>TAGTGAAT	18-TAGTGAAT	8.236954	-11.517777	0	T:68.0(1.25%),B:18.3(0.44%),P:1e-5	Tpos:130.3,Tstd:90.1,Bpos:128.2,Bstd:110.8,StrandBias:-0.2,Multiplicity:1.00
0.100	0.100	0.100	0.700
0.700	0.100	0.100	0.100
0.100	0.100	0.700	0.100
0.100	0.100	0.100	0.700
0.100	0.100	0.700	0.100
0.700	0.100	0.100	0.100
0.700	0.100	0.100	0.100
0.100	0.100	0.100	0.700
