>TGAGTCACHC	1-TGAGTCACHC	6.542424	-80.338630	0	T:2078.0(38.33%),B:1095.0(26.36%),P:1e-34	Tpos:139.5,Tstd:81.2,Bpos:134.4,Bstd:96.2,StrandBias:-0.0,Multiplicity:1.25
0.001	0.001	0.001	0.997
0.001	0.001	0.997	0.001
0.997	0.001	0.001	0.001
0.198	0.193	0.415	0.194
0.001	0.001	0.001	0.997
0.172	0.799	0.028	0.001
0.997	0.001	0.001	0.001
0.001	0.561	0.282	0.156
0.236	0.311	0.079	0.375
0.194	0.587	0.065	0.154
>ATCTTATCTC	2-ATCTTATCTC	7.259715	-48.584536	0	T:476.0(8.78%),B:165.6(3.99%),P:1e-21	Tpos:148.1,Tstd:92.1,Bpos:138.9,Bstd:110.7,StrandBias:0.0,Multiplicity:1.06
0.740	0.081	0.076	0.103
0.045	0.066	0.103	0.786
0.043	0.774	0.112	0.071
0.097	0.067	0.007	0.829
0.039	0.070	0.093	0.798
0.847	0.043	0.035	0.075
0.024	0.108	0.084	0.784
0.022	0.893	0.033	0.052
0.084	0.058	0.018	0.840
0.057	0.715	0.089	0.139
>GGRATTATAG	3-GGRATTATAG	8.840273	-35.594001	0	T:261.0(4.81%),B:76.1(1.83%),P:1e-15	Tpos:144.7,Tstd:96.1,Bpos:159.2,Bstd:105.0,StrandBias:0.0,Multiplicity:1.06
0.040	0.001	0.951	0.008
0.136	0.110	0.549	0.205
0.357	0.205	0.437	0.001
0.983	0.001	0.008	0.008
0.001	0.008	0.008	0.983
0.008	0.008	0.002	0.982
0.939	0.003	0.033	0.025
0.103	0.347	0.001	0.549
0.513	0.103	0.281	0.103
0.001	0.008	0.990	0.001
>KAARTCTCAT	4-KAARTCTCAT	9.692367	-30.413759	0	T:146.0(2.69%),B:30.0(0.72%),P:1e-13	Tpos:146.5,Tstd:108.4,Bpos:129.7,Bstd:99.8,StrandBias:-0.1,Multiplicity:1.02
0.001	0.074	0.431	0.494
0.904	0.001	0.001	0.094
0.989	0.001	0.009	0.001
0.420	0.001	0.490	0.089
0.001	0.001	0.001	0.997
0.001	0.940	0.001	0.058
0.001	0.034	0.001	0.964
0.001	0.809	0.001	0.189
0.994	0.001	0.001	0.004
0.149	0.085	0.001	0.765
>AAWGACACAT	5-AAWGACACAT	6.406161	-29.959274	0	T:1842.0(33.97%),B:1120.3(26.97%),P:1e-13	Tpos:142.9,Tstd:91.5,Bpos:153.7,Bstd:122.1,StrandBias:0.0,Multiplicity:1.24
0.466	0.101	0.194	0.239
0.601	0.183	0.184	0.032
0.465	0.001	0.046	0.488
0.059	0.001	0.895	0.045
0.558	0.171	0.018	0.253
0.112	0.669	0.178	0.041
0.834	0.013	0.001	0.152
0.058	0.814	0.012	0.116
0.891	0.023	0.003	0.083
0.029	0.069	0.300	0.602
>CATGAGAWCC	6-CATGAGAWCC	7.266306	-29.073799	0	T:170.0(3.14%),B:42.3(1.02%),P:1e-12	Tpos:146.0,Tstd:86.6,Bpos:129.0,Bstd:89.9,StrandBias:0.1,Multiplicity:1.17
0.080	0.581	0.151	0.188
0.886	0.001	0.003	0.110
0.251	0.095	0.117	0.537
0.002	0.282	0.710	0.006
0.600	0.011	0.009	0.380
0.303	0.120	0.517	0.060
0.707	0.006	0.105	0.182
0.381	0.192	0.143	0.284
0.215	0.546	0.121	0.118
0.160	0.606	0.002	0.232
>ATATGAAGGC	7-ATATGAAGGC	7.422190	-27.923504	0	T:316.0(5.83%),B:118.5(2.85%),P:1e-12	Tpos:145.0,Tstd:99.7,Bpos:161.0,Bstd:130.0,StrandBias:0.1,Multiplicity:1.03
0.806	0.068	0.061	0.065
0.094	0.078	0.175	0.653
0.820	0.046	0.067	0.067
0.072	0.031	0.099	0.798
0.086	0.072	0.820	0.022
0.812	0.059	0.066	0.063
0.888	0.018	0.076	0.018
0.146	0.031	0.786	0.037
0.027	0.102	0.784	0.087
0.053	0.842	0.060	0.045
>GCATGGCCAA	8-GCATGGCCAA	5.994016	-27.288759	0	T:1029.0(18.98%),B:566.0(13.63%),P:1e-11	Tpos:144.7,Tstd:96.4,Bpos:146.3,Bstd:103.8,StrandBias:0.0,Multiplicity:1.16
0.156	0.082	0.697	0.065
0.089	0.639	0.168	0.104
0.574	0.129	0.154	0.143
0.085	0.005	0.001	0.909
0.094	0.025	0.814	0.067
0.178	0.123	0.597	0.102
0.023	0.736	0.145	0.096
0.132	0.720	0.009	0.139
0.628	0.168	0.095	0.109
0.670	0.137	0.118	0.075
>GGGAAACCCC	9-GGGAAACCCC	7.280285	-26.136142	0	T:712.0(13.13%),B:362.6(8.73%),P:1e-11	Tpos:143.4,Tstd:87.9,Bpos:140.4,Bstd:99.8,StrandBias:0.1,Multiplicity:1.12
0.071	0.021	0.846	0.062
0.084	0.030	0.812	0.074
0.058	0.042	0.851	0.049
0.758	0.069	0.129	0.044
0.872	0.028	0.076	0.024
0.757	0.080	0.070	0.093
0.123	0.633	0.084	0.160
0.076	0.851	0.041	0.032
0.146	0.804	0.016	0.034
0.102	0.821	0.019	0.058
>GATGACGTAG	10-GATGACGTAG	9.378986	-24.643486	0	T:61.0(1.13%),B:4.7(0.11%),P:1e-10	Tpos:139.7,Tstd:78.6,Bpos:104.1,Bstd:75.1,StrandBias:0.8,Multiplicity:1.00
0.032	0.001	0.903	0.064
0.935	0.032	0.001	0.032
0.001	0.001	0.001	0.997
0.001	0.031	0.967	0.001
0.967	0.001	0.001	0.031
0.097	0.742	0.129	0.032
0.001	0.032	0.774	0.193
0.032	0.032	0.129	0.807
0.935	0.032	0.032	0.001
0.001	0.001	0.967	0.031
>ATGATTGAAT	11-ATGATTGAAT	9.277796	-21.817083	0	T:147.0(2.71%),B:41.0(0.99%),P:1e-9	Tpos:144.5,Tstd:85.4,Bpos:159.2,Bstd:105.2,StrandBias:-0.4,Multiplicity:1.06
0.945	0.001	0.053	0.001
0.001	0.001	0.011	0.987
0.239	0.001	0.759	0.001
0.951	0.012	0.001	0.036
0.001	0.029	0.045	0.925
0.023	0.001	0.001	0.975
0.045	0.281	0.637	0.037
0.972	0.001	0.001	0.026
0.877	0.048	0.001	0.074
0.001	0.011	0.001	0.987
>ATATCCCATA	12-ATATCCCATA	9.435456	-21.089615	0	T:54.0(1.00%),B:4.2(0.10%),P:1e-9	Tpos:159.2,Tstd:118.7,Bpos:105.0,Bstd:0.0,StrandBias:0.1,Multiplicity:1.02
0.902	0.065	0.032	0.001
0.001	0.032	0.032	0.935
0.955	0.012	0.032	0.001
0.001	0.065	0.032	0.902
0.001	0.997	0.001	0.001
0.029	0.905	0.001	0.065
0.032	0.935	0.001	0.032
0.934	0.064	0.001	0.001
0.012	0.098	0.065	0.825
0.739	0.065	0.065	0.131
>GTTTCTGTTM	13-GTTTCTGTTM	7.781071	-21.077025	0	T:179.0(3.30%),B:58.7(1.41%),P:1e-9	Tpos:145.2,Tstd:91.5,Bpos:148.1,Bstd:105.9,StrandBias:-0.2,Multiplicity:1.02
0.062	0.230	0.671	0.037
0.242	0.193	0.023	0.542
0.048	0.253	0.037	0.662
0.237	0.022	0.016	0.725
0.125	0.784	0.039	0.052
0.221	0.068	0.014	0.697
0.037	0.130	0.624	0.209
0.217	0.150	0.156	0.478
0.059	0.020	0.239	0.682
0.394	0.308	0.062	0.236
>ATAGGTGAAC	14-ATAGGTGAAC	9.422653	-20.885109	0	T:50.0(0.92%),B:3.9(0.09%),P:1e-9	Tpos:129.3,Tstd:79.1,Bpos:139.3,Bstd:30.6,StrandBias:-0.3,Multiplicity:1.02
0.997	0.001	0.001	0.001
0.067	0.033	0.167	0.733
0.966	0.001	0.032	0.001
0.100	0.001	0.833	0.066
0.132	0.001	0.866	0.001
0.001	0.001	0.066	0.932
0.066	0.001	0.900	0.033
0.966	0.001	0.001	0.032
0.933	0.001	0.033	0.033
0.001	0.866	0.100	0.033
>GGAGGATCAC	15-GGAGGATCAC	8.772862	-20.163576	0	T:174.0(3.21%),B:57.9(1.39%),P:1e-8	Tpos:159.1,Tstd:104.1,Bpos:139.2,Bstd:121.0,StrandBias:0.3,Multiplicity:1.02
0.001	0.001	0.997	0.001
0.042	0.001	0.936	0.021
0.619	0.108	0.021	0.252
0.093	0.001	0.905	0.001
0.001	0.001	0.978	0.020
0.950	0.007	0.001	0.042
0.043	0.008	0.040	0.909
0.021	0.878	0.080	0.021
0.929	0.007	0.063	0.001
0.001	0.894	0.063	0.042
>GTGACCAMGT	16-GTGACCAMGT	8.194299	-19.508782	0	T:108.0(1.99%),B:26.4(0.64%),P:1e-8	Tpos:144.0,Tstd:96.4,Bpos:115.1,Bstd:112.5,StrandBias:0.1,Multiplicity:1.07
0.180	0.171	0.613	0.036
0.047	0.004	0.023	0.926
0.023	0.157	0.748	0.072
0.828	0.027	0.131	0.014
0.018	0.800	0.170	0.012
0.116	0.708	0.009	0.167
0.779	0.060	0.001	0.160
0.278	0.411	0.203	0.108
0.165	0.126	0.559	0.150
0.148	0.076	0.102	0.674
>ATTGTGGCTC	17-ATTGTGGCTC	9.251826	-18.181709	0	T:113.0(2.08%),B:31.0(0.75%),P:1e-7	Tpos:143.3,Tstd:97.5,Bpos:159.8,Bstd:116.2,StrandBias:-0.3,Multiplicity:1.01
0.923	0.001	0.030	0.046
0.001	0.168	0.001	0.830
0.015	0.001	0.068	0.916
0.001	0.092	0.892	0.015
0.001	0.001	0.014	0.984
0.353	0.015	0.631	0.001
0.001	0.030	0.968	0.001
0.001	0.979	0.005	0.015
0.001	0.005	0.001	0.993
0.001	0.877	0.121	0.001
>GGGGTAACTC	18-GGGGTAACTC	8.134010	-17.862021	0	T:99.0(1.83%),B:24.3(0.58%),P:1e-7	Tpos:135.4,Tstd:84.6,Bpos:166.4,Bstd:145.7,StrandBias:-0.1,Multiplicity:1.01
0.039	0.023	0.874	0.064
0.133	0.071	0.744	0.052
0.152	0.023	0.763	0.062
0.063	0.054	0.829	0.054
0.141	0.063	0.064	0.732
0.857	0.062	0.034	0.047
0.811	0.089	0.070	0.030
0.039	0.867	0.055	0.039
0.066	0.077	0.062	0.795
0.061	0.742	0.080	0.117
>GGGTATTGGT	19-GGGTATTGGT	8.105235	-17.299309	0	T:104.0(1.92%),B:27.2(0.66%),P:1e-7	Tpos:146.8,Tstd:87.0,Bpos:172.6,Bstd:96.0,StrandBias:0.2,Multiplicity:1.02
0.077	0.026	0.777	0.120
0.045	0.006	0.887	0.062
0.057	0.145	0.694	0.104
0.094	0.025	0.052	0.829
0.700	0.120	0.078	0.102
0.100	0.091	0.093	0.716
0.115	0.006	0.083	0.796
0.038	0.044	0.870	0.048
0.032	0.047	0.883	0.038
0.082	0.044	0.013	0.861
>GATTAAATCT	20-GATTAAATCT	8.623093	-16.663707	0	T:129.0(2.38%),B:40.0(0.96%),P:1e-7	Tpos:137.5,Tstd:91.1,Bpos:141.3,Bstd:111.1,StrandBias:-0.0,Multiplicity:1.03
0.001	0.001	0.997	0.001
0.691	0.001	0.137	0.171
0.115	0.069	0.023	0.793
0.104	0.047	0.188	0.661
0.665	0.001	0.001	0.333
0.539	0.152	0.092	0.217
0.997	0.001	0.001	0.001
0.001	0.258	0.001	0.740
0.058	0.933	0.001	0.008
0.367	0.010	0.023	0.600
>MCAATCACGT	21-MCAATCACGT	8.116307	-16.405274	0	T:114.0(2.10%),B:33.2(0.80%),P:1e-7	Tpos:144.5,Tstd:97.8,Bpos:123.0,Bstd:82.9,StrandBias:0.1,Multiplicity:1.03
0.412	0.531	0.056	0.001
0.001	0.652	0.344	0.003
0.994	0.004	0.001	0.001
0.788	0.113	0.064	0.035
0.058	0.001	0.134	0.807
0.001	0.913	0.031	0.055
0.877	0.120	0.001	0.002
0.054	0.587	0.001	0.358
0.044	0.326	0.575	0.055
0.056	0.109	0.323	0.512
>TATATTGTAC	22-TATATTGTAC	8.363635	-16.057997	0	T:47.0(0.87%),B:6.0(0.14%),P:1e-6	Tpos:133.5,Tstd:81.2,Bpos:136.6,Bstd:71.4,StrandBias:0.3,Multiplicity:1.07
0.156	0.003	0.001	0.840
0.592	0.174	0.001	0.233
0.158	0.185	0.001	0.656
0.696	0.044	0.244	0.016
0.001	0.278	0.001	0.720
0.250	0.001	0.220	0.529
0.202	0.193	0.604	0.001
0.001	0.001	0.001	0.997
0.677	0.075	0.247	0.001
0.116	0.518	0.248	0.118
>AAGACGTGCC	23-AAGACGTGCC	8.022080	-15.159361	0	T:104.0(1.92%),B:30.7(0.74%),P:1e-6	Tpos:132.5,Tstd:91.1,Bpos:177.4,Bstd:129.7,StrandBias:-0.3,Multiplicity:1.02
0.857	0.099	0.033	0.011
0.801	0.059	0.086	0.054
0.075	0.108	0.785	0.032
0.839	0.021	0.065	0.075
0.048	0.773	0.059	0.120
0.150	0.068	0.770	0.012
0.078	0.054	0.032	0.836
0.064	0.044	0.849	0.043
0.065	0.756	0.119	0.060
0.151	0.751	0.001	0.097
>TAGTCTAGTC	24-TAGTCTAGTC	7.261819	-10.347011	0	T:170.0(3.14%),B:76.4(1.84%),P:1e-4	Tpos:153.1,Tstd:88.4,Bpos:139.1,Bstd:86.9,StrandBias:0.3,Multiplicity:1.27
0.045	0.111	0.057	0.787
0.846	0.011	0.097	0.046
0.050	0.068	0.805	0.077
0.113	0.073	0.069	0.745
0.062	0.796	0.068	0.074
0.039	0.068	0.023	0.870
0.758	0.043	0.112	0.087
0.064	0.054	0.814	0.068
0.087	0.059	0.043	0.811
0.046	0.778	0.112	0.064
>CCCCCCCCCC	25-CCCCCCCCCC	8.555893	-2.426427	0	T:23.0(0.42%),B:10.3(0.25%),P:1e-1	Tpos:146.6,Tstd:88.6,Bpos:154.8,Bstd:55.0,StrandBias:1.6,Multiplicity:1.00
0.001	0.955	0.043	0.001
0.001	0.997	0.001	0.001
0.001	0.997	0.001	0.001
0.001	0.997	0.001	0.001
0.001	0.997	0.001	0.001
0.001	0.997	0.001	0.001
0.001	0.997	0.001	0.001
0.001	0.997	0.001	0.001
0.001	0.856	0.142	0.001
0.001	0.829	0.142	0.028
