>ATGACTC	1-ATGACTC	5.516101	-61.652198	0	T:2808.0(51.79%),B:1689.5(40.68%),P:1e-26	Tpos:141.4,Tstd:85.7,Bpos:135.0,Bstd:99.0,StrandBias:0.0,Multiplicity:1.43
0.716	0.096	0.187	0.001
0.001	0.001	0.039	0.959
0.028	0.001	0.880	0.091
0.964	0.001	0.001	0.034
0.115	0.630	0.118	0.137
0.093	0.058	0.001	0.848
0.001	0.997	0.001	0.001
>STTAWCD	2-STTAWCD	4.555822	-41.686886	0	T:743.0(13.70%),B:334.7(8.06%),P:1e-18	Tpos:150.4,Tstd:99.7,Bpos:140.0,Bstd:113.2,StrandBias:0.1,Multiplicity:1.14
0.214	0.381	0.348	0.057
0.292	0.055	0.149	0.504
0.160	0.150	0.001	0.689
0.717	0.061	0.079	0.143
0.291	0.199	0.113	0.398
0.084	0.556	0.335	0.025
0.338	0.164	0.195	0.303
>GATTACA	3-GATTACA	7.301214	-24.741082	0	T:527.0(9.72%),B:250.4(6.03%),P:1e-10	Tpos:145.0,Tstd:94.4,Bpos:150.2,Bstd:111.5,StrandBias:-0.1,Multiplicity:1.08
0.001	0.001	0.997	0.001
0.847	0.001	0.151	0.001
0.001	0.112	0.001	0.886
0.001	0.001	0.001	0.997
0.997	0.001	0.001	0.001
0.001	0.997	0.001	0.001
0.746	0.063	0.122	0.069
>GAAACCG	4-GAAACCG	6.082375	-24.592240	0	T:1922.0(35.45%),B:1207.7(29.08%),P:1e-10	Tpos:143.8,Tstd:91.1,Bpos:142.0,Bstd:99.2,StrandBias:-0.0,Multiplicity:1.27
0.026	0.024	0.928	0.022
0.905	0.001	0.072	0.022
0.997	0.001	0.001	0.001
0.963	0.001	0.001	0.035
0.107	0.891	0.001	0.001
0.136	0.723	0.001	0.140
0.125	0.227	0.647	0.001
>TGTGGGA	5-TGTGGGA	7.113488	-22.856274	0	T:1450.0(26.74%),B:878.3(21.14%),P:1e-9	Tpos:148.4,Tstd:101.1,Bpos:144.6,Bstd:116.9,StrandBias:0.1,Multiplicity:1.20
0.001	0.001	0.001	0.997
0.219	0.124	0.536	0.121
0.001	0.001	0.001	0.997
0.001	0.001	0.997	0.001
0.001	0.001	0.997	0.001
0.001	0.142	0.856	0.001
0.997	0.001	0.001	0.001
>TGGTCAC	6-TGGTCAC	5.921039	-21.787863	0	T:701.0(12.93%),B:371.6(8.95%),P:1e-9	Tpos:145.1,Tstd:95.3,Bpos:140.9,Bstd:110.0,StrandBias:0.1,Multiplicity:1.13
0.001	0.001	0.001	0.997
0.001	0.059	0.939	0.001
0.001	0.001	0.997	0.001
0.001	0.001	0.001	0.997
0.001	0.997	0.001	0.001
0.889	0.001	0.109	0.001
0.225	0.655	0.001	0.119
>CATGAGA	7-CATGAGA	7.527882	-18.956192	0	T:857.0(15.81%),B:487.0(11.73%),P:1e-8	Tpos:152.1,Tstd:95.2,Bpos:136.7,Bstd:111.5,StrandBias:-0.1,Multiplicity:1.19
0.001	0.748	0.250	0.001
0.997	0.001	0.001	0.001
0.001	0.001	0.001	0.997
0.001	0.001	0.997	0.001
0.997	0.001	0.001	0.001
0.001	0.001	0.997	0.001
0.844	0.154	0.001	0.001
>GACGTGG	8-GACGTGG	5.503925	-10.234435	0	T:817.0(15.07%),B:508.5(12.24%),P:1e-4	Tpos:143.8,Tstd:94.8,Bpos:155.5,Bstd:100.9,StrandBias:0.1,Multiplicity:1.19
0.001	0.325	0.518	0.156
0.950	0.001	0.048	0.001
0.001	0.997	0.001	0.001
0.001	0.001	0.997	0.001
0.001	0.001	0.161	0.837
0.001	0.092	0.906	0.001
0.001	0.198	0.800	0.001
