>TTCACACCT	1-TTCACACCT	7.574143	-73.501367	0	T:210.0(8.92%),B:246.9(3.57%),P:1e-31	Tpos:150.7,Tstd:93.1,Bpos:149.1,Bstd:95.5,StrandBias:-0.0,Multiplicity:1.14
0.075	0.084	0.035	0.806
0.120	0.001	0.001	0.878
0.022	0.858	0.119	0.001
0.994	0.001	0.004	0.001
0.001	0.997	0.001	0.001
0.997	0.001	0.001	0.001
0.001	0.997	0.001	0.001
0.103	0.732	0.001	0.164
0.070	0.034	0.001	0.895
>GAGTTCCGG	2-GAGTTCCGG	10.690250	-44.428800	0	T:15.0(0.64%),B:1.4(0.02%),P:1e-19	Tpos:184.4,Tstd:128.0,Bpos:122.0,Bstd:0.0,StrandBias:-0.7,Multiplicity:1.07
0.001	0.001	0.997	0.001
0.997	0.001	0.001	0.001
0.001	0.001	0.997	0.001
0.179	0.001	0.001	0.819
0.001	0.001	0.001	0.997
0.001	0.997	0.001	0.001
0.001	0.997	0.001	0.001
0.001	0.001	0.997	0.001
0.001	0.001	0.956	0.042
>GTGCCAGAC	3-GTGCCAGAC	6.423656	-41.010219	0	T:343.0(14.57%),B:623.6(9.01%),P:1e-17	Tpos:155.4,Tstd:105.1,Bpos:147.2,Bstd:118.0,StrandBias:-0.2,Multiplicity:1.12
0.117	0.102	0.713	0.068
0.053	0.060	0.061	0.826
0.084	0.042	0.811	0.063
0.141	0.639	0.026	0.194
0.120	0.670	0.122	0.088
0.837	0.098	0.034	0.031
0.027	0.069	0.820	0.084
0.798	0.059	0.082	0.061
0.033	0.890	0.035	0.042
>TGACTMATN	4-TGACTMATN	6.229750	-35.953556	0	T:270.0(11.47%),B:474.8(6.86%),P:1e-15	Tpos:152.6,Tstd:98.2,Bpos:145.9,Bstd:92.3,StrandBias:0.0,Multiplicity:1.16
0.130	0.094	0.056	0.720
0.049	0.116	0.754	0.081
0.487	0.122	0.217	0.173
0.001	0.460	0.270	0.269
0.116	0.015	0.233	0.636
0.416	0.505	0.050	0.029
0.849	0.105	0.030	0.016
0.136	0.130	0.044	0.690
0.304	0.231	0.262	0.204
>AATTATTAG	5-AATTATTAG	6.485819	-33.924282	0	T:166.0(7.05%),B:251.4(3.63%),P:1e-14	Tpos:166.3,Tstd:125.8,Bpos:152.4,Bstd:94.8,StrandBias:-0.1,Multiplicity:1.11
0.718	0.075	0.059	0.148
0.758	0.026	0.150	0.066
0.041	0.096	0.052	0.811
0.153	0.102	0.019	0.726
0.860	0.059	0.059	0.022
0.123	0.033	0.055	0.789
0.046	0.068	0.075	0.811
0.824	0.061	0.051	0.064
0.087	0.103	0.709	0.101
>AGTAACGCC	6-AGTAACGCC	10.083871	-32.406296	0	T:21.0(0.89%),B:6.7(0.10%),P:1e-14	Tpos:135.5,Tstd:46.3,Bpos:191.1,Bstd:65.6,StrandBias:-0.1,Multiplicity:1.00
0.641	0.001	0.001	0.357
0.001	0.357	0.641	0.001
0.001	0.001	0.001	0.997
0.997	0.001	0.001	0.001
0.997	0.001	0.001	0.001
0.001	0.997	0.001	0.001
0.268	0.001	0.730	0.001
0.001	0.997	0.001	0.001
0.001	0.997	0.001	0.001
>GAGACCCTT	7-GAGACCCTT	9.873847	-31.263007	0	T:69.0(2.93%),B:70.2(1.02%),P:1e-13	Tpos:152.1,Tstd:93.3,Bpos:147.8,Bstd:129.0,StrandBias:-0.3,Multiplicity:1.00
0.001	0.001	0.997	0.001
0.997	0.001	0.001	0.001
0.001	0.001	0.997	0.001
0.693	0.305	0.001	0.001
0.001	0.997	0.001	0.001
0.001	0.997	0.001	0.001
0.001	0.997	0.001	0.001
0.001	0.001	0.001	0.997
0.001	0.248	0.001	0.750
>TCTCGACTC	8-TCTCGACTC	8.779918	-30.392945	0	T:39.0(1.66%),B:26.6(0.38%),P:1e-13	Tpos:136.8,Tstd:85.2,Bpos:157.2,Bstd:134.3,StrandBias:0.1,Multiplicity:1.03
0.001	0.181	0.001	0.817
0.021	0.977	0.001	0.001
0.001	0.001	0.001	0.997
0.001	0.913	0.001	0.085
0.001	0.001	0.997	0.001
0.905	0.093	0.001	0.001
0.001	0.977	0.021	0.001
0.121	0.300	0.001	0.578
0.047	0.652	0.300	0.001
>AGAGGCGAT	9-AGAGGCGAT	9.408675	-28.582188	0	T:15.0(0.64%),B:3.2(0.05%),P:1e-12	Tpos:162.1,Tstd:85.2,Bpos:119.5,Bstd:109.5,StrandBias:1.0,Multiplicity:1.00
0.883	0.058	0.001	0.058
0.001	0.001	0.997	0.001
0.997	0.001	0.001	0.001
0.001	0.057	0.941	0.001
0.001	0.057	0.941	0.001
0.001	0.997	0.001	0.001
0.001	0.001	0.997	0.001
0.997	0.001	0.001	0.001
0.001	0.001	0.001	0.997
>CCGTCGSTG	10-CCGTCGSTG	9.784645	-27.470996	0	T:29.0(1.23%),B:16.5(0.24%),P:1e-11	Tpos:142.8,Tstd:78.6,Bpos:193.6,Bstd:117.6,StrandBias:0.1,Multiplicity:1.00
0.001	0.997	0.001	0.001
0.001	0.997	0.001	0.001
0.001	0.001	0.997	0.001
0.313	0.001	0.001	0.685
0.001	0.997	0.001	0.001
0.001	0.001	0.997	0.001
0.001	0.430	0.468	0.101
0.001	0.001	0.001	0.997
0.001	0.001	0.997	0.001
>CTCGCADGC	11-CTCGCADGC	9.093691	-27.185683	0	T:55.0(2.34%),B:53.3(0.77%),P:1e-11	Tpos:143.7,Tstd:90.2,Bpos:149.6,Bstd:106.1,StrandBias:0.0,Multiplicity:1.02
0.202	0.745	0.052	0.001
0.070	0.001	0.001	0.928
0.352	0.646	0.001	0.001
0.001	0.001	0.997	0.001
0.001	0.997	0.001	0.001
0.655	0.343	0.001	0.001
0.296	0.001	0.356	0.347
0.001	0.349	0.649	0.001
0.001	0.964	0.001	0.034
>GAGAGCGAC	12-GAGAGCGAC	10.995925	-23.256283	0	T:13.0(0.55%),B:3.0(0.04%),P:1e-10	Tpos:142.7,Tstd:92.6,Bpos:109.5,Bstd:74.8,StrandBias:0.2,Multiplicity:1.00
0.001	0.001	0.997	0.001
0.997	0.001	0.001	0.001
0.001	0.001	0.997	0.001
0.997	0.001	0.001	0.001
0.001	0.243	0.755	0.001
0.001	0.997	0.001	0.001
0.001	0.001	0.997	0.001
0.956	0.001	0.001	0.042
0.001	0.997	0.001	0.001
>GTCTTAACA	13-GTCTTAACA	9.266574	-22.377319	0	T:11.0(0.47%),B:2.6(0.04%),P:1e-9	Tpos:243.2,Tstd:265.2,Bpos:194.8,Bstd:19.4,StrandBias:0.3,Multiplicity:1.00
0.100	0.100	0.700	0.100
0.100	0.100	0.100	0.700
0.100	0.700	0.100	0.100
0.100	0.100	0.100	0.700
0.100	0.100	0.100	0.700
0.700	0.100	0.100	0.100
0.700	0.100	0.100	0.100
0.100	0.700	0.100	0.100
0.700	0.100	0.100	0.100
>TTGCGGTTT	14-TTGCGGTTT	9.652899	-20.701434	0	T:12.0(0.51%),B:3.4(0.05%),P:1e-8	Tpos:106.5,Tstd:57.7,Bpos:239.8,Bstd:159.9,StrandBias:0.5,Multiplicity:1.00
0.001	0.001	0.001	0.997
0.001	0.001	0.001	0.997
0.001	0.001	0.997	0.001
0.001	0.997	0.001	0.001
0.001	0.001	0.997	0.001
0.001	0.001	0.997	0.001
0.065	0.001	0.001	0.933
0.065	0.001	0.001	0.933
0.001	0.001	0.001	0.997
>AGGCCCGTC	15-AGGCCCGTC	10.601103	-20.701434	0	T:12.0(0.51%),B:3.8(0.05%),P:1e-8	Tpos:158.0,Tstd:74.7,Bpos:225.0,Bstd:160.6,StrandBias:-0.5,Multiplicity:1.00
0.997	0.001	0.001	0.001
0.001	0.001	0.997	0.001
0.001	0.001	0.997	0.001
0.001	0.997	0.001	0.001
0.001	0.841	0.001	0.157
0.001	0.997	0.001	0.001
0.001	0.001	0.997	0.001
0.001	0.001	0.001	0.997
0.001	0.997	0.001	0.001
>CGGACCCCC	16-CGGACCCCC	11.394182	-20.612276	0	T:24.0(1.02%),B:15.0(0.22%),P:1e-8	Tpos:171.5,Tstd:114.8,Bpos:124.0,Bstd:50.1,StrandBias:-0.9,Multiplicity:1.08
0.001	0.997	0.001	0.001
0.001	0.001	0.997	0.001
0.001	0.001	0.997	0.001
0.997	0.001	0.001	0.001
0.001	0.997	0.001	0.001
0.001	0.997	0.001	0.001
0.001	0.997	0.001	0.001
0.347	0.651	0.001	0.001
0.001	0.997	0.001	0.001
>CTACACTAC	17-CTACACTAC	9.367398	-20.571000	0	T:30.0(1.27%),B:23.4(0.34%),P:1e-8	Tpos:164.0,Tstd:81.9,Bpos:155.4,Bstd:75.3,StrandBias:0.0,Multiplicity:1.20
0.001	0.997	0.001	0.001
0.001	0.001	0.029	0.969
0.917	0.081	0.001	0.001
0.001	0.997	0.001	0.001
0.815	0.183	0.001	0.001
0.001	0.997	0.001	0.001
0.124	0.001	0.001	0.874
0.808	0.001	0.190	0.001
0.001	0.997	0.001	0.001
>SKSGCGNCG	18-SKSGCGNCG	5.989146	-20.330510	0	T:231.0(9.81%),B:454.7(6.57%),P:1e-8	Tpos:134.6,Tstd:90.2,Bpos:144.1,Bstd:154.4,StrandBias:0.2,Multiplicity:1.26
0.001	0.475	0.397	0.128
0.001	0.001	0.555	0.443
0.001	0.435	0.552	0.012
0.044	0.279	0.443	0.234
0.207	0.486	0.285	0.022
0.001	0.001	0.778	0.220
0.262	0.322	0.199	0.217
0.012	0.487	0.307	0.194
0.001	0.244	0.754	0.001
>GATGTGGAC	19-GATGTGGAC	9.234614	-19.180793	0	T:18.0(0.76%),B:9.9(0.14%),P:1e-8	Tpos:139.0,Tstd:62.8,Bpos:144.6,Bstd:126.1,StrandBias:1.8,Multiplicity:1.28
0.001	0.001	0.997	0.001
0.997	0.001	0.001	0.001
0.001	0.111	0.001	0.887
0.001	0.001	0.997	0.001
0.001	0.001	0.001	0.997
0.282	0.045	0.672	0.001
0.001	0.001	0.997	0.001
0.997	0.001	0.001	0.001
0.001	0.997	0.001	0.001
>CTCACGGCC	20-CTCACGGCC	8.182480	-16.282586	0	T:30.0(1.27%),B:28.9(0.42%),P:1e-7	Tpos:150.4,Tstd:87.5,Bpos:130.1,Bstd:127.5,StrandBias:1.1,Multiplicity:1.41
0.001	0.997	0.001	0.001
0.001	0.001	0.001	0.997
0.001	0.997	0.001	0.001
0.997	0.001	0.001	0.001
0.001	0.695	0.001	0.303
0.001	0.001	0.997	0.001
0.001	0.001	0.997	0.001
0.046	0.952	0.001	0.001
0.001	0.997	0.001	0.001
>GCATTACAG	21-GCATTACAG	9.266574	-15.836763	0	T:10.0(0.42%),B:3.4(0.05%),P:1e-6	Tpos:115.1,Tstd:96.5,Bpos:174.1,Bstd:87.8,StrandBias:-0.6,Multiplicity:1.00
0.100	0.100	0.700	0.100
0.100	0.700	0.100	0.100
0.700	0.100	0.100	0.100
0.100	0.100	0.100	0.700
0.100	0.100	0.100	0.700
0.700	0.100	0.100	0.100
0.100	0.700	0.100	0.100
0.700	0.100	0.100	0.100
0.100	0.100	0.700	0.100
>TAACACCTC	22-TAACACCTC	9.622394	-12.723340	0	T:15.0(0.64%),B:10.3(0.15%),P:1e-5	Tpos:138.9,Tstd:74.7,Bpos:203.0,Bstd:76.2,StrandBias:1.6,Multiplicity:1.00
0.001	0.001	0.001	0.997
0.997	0.001	0.001	0.001
0.997	0.001	0.001	0.001
0.001	0.997	0.001	0.001
0.997	0.001	0.001	0.001
0.001	0.997	0.001	0.001
0.001	0.939	0.059	0.001
0.001	0.001	0.001	0.997
0.001	0.997	0.001	0.001
>CCGAGGGAC	23-CCGAGGGAC	9.266574	-11.771927	0	T:12.0(0.51%),B:7.4(0.11%),P:1e-5	Tpos:121.8,Tstd:121.8,Bpos:195.7,Bstd:54.6,StrandBias:-1.3,Multiplicity:1.42
0.100	0.700	0.100	0.100
0.100	0.700	0.100	0.100
0.100	0.100	0.700	0.100
0.700	0.100	0.100	0.100
0.100	0.100	0.700	0.100
0.100	0.100	0.700	0.100
0.100	0.100	0.700	0.100
0.700	0.100	0.100	0.100
0.100	0.700	0.100	0.100
>CAGACAAAA	24-CAGACAAAA	10.150027	-9.777858	0	T:20.0(0.85%),B:21.8(0.32%),P:1e-4	Tpos:125.4,Tstd:73.2,Bpos:176.2,Bstd:81.5,StrandBias:-0.9,Multiplicity:1.37
0.001	0.997	0.001	0.001
0.997	0.001	0.001	0.001
0.001	0.001	0.997	0.001
0.997	0.001	0.001	0.001
0.001	0.997	0.001	0.001
0.997	0.001	0.001	0.001
0.997	0.001	0.001	0.001
0.997	0.001	0.001	0.001
0.898	0.100	0.001	0.001
>TATATATAT	25-TATATATAT	7.463399	-2.949924	0	T:82.0(3.48%),B:200.1(2.89%),P:1e-1	Tpos:164.7,Tstd:97.3,Bpos:161.0,Bstd:111.1,StrandBias:-0.0,Multiplicity:2.48
0.001	0.341	0.001	0.657
0.766	0.001	0.232	0.001
0.001	0.165	0.001	0.833
0.671	0.001	0.327	0.001
0.001	0.241	0.027	0.731
0.684	0.001	0.314	0.001
0.001	0.228	0.001	0.770
0.790	0.001	0.208	0.001
0.001	0.355	0.001	0.643
