>GTCTGRCACCT	1-GTCTGRCACCT	9.394587	-78.033871	0	T:83.0(3.53%),B:44.4(0.64%),P:1e-33	Tpos:152.0,Tstd:83.5,Bpos:133.0,Bstd:104.7,StrandBias:0.0,Multiplicity:1.02
0.001	0.001	0.997	0.001
0.063	0.063	0.001	0.873
0.001	0.929	0.001	0.069
0.001	0.001	0.001	0.997
0.001	0.018	0.918	0.063
0.340	0.001	0.445	0.215
0.001	0.870	0.128	0.001
0.936	0.001	0.062	0.001
0.001	0.674	0.194	0.131
0.132	0.549	0.192	0.127
0.131	0.063	0.001	0.805
>BCBDCCSCGCV	2-BCBDCCSCGCV	7.165469	-68.426666	0	T:21.0(0.89%),B:0.9(0.01%),P:1e-29	Tpos:133.4,Tstd:70.6,Bpos:107.0,Bstd:0.0,StrandBias:-0.2,Multiplicity:1.00
0.037	0.285	0.278	0.401
0.030	0.444	0.265	0.261
0.021	0.341	0.350	0.288
0.308	0.032	0.304	0.356
0.010	0.736	0.245	0.009
0.120	0.557	0.052	0.271
0.172	0.380	0.389	0.059
0.139	0.790	0.032	0.039
0.064	0.226	0.611	0.099
0.053	0.564	0.335	0.048
0.252	0.291	0.384	0.072
>CGGCCCYGCGV	3-CGGCCCYGCGV	7.998887	-58.110875	0	T:31.0(1.32%),B:6.2(0.09%),P:1e-25	Tpos:160.8,Tstd:115.3,Bpos:229.6,Bstd:104.0,StrandBias:0.8,Multiplicity:1.06
0.117	0.525	0.244	0.114
0.130	0.170	0.539	0.161
0.106	0.099	0.688	0.107
0.104	0.567	0.278	0.051
0.044	0.641	0.179	0.136
0.061	0.676	0.138	0.125
0.075	0.367	0.201	0.357
0.051	0.216	0.653	0.080
0.081	0.621	0.237	0.061
0.195	0.142	0.615	0.048
0.340	0.228	0.311	0.120
>CGRCGGCGACA	4-CGRCGGCGACA	10.146404	-54.192267	0	T:21.0(0.89%),B:2.6(0.04%),P:1e-23	Tpos:120.8,Tstd:84.1,Bpos:98.0,Bstd:24.0,StrandBias:0.7,Multiplicity:1.00
0.001	0.744	0.025	0.230
0.113	0.001	0.773	0.113
0.406	0.137	0.456	0.001
0.001	0.885	0.113	0.001
0.169	0.113	0.717	0.001
0.001	0.001	0.997	0.001
0.113	0.769	0.117	0.001
0.003	0.113	0.883	0.001
0.861	0.137	0.001	0.001
0.001	0.997	0.001	0.001
0.969	0.003	0.027	0.001
>GGCCCBGCACG	5-GGCCCBGCACG	9.473043	-47.363331	0	T:19.0(0.81%),B:2.9(0.04%),P:1e-20	Tpos:174.9,Tstd:102.1,Bpos:106.7,Bstd:72.2,StrandBias:-0.5,Multiplicity:1.00
0.143	0.098	0.595	0.164
0.001	0.341	0.649	0.009
0.106	0.458	0.284	0.151
0.001	0.845	0.110	0.044
0.009	0.831	0.107	0.053
0.160	0.206	0.311	0.324
0.009	0.293	0.662	0.036
0.106	0.591	0.285	0.018
0.814	0.062	0.009	0.115
0.053	0.578	0.298	0.071
0.009	0.055	0.830	0.106
>TTTCACACATT	6-TTTCACACATT	11.112692	-43.759913	0	T:24.0(1.02%),B:5.9(0.09%),P:1e-19	Tpos:165.4,Tstd:75.3,Bpos:94.1,Bstd:65.1,StrandBias:-0.1,Multiplicity:1.04
0.001	0.001	0.101	0.897
0.001	0.129	0.045	0.825
0.102	0.102	0.102	0.694
0.101	0.897	0.001	0.001
0.997	0.001	0.001	0.001
0.001	0.997	0.001	0.001
0.997	0.001	0.001	0.001
0.101	0.897	0.001	0.001
0.889	0.106	0.001	0.004
0.001	0.001	0.101	0.897
0.101	0.001	0.001	0.897
>GTCCCTGATGG	7-GTCCCTGATGG	11.800667	-41.101313	0	T:23.0(0.98%),B:5.7(0.08%),P:1e-17	Tpos:172.1,Tstd:120.6,Bpos:177.9,Bstd:99.0,StrandBias:-0.6,Multiplicity:1.00
0.001	0.079	0.919	0.001
0.001	0.079	0.001	0.919
0.001	0.919	0.001	0.079
0.079	0.919	0.001	0.001
0.001	0.919	0.079	0.001
0.079	0.001	0.001	0.919
0.001	0.001	0.997	0.001
0.919	0.001	0.001	0.079
0.080	0.001	0.080	0.839
0.001	0.001	0.997	0.001
0.197	0.001	0.801	0.001
>TCCCGACCGGT	8-TCCCGACCGGT	9.520531	-40.296515	0	T:34.0(1.44%),B:14.4(0.21%),P:1e-17	Tpos:142.2,Tstd:105.4,Bpos:156.1,Bstd:118.4,StrandBias:0.9,Multiplicity:1.00
0.001	0.031	0.063	0.905
0.001	0.967	0.031	0.001
0.001	0.937	0.031	0.031
0.063	0.842	0.063	0.032
0.032	0.145	0.791	0.032
0.682	0.004	0.282	0.032
0.031	0.811	0.157	0.001
0.063	0.680	0.036	0.221
0.095	0.036	0.833	0.036
0.032	0.158	0.715	0.095
0.031	0.109	0.001	0.859
>CCGAGGCGGAA	9-CCGAGGCGGAA	10.656255	-37.514071	0	T:16.0(0.68%),B:2.7(0.04%),P:1e-16	Tpos:163.7,Tstd:74.5,Bpos:185.5,Bstd:53.8,StrandBias:0.7,Multiplicity:1.00
0.003	0.995	0.001	0.001
0.205	0.620	0.093	0.082
0.014	0.011	0.974	0.001
0.817	0.094	0.001	0.088
0.163	0.081	0.755	0.001
0.001	0.003	0.908	0.088
0.081	0.826	0.001	0.092
0.164	0.093	0.739	0.004
0.001	0.001	0.997	0.001
0.623	0.082	0.093	0.202
0.740	0.163	0.086	0.011
>GGCGCCGGGTG	10-GGCGCCGGGTG	10.871498	-37.240952	0	T:45.0(1.91%),B:28.5(0.41%),P:1e-16	Tpos:137.9,Tstd:111.7,Bpos:172.1,Bstd:136.1,StrandBias:0.1,Multiplicity:1.04
0.036	0.036	0.892	0.036
0.036	0.036	0.927	0.001
0.001	0.891	0.072	0.036
0.001	0.036	0.908	0.055
0.001	0.845	0.153	0.001
0.036	0.892	0.036	0.036
0.036	0.001	0.927	0.036
0.035	0.001	0.963	0.001
0.036	0.020	0.943	0.001
0.001	0.153	0.001	0.845
0.035	0.001	0.963	0.001
>GACTCAYAATC	11-GACTCAYAATC	9.364306	-34.348068	0	T:15.0(0.64%),B:2.6(0.04%),P:1e-14	Tpos:130.9,Tstd:69.4,Bpos:229.7,Bstd:95.5,StrandBias:0.6,Multiplicity:1.00
0.044	0.062	0.833	0.061
0.544	0.291	0.042	0.123
0.301	0.597	0.041	0.061
0.061	0.021	0.001	0.917
0.360	0.558	0.021	0.061
0.916	0.001	0.022	0.061
0.082	0.341	0.122	0.454
0.604	0.172	0.041	0.183
0.422	0.122	0.233	0.223
0.102	0.042	0.042	0.814
0.041	0.578	0.071	0.310
>ACACCTTACCG	12-ACACCTTACCG	9.103302	-34.166311	0	T:17.0(0.72%),B:3.6(0.05%),P:1e-14	Tpos:144.3,Tstd:108.9,Bpos:110.4,Bstd:72.0,StrandBias:-1.2,Multiplicity:1.53
0.724	0.050	0.125	0.101
0.095	0.794	0.072	0.039
0.732	0.093	0.082	0.093
0.066	0.802	0.062	0.070
0.080	0.772	0.070	0.078
0.067	0.090	0.047	0.796
0.051	0.175	0.148	0.626
0.639	0.136	0.115	0.110
0.074	0.753	0.099	0.074
0.116	0.697	0.109	0.078
0.086	0.176	0.666	0.072
>TAGGCCGACGC	13-TAGGCCGACGC	9.077645	-33.261959	0	T:12.0(0.51%),B:1.3(0.02%),P:1e-14	Tpos:142.9,Tstd:74.9,Bpos:205.5,Bstd:36.7,StrandBias:0.0,Multiplicity:1.00
0.136	0.116	0.142	0.606
0.600	0.153	0.153	0.094
0.084	0.105	0.790	0.021
0.105	0.105	0.748	0.042
0.042	0.832	0.074	0.052
0.094	0.790	0.042	0.074
0.063	0.189	0.591	0.157
0.714	0.106	0.096	0.084
0.064	0.809	0.043	0.084
0.116	0.111	0.710	0.063
0.074	0.748	0.157	0.021
>ATCCACGACGC	14-ATCCACGACGC	9.509781	-32.186654	0	T:18.0(0.76%),B:4.1(0.06%),P:1e-13	Tpos:130.9,Tstd:81.4,Bpos:185.7,Bstd:59.4,StrandBias:-1.0,Multiplicity:1.00
0.756	0.122	0.061	0.061
0.031	0.031	0.096	0.842
0.030	0.968	0.001	0.001
0.030	0.968	0.001	0.001
0.695	0.122	0.061	0.122
0.031	0.782	0.122	0.065
0.031	0.065	0.843	0.061
0.604	0.091	0.183	0.122
0.126	0.812	0.061	0.001
0.061	0.001	0.904	0.034
0.061	0.847	0.031	0.061
>CCCGAGTTCCG	15-CCCGAGTTCCG	8.826833	-31.859290	0	T:57.0(2.42%),B:50.4(0.73%),P:1e-13	Tpos:132.2,Tstd:86.3,Bpos:155.5,Bstd:136.0,StrandBias:0.1,Multiplicity:1.04
0.021	0.807	0.085	0.087
0.064	0.873	0.042	0.021
0.002	0.892	0.064	0.042
0.002	0.118	0.857	0.023
0.850	0.085	0.044	0.021
0.021	0.063	0.915	0.001
0.106	0.147	0.085	0.662
0.021	0.085	0.023	0.871
0.002	0.776	0.127	0.095
0.148	0.715	0.116	0.021
0.021	0.095	0.799	0.085
>AACGTCACCCA	16-AACGTCACCCA	11.706013	-31.343948	0	T:16.0(0.68%),B:3.1(0.05%),P:1e-13	Tpos:122.3,Tstd:78.7,Bpos:326.2,Bstd:131.8,StrandBias:0.3,Multiplicity:1.12
0.910	0.001	0.088	0.001
0.997	0.001	0.001	0.001
0.088	0.910	0.001	0.001
0.089	0.377	0.533	0.001
0.001	0.001	0.088	0.910
0.001	0.997	0.001	0.001
0.910	0.001	0.001	0.088
0.001	0.997	0.001	0.001
0.001	0.997	0.001	0.001
0.001	0.910	0.088	0.001
0.910	0.001	0.001	0.088
>CGCGTGCGGAC	17-CGCGTGCGGAC	10.030423	-28.214285	0	T:13.0(0.55%),B:2.9(0.04%),P:1e-12	Tpos:80.9,Tstd:64.4,Bpos:225.4,Bstd:59.2,StrandBias:1.0,Multiplicity:1.15
0.126	0.727	0.084	0.063
0.064	0.001	0.914	0.021
0.044	0.755	0.138	0.063
0.042	0.084	0.873	0.001
0.073	0.167	0.042	0.718
0.001	0.021	0.957	0.021
0.167	0.749	0.042	0.042
0.128	0.042	0.807	0.023
0.001	0.002	0.955	0.042
0.757	0.117	0.063	0.063
0.001	0.800	0.177	0.022
>CGGCTGCGAGT	18-CGGCTGCGAGT	9.242551	-27.036121	0	T:53.0(2.25%),B:50.5(0.73%),P:1e-11	Tpos:131.2,Tstd:88.6,Bpos:163.2,Bstd:145.8,StrandBias:0.2,Multiplicity:1.04
0.061	0.690	0.155	0.094
0.077	0.045	0.795	0.083
0.045	0.098	0.827	0.030
0.030	0.880	0.045	0.045
0.045	0.030	0.060	0.865
0.001	0.031	0.953	0.015
0.015	0.852	0.031	0.102
0.030	0.046	0.923	0.001
0.712	0.092	0.165	0.031
0.060	0.077	0.833	0.030
0.091	0.133	0.092	0.684
>GCCTAGACGTG	19-GCCTAGACGTG	10.820681	-22.822595	0	T:9.0(0.38%),B:1.7(0.02%),P:1e-9	Tpos:140.4,Tstd:89.9,Bpos:316.4,Bstd:79.8,StrandBias:1.5,Multiplicity:2.56
0.001	0.001	0.997	0.001
0.001	0.936	0.001	0.062
0.154	0.844	0.001	0.001
0.001	0.001	0.001	0.997
0.997	0.001	0.001	0.001
0.001	0.001	0.997	0.001
0.997	0.001	0.001	0.001
0.062	0.672	0.001	0.265
0.062	0.062	0.875	0.001
0.062	0.001	0.001	0.936
0.001	0.001	0.997	0.001
>TCTACACTACC	20-TCTACACTACC	12.445803	-22.822595	0	T:9.0(0.38%),B:1.7(0.02%),P:1e-9	Tpos:123.6,Tstd:85.9,Bpos:175.3,Bstd:55.2,StrandBias:1.5,Multiplicity:1.67
0.001	0.001	0.001	0.997
0.001	0.997	0.001	0.001
0.001	0.001	0.001	0.997
0.918	0.001	0.001	0.080
0.001	0.997	0.001	0.001
0.997	0.001	0.001	0.001
0.001	0.997	0.001	0.001
0.001	0.080	0.001	0.918
0.918	0.001	0.001	0.080
0.001	0.997	0.001	0.001
0.001	0.918	0.080	0.001
>CAGGCGAATGC	21-CAGGCGAATGC	9.379902	-22.377319	0	T:11.0(0.47%),B:2.8(0.04%),P:1e-9	Tpos:166.8,Tstd:90.8,Bpos:86.8,Bstd:27.2,StrandBias:-0.8,Multiplicity:1.00
0.100	0.700	0.100	0.100
0.700	0.100	0.100	0.100
0.100	0.100	0.700	0.100
0.100	0.100	0.700	0.100
0.100	0.700	0.100	0.100
0.100	0.100	0.700	0.100
0.700	0.100	0.100	0.100
0.700	0.100	0.100	0.100
0.100	0.100	0.100	0.700
0.100	0.100	0.700	0.100
0.100	0.700	0.100	0.100
>CAATCGGGGCA	22-CAATCGGGGCA	7.775315	-20.701434	0	T:12.0(0.51%),B:3.9(0.06%),P:1e-8	Tpos:142.2,Tstd:71.8,Bpos:318.7,Bstd:214.2,StrandBias:0.2,Multiplicity:1.08
0.111	0.664	0.138	0.087
0.611	0.185	0.111	0.093
0.579	0.162	0.153	0.106
0.122	0.137	0.162	0.579
0.118	0.592	0.158	0.132
0.156	0.115	0.588	0.141
0.101	0.102	0.691	0.106
0.116	0.090	0.680	0.114
0.115	0.108	0.686	0.091
0.098	0.714	0.113	0.075
0.615	0.152	0.122	0.111
>ACCCCCAGACA	23-ACCCCCAGACA	11.527390	-19.585334	0	T:10.0(0.42%),B:2.5(0.04%),P:1e-8	Tpos:167.7,Tstd:80.2,Bpos:179.1,Bstd:82.7,StrandBias:-0.5,Multiplicity:2.20
0.997	0.001	0.001	0.001
0.001	0.997	0.001	0.001
0.233	0.556	0.210	0.001
0.001	0.997	0.001	0.001
0.001	0.732	0.057	0.210
0.216	0.579	0.001	0.204
0.935	0.001	0.063	0.001
0.001	0.001	0.997	0.001
0.997	0.001	0.001	0.001
0.001	0.840	0.001	0.158
0.997	0.001	0.001	0.001
>CACAGACAAAA	24-CACAGACAAAA	11.943114	-11.349784	0	T:8.0(0.34%),B:3.2(0.05%),P:1e-4	Tpos:117.5,Tstd:62.2,Bpos:172.6,Bstd:56.2,StrandBias:-1.5,Multiplicity:1.88
0.001	0.997	0.001	0.001
0.957	0.001	0.001	0.041
0.001	0.997	0.001	0.001
0.957	0.001	0.001	0.041
0.001	0.001	0.997	0.001
0.957	0.001	0.041	0.001
0.001	0.997	0.001	0.001
0.997	0.001	0.001	0.001
0.997	0.001	0.001	0.001
0.997	0.001	0.001	0.001
0.997	0.001	0.001	0.001
>ATATATATATA	25-ATATATATATA	9.788753	-1.864635	0	T:19.0(0.81%),B:43.2(0.62%),P:1e0	Tpos:165.6,Tstd:92.3,Bpos:150.7,Bstd:106.1,StrandBias:-0.0,Multiplicity:4.16
0.613	0.001	0.385	0.001
0.001	0.196	0.001	0.802
0.857	0.001	0.141	0.001
0.001	0.186	0.001	0.812
0.673	0.001	0.325	0.001
0.001	0.243	0.001	0.755
0.857	0.001	0.141	0.001
0.001	0.191	0.001	0.807
0.680	0.001	0.318	0.001
0.001	0.276	0.001	0.722
0.771	0.001	0.227	0.001
