>CGGGGCGGAGCT	1-CGGGGCGGAGCT	12.841481	-68.426666	0	T:21.0(0.89%),B:1.6(0.02%),P:1e-29	Tpos:133.3,Tstd:69.4,Bpos:112.0,Bstd:0.0,StrandBias:-0.6,Multiplicity:1.19
0.001	0.774	0.160	0.065
0.001	0.001	0.997	0.001
0.001	0.064	0.934	0.001
0.001	0.159	0.839	0.001
0.001	0.065	0.869	0.065
0.001	0.934	0.001	0.064
0.001	0.064	0.934	0.001
0.001	0.001	0.997	0.001
0.934	0.064	0.001	0.001
0.001	0.001	0.997	0.001
0.001	0.997	0.001	0.001
0.065	0.001	0.160	0.774
>GCCCCGACCTCG	2-GCCCCGACCTCG	11.325951	-64.295142	0	T:20.0(0.85%),B:1.5(0.02%),P:1e-27	Tpos:185.2,Tstd:82.4,Bpos:68.0,Bstd:0.0,StrandBias:0.0,Multiplicity:1.00
0.031	0.060	0.894	0.015
0.015	0.954	0.001	0.030
0.030	0.692	0.233	0.045
0.044	0.594	0.303	0.059
0.074	0.853	0.029	0.044
0.066	0.323	0.582	0.029
0.497	0.089	0.340	0.074
0.015	0.882	0.074	0.029
0.076	0.850	0.059	0.015
0.103	0.198	0.116	0.583
0.001	0.759	0.226	0.014
0.074	0.148	0.748	0.030
>AGGTGWCAGACT	3-AGGTGWCAGACT	11.590525	-60.521526	0	T:30.0(1.27%),B:5.4(0.08%),P:1e-26	Tpos:150.1,Tstd:82.0,Bpos:123.7,Bstd:42.1,StrandBias:0.2,Multiplicity:1.00
0.877	0.001	0.112	0.010
0.102	0.001	0.785	0.112
0.101	0.001	0.897	0.001
0.010	0.102	0.001	0.887
0.001	0.101	0.897	0.001
0.455	0.112	0.013	0.420
0.001	0.984	0.014	0.001
0.997	0.001	0.001	0.001
0.001	0.101	0.897	0.001
0.785	0.001	0.204	0.010
0.001	0.997	0.001	0.001
0.344	0.001	0.001	0.654
>GGRCCRGCCCSG	4-GGRCCRGCCCSG	11.054987	-52.205563	0	T:23.0(0.98%),B:3.2(0.05%),P:1e-22	Tpos:140.0,Tstd:89.5,Bpos:65.7,Bstd:60.5,StrandBias:-0.6,Multiplicity:1.00
0.001	0.144	0.854	0.001
0.001	0.150	0.795	0.054
0.452	0.099	0.350	0.099
0.246	0.752	0.001	0.001
0.195	0.753	0.001	0.051
0.400	0.100	0.451	0.049
0.001	0.001	0.997	0.001
0.001	0.997	0.001	0.001
0.001	0.997	0.001	0.001
0.256	0.490	0.253	0.001
0.144	0.502	0.353	0.001
0.195	0.001	0.702	0.102
>AWGGTGDGRAWD	5-AWGGTGDGRAWD	7.434873	-48.671225	0	T:107.0(4.55%),B:107.7(1.56%),P:1e-21	Tpos:157.8,Tstd:91.3,Bpos:146.3,Bstd:102.4,StrandBias:-0.1,Multiplicity:1.10
0.428	0.174	0.208	0.189
0.438	0.022	0.232	0.308
0.165	0.025	0.573	0.237
0.103	0.309	0.564	0.024
0.055	0.035	0.042	0.868
0.031	0.044	0.872	0.053
0.268	0.018	0.305	0.409
0.180	0.152	0.635	0.033
0.533	0.029	0.400	0.038
0.498	0.201	0.274	0.027
0.400	0.196	0.078	0.327
0.308	0.165	0.326	0.201
>GCTTCGGCGCCG	6-GCTTCGGCGCCG	11.260291	-40.740835	0	T:17.0(0.72%),B:2.9(0.04%),P:1e-17	Tpos:139.4,Tstd:77.1,Bpos:152.0,Bstd:0.0,StrandBias:0.9,Multiplicity:1.00
0.025	0.074	0.876	0.025
0.025	0.925	0.025	0.025
0.025	0.126	0.052	0.797
0.101	0.159	0.134	0.606
0.003	0.871	0.052	0.074
0.003	0.074	0.874	0.049
0.025	0.052	0.898	0.025
0.049	0.828	0.122	0.001
0.001	0.134	0.792	0.073
0.024	0.951	0.024	0.001
0.074	0.693	0.159	0.074
0.024	0.073	0.902	0.001
>AATGCYCTTCCC	7-AATGCYCTTCCC	9.328263	-40.740835	0	T:17.0(0.72%),B:2.8(0.04%),P:1e-17	Tpos:125.1,Tstd:100.5,Bpos:115.1,Bstd:51.2,StrandBias:0.5,Multiplicity:1.00
0.510	0.232	0.239	0.019
0.478	0.023	0.315	0.185
0.148	0.104	0.211	0.537
0.085	0.174	0.561	0.180
0.011	0.666	0.151	0.172
0.249	0.286	0.045	0.420
0.011	0.812	0.102	0.075
0.219	0.187	0.008	0.586
0.072	0.008	0.322	0.598
0.064	0.826	0.091	0.019
0.116	0.699	0.011	0.174
0.113	0.721	0.004	0.162
>CTGTGAGCCATG	8-CTGTGAGCCATG	12.251206	-40.740835	0	T:17.0(0.72%),B:2.6(0.04%),P:1e-17	Tpos:150.6,Tstd:113.4,Bpos:127.2,Bstd:34.1,StrandBias:0.5,Multiplicity:1.00
0.142	0.856	0.001	0.001
0.001	0.001	0.001	0.997
0.001	0.001	0.997	0.001
0.001	0.001	0.142	0.856
0.001	0.001	0.856	0.142
0.997	0.001	0.001	0.001
0.001	0.001	0.997	0.001
0.001	0.856	0.001	0.142
0.001	0.997	0.001	0.001
0.997	0.001	0.001	0.001
0.001	0.143	0.143	0.713
0.001	0.001	0.997	0.001
>AGGCCGGGGACT	9-AGGCCGGGGACT	10.723758	-40.635619	0	T:14.0(0.59%),B:2.0(0.03%),P:1e-17	Tpos:144.8,Tstd:105.8,Bpos:215.8,Bstd:11.1,StrandBias:0.2,Multiplicity:1.21
0.853	0.042	0.104	0.001
0.001	0.083	0.894	0.022
0.063	0.084	0.748	0.105
0.021	0.936	0.001	0.042
0.064	0.830	0.063	0.043
0.084	0.063	0.789	0.064
0.042	0.043	0.873	0.042
0.021	0.042	0.895	0.042
0.063	0.105	0.811	0.021
0.704	0.126	0.085	0.085
0.042	0.789	0.106	0.063
0.042	0.043	0.022	0.893
>GTGTGAGACCGT	10-GTGTGAGACCGT	11.170610	-34.348068	0	T:15.0(0.64%),B:2.5(0.04%),P:1e-14	Tpos:135.1,Tstd:120.7,Bpos:270.9,Bstd:67.3,StrandBias:0.4,Multiplicity:1.07
0.001	0.023	0.975	0.001
0.001	0.001	0.227	0.771
0.001	0.031	0.741	0.227
0.001	0.001	0.001	0.997
0.001	0.001	0.997	0.001
0.885	0.001	0.001	0.113
0.114	0.114	0.658	0.114
0.880	0.118	0.001	0.001
0.137	0.833	0.029	0.001
0.114	0.634	0.114	0.138
0.001	0.029	0.857	0.113
0.012	0.001	0.113	0.874
>AATTATGAGTCA	11-AATTATGAGTCA	11.055767	-34.348068	0	T:15.0(0.64%),B:2.7(0.04%),P:1e-14	Tpos:150.8,Tstd:54.5,Bpos:134.8,Bstd:86.0,StrandBias:-0.7,Multiplicity:1.07
0.695	0.067	0.204	0.034
0.798	0.034	0.101	0.067
0.101	0.137	0.134	0.628
0.101	0.034	0.101	0.764
0.729	0.134	0.070	0.067
0.034	0.037	0.034	0.895
0.037	0.101	0.728	0.134
0.997	0.001	0.001	0.001
0.001	0.036	0.962	0.001
0.100	0.001	0.001	0.898
0.033	0.930	0.001	0.036
0.996	0.001	0.001	0.002
>CCAGCCTAGMGG	12-CCAGCCTAGMGG	10.414970	-33.261959	0	T:12.0(0.51%),B:1.6(0.02%),P:1e-14	Tpos:142.2,Tstd:99.5,Bpos:149.4,Bstd:62.1,StrandBias:1.2,Multiplicity:1.92
0.001	0.733	0.001	0.265
0.001	0.997	0.001	0.001
0.997	0.001	0.001	0.001
0.001	0.001	0.997	0.001
0.001	0.997	0.001	0.001
0.263	0.735	0.001	0.001
0.001	0.001	0.001	0.997
0.997	0.001	0.001	0.001
0.001	0.001	0.997	0.001
0.413	0.556	0.030	0.001
0.001	0.282	0.591	0.126
0.001	0.001	0.997	0.001
>CTGGGCGCGCCT	13-CTGGGCGCGCCT	10.305879	-30.913501	0	T:19.0(0.81%),B:5.8(0.08%),P:1e-13	Tpos:100.5,Tstd:73.0,Bpos:247.1,Bstd:51.6,StrandBias:0.5,Multiplicity:1.00
0.026	0.828	0.097	0.049
0.072	0.153	0.090	0.685
0.035	0.090	0.843	0.032
0.067	0.138	0.725	0.070
0.055	0.067	0.811	0.067
0.078	0.689	0.172	0.061
0.075	0.114	0.736	0.075
0.070	0.783	0.101	0.046
0.058	0.113	0.740	0.089
0.048	0.757	0.137	0.058
0.046	0.811	0.068	0.075
0.087	0.169	0.150	0.594
>TCGGCCGGGACC	14-TCGGCCGGGACC	10.409522	-29.692417	0	T:11.0(0.47%),B:0.9(0.01%),P:1e-12	Tpos:152.7,Tstd:70.2,Bpos:199.0,Bstd:0.0,StrandBias:1.4,Multiplicity:1.00
0.100	0.100	0.100	0.700
0.100	0.700	0.100	0.100
0.100	0.100	0.700	0.100
0.100	0.100	0.700	0.100
0.100	0.700	0.100	0.100
0.100	0.700	0.100	0.100
0.100	0.100	0.700	0.100
0.100	0.100	0.700	0.100
0.100	0.100	0.700	0.100
0.700	0.100	0.100	0.100
0.100	0.700	0.100	0.100
0.100	0.700	0.100	0.100
>AGTGGCYCACGG	15-AGTGGCYCACGG	9.236587	-28.214285	0	T:13.0(0.55%),B:3.0(0.04%),P:1e-12	Tpos:119.2,Tstd:58.5,Bpos:104.0,Bstd:69.5,StrandBias:-0.4,Multiplicity:1.23
0.456	0.137	0.286	0.122
0.050	0.102	0.834	0.014
0.195	0.175	0.193	0.437
0.014	0.075	0.739	0.172
0.006	0.108	0.875	0.011
0.069	0.765	0.158	0.008
0.116	0.365	0.029	0.490
0.155	0.629	0.210	0.006
0.438	0.281	0.173	0.108
0.103	0.457	0.276	0.164
0.184	0.006	0.580	0.230
0.011	0.115	0.707	0.167
>GGGCCCAGGRGG	16-GGGCCCAGGRGG	12.863533	-28.214285	0	T:13.0(0.55%),B:2.0(0.03%),P:1e-12	Tpos:129.1,Tstd:83.4,Bpos:170.4,Bstd:24.7,StrandBias:-1.3,Multiplicity:1.31
0.001	0.256	0.686	0.057
0.001	0.001	0.871	0.127
0.006	0.001	0.865	0.128
0.001	0.868	0.001	0.130
0.006	0.865	0.128	0.001
0.041	0.954	0.001	0.004
0.992	0.001	0.001	0.006
0.006	0.001	0.992	0.001
0.006	0.001	0.992	0.001
0.427	0.001	0.571	0.001
0.127	0.001	0.871	0.001
0.007	0.128	0.608	0.257
>GGCCGGGTCACG	17-GGCCGGGTCACG	10.656271	-27.470996	0	T:29.0(1.23%),B:16.9(0.24%),P:1e-11	Tpos:171.3,Tstd:118.4,Bpos:150.2,Bstd:121.3,StrandBias:-1.0,Multiplicity:1.14
0.063	0.109	0.796	0.032
0.032	0.095	0.778	0.095
0.032	0.733	0.172	0.063
0.172	0.670	0.126	0.032
0.001	0.001	0.932	0.066
0.031	0.067	0.901	0.001
0.031	0.031	0.937	0.001
0.001	0.098	0.031	0.870
0.001	0.936	0.062	0.001
0.827	0.141	0.031	0.001
0.036	0.869	0.063	0.032
0.032	0.162	0.774	0.032
>CTCAGCGGCCCG	18-CTCAGCGGCCCG	10.409522	-25.884855	0	T:14.0(0.59%),B:3.6(0.05%),P:1e-11	Tpos:179.1,Tstd:112.6,Bpos:161.9,Bstd:33.8,StrandBias:0.4,Multiplicity:1.00
0.100	0.700	0.100	0.100
0.100	0.100	0.100	0.700
0.100	0.700	0.100	0.100
0.700	0.100	0.100	0.100
0.100	0.100	0.700	0.100
0.100	0.700	0.100	0.100
0.100	0.100	0.700	0.100
0.100	0.100	0.700	0.100
0.100	0.700	0.100	0.100
0.100	0.700	0.100	0.100
0.100	0.700	0.100	0.100
0.100	0.100	0.700	0.100
>ACCCTCCTACAC	19-ACCCTCCTACAC	12.216486	-22.377319	0	T:11.0(0.47%),B:2.6(0.04%),P:1e-9	Tpos:136.4,Tstd:93.7,Bpos:123.9,Bstd:13.8,StrandBias:-0.3,Multiplicity:2.27
0.871	0.001	0.001	0.127
0.001	0.858	0.140	0.001
0.012	0.986	0.001	0.001
0.002	0.843	0.001	0.154
0.397	0.001	0.001	0.601
0.001	0.997	0.001	0.001
0.001	0.997	0.001	0.001
0.259	0.142	0.001	0.598
0.569	0.142	0.030	0.259
0.002	0.984	0.013	0.001
0.562	0.128	0.257	0.053
0.001	0.871	0.127	0.001
>ACACTACCTGAC	20-ACACTACCTGAC	9.230660	-19.585334	0	T:10.0(0.42%),B:2.2(0.03%),P:1e-8	Tpos:192.1,Tstd:103.5,Bpos:137.3,Bstd:21.6,StrandBias:0.6,Multiplicity:1.50
0.611	0.161	0.104	0.124
0.092	0.731	0.100	0.077
0.697	0.124	0.076	0.103
0.075	0.686	0.134	0.105
0.131	0.165	0.083	0.621
0.507	0.171	0.161	0.161
0.110	0.680	0.107	0.103
0.095	0.757	0.058	0.090
0.139	0.075	0.062	0.724
0.077	0.133	0.714	0.076
0.603	0.150	0.145	0.102
0.105	0.672	0.122	0.101
>ACAWAMCYACAC	21-ACAWAMCYACAC	9.481062	-17.559754	0	T:12.0(0.51%),B:5.0(0.07%),P:1e-7	Tpos:155.9,Tstd:84.3,Bpos:146.0,Bstd:61.4,StrandBias:-2.9,Multiplicity:2.17
0.761	0.001	0.036	0.202
0.018	0.634	0.018	0.330
0.817	0.083	0.018	0.082
0.331	0.156	0.082	0.431
0.660	0.046	0.285	0.009
0.403	0.394	0.009	0.193
0.046	0.615	0.165	0.174
0.009	0.504	0.009	0.478
0.643	0.229	0.092	0.036
0.247	0.524	0.220	0.009
0.633	0.228	0.001	0.138
0.166	0.623	0.156	0.055
>GAGTGGCAGGCC	22-GAGTGGCAGGCC	9.300191	-16.887986	0	T:9.0(0.38%),B:2.7(0.04%),P:1e-7	Tpos:156.2,Tstd:94.7,Bpos:185.6,Bstd:42.7,StrandBias:2.9,Multiplicity:1.89
0.117	0.136	0.681	0.066
0.604	0.124	0.165	0.107
0.082	0.141	0.708	0.069
0.133	0.132	0.178	0.557
0.083	0.121	0.689	0.107
0.107	0.143	0.673	0.077
0.100	0.691	0.144	0.065
0.620	0.124	0.140	0.116
0.089	0.089	0.744	0.078
0.083	0.142	0.682	0.093
0.088	0.688	0.125	0.099
0.112	0.664	0.119	0.105
>ACCTGTACCTAC	23-ACCTGTACCTAC	10.154797	-15.306080	0	T:19.0(0.81%),B:13.9(0.20%),P:1e-6	Tpos:161.2,Tstd:117.3,Bpos:146.3,Bstd:100.0,StrandBias:2.3,Multiplicity:1.53
0.696	0.152	0.101	0.051
0.001	0.948	0.050	0.001
0.001	0.997	0.001	0.001
0.021	0.001	0.001	0.977
0.001	0.050	0.899	0.050
0.054	0.054	0.202	0.690
0.692	0.152	0.105	0.051
0.001	0.948	0.050	0.001
0.001	0.948	0.001	0.050
0.101	0.101	0.051	0.747
0.747	0.101	0.051	0.101
0.001	0.743	0.202	0.054
>NBACAGGGCANN	24-NBACAGGGCANN	7.228134	-9.472277	0	T:6.0(0.25%),B:2.4(0.04%),P:1e-4	Tpos:112.7,Tstd:76.4,Bpos:133.2,Bstd:49.8,StrandBias:-0.2,Multiplicity:2.17
0.308	0.215	0.270	0.207
0.187	0.228	0.242	0.343
0.556	0.177	0.140	0.127
0.128	0.611	0.130	0.131
0.552	0.190	0.153	0.105
0.120	0.182	0.582	0.116
0.108	0.177	0.603	0.112
0.106	0.141	0.630	0.123
0.115	0.590	0.150	0.145
0.558	0.146	0.177	0.119
0.193	0.270	0.209	0.327
0.219	0.228	0.341	0.211
>TATGTATATATA	25-TATGTATATATA	9.779730	-4.722508	0	T:31.0(1.32%),B:57.7(0.83%),P:1e-2	Tpos:170.2,Tstd:97.6,Bpos:153.7,Bstd:104.9,StrandBias:0.0,Multiplicity:3.58
0.001	0.353	0.001	0.645
0.913	0.001	0.085	0.001
0.001	0.233	0.001	0.765
0.318	0.001	0.680	0.001
0.001	0.251	0.001	0.747
0.588	0.001	0.410	0.001
0.001	0.076	0.001	0.922
0.633	0.001	0.365	0.001
0.001	0.212	0.001	0.786
0.650	0.001	0.348	0.001
0.001	0.223	0.001	0.775
0.905	0.001	0.093	0.001
