>ADGTGTSAVW	1-ADGTGTSAVW	6.880548	-73.856349	0	T:303.0(12.87%),B:427.1(6.17%),P:1e-32	Tpos:149.6,Tstd:92.4,Bpos:146.9,Bstd:95.4,StrandBias:-0.1,Multiplicity:1.09
0.635	0.016	0.196	0.153
0.264	0.114	0.380	0.242
0.222	0.154	0.598	0.026
0.005	0.001	0.239	0.755
0.191	0.052	0.737	0.020
0.294	0.001	0.012	0.693
0.006	0.420	0.561	0.013
0.997	0.001	0.001	0.001
0.339	0.192	0.294	0.175
0.381	0.178	0.146	0.295
>CGGCCCCGCG	2-CGGCCCCGCG	13.428240	-60.212762	0	T:19.0(0.81%),B:1.9(0.03%),P:1e-26	Tpos:151.5,Tstd:108.9,Bpos:306.0,Bstd:0.0,StrandBias:1.5,Multiplicity:1.00
0.001	0.997	0.001	0.001
0.001	0.001	0.997	0.001
0.001	0.001	0.955	0.043
0.001	0.997	0.001	0.001
0.001	0.997	0.001	0.001
0.043	0.955	0.001	0.001
0.001	0.725	0.111	0.163
0.001	0.001	0.997	0.001
0.001	0.997	0.001	0.001
0.001	0.001	0.997	0.001
>TGTCTGACAC	3-TGTCTGACAC	8.260451	-47.224784	0	T:77.0(3.27%),B:62.8(0.91%),P:1e-20	Tpos:146.8,Tstd:89.5,Bpos:163.6,Bstd:173.1,StrandBias:0.1,Multiplicity:1.04
0.118	0.008	0.175	0.699
0.025	0.091	0.853	0.031
0.154	0.126	0.043	0.677
0.014	0.629	0.230	0.127
0.274	0.005	0.001	0.720
0.143	0.184	0.620	0.053
0.641	0.015	0.105	0.239
0.089	0.719	0.143	0.049
0.838	0.103	0.057	0.002
0.052	0.610	0.226	0.112
>ACCGTCCCTG	4-ACCGTCCCTG	10.795593	-37.531842	0	T:20.0(0.85%),B:4.6(0.07%),P:1e-16	Tpos:117.0,Tstd:66.3,Bpos:196.9,Bstd:96.7,StrandBias:-0.3,Multiplicity:1.00
0.997	0.001	0.001	0.001
0.172	0.826	0.001	0.001
0.001	0.997	0.001	0.001
0.001	0.128	0.870	0.001
0.001	0.001	0.001	0.997
0.172	0.826	0.001	0.001
0.172	0.655	0.001	0.172
0.172	0.826	0.001	0.001
0.001	0.001	0.001	0.997
0.001	0.001	0.997	0.001
>CTACGCGCTA	5-CTACGCGCTA	8.800688	-37.514071	0	T:16.0(0.68%),B:2.8(0.04%),P:1e-16	Tpos:146.9,Tstd:110.4,Bpos:243.6,Bstd:46.5,StrandBias:0.7,Multiplicity:1.00
0.001	0.854	0.001	0.144
0.080	0.004	0.009	0.907
0.850	0.073	0.076	0.001
0.152	0.698	0.073	0.077
0.001	0.010	0.917	0.072
0.080	0.836	0.001	0.083
0.148	0.001	0.703	0.148
0.001	0.848	0.148	0.003
0.001	0.224	0.079	0.696
0.618	0.020	0.145	0.217
>ATGASTCATH	6-ATGASTCATH	6.737540	-35.672498	0	T:167.0(7.09%),B:248.1(3.59%),P:1e-15	Tpos:152.9,Tstd:93.7,Bpos:152.7,Bstd:109.3,StrandBias:-0.1,Multiplicity:1.08
0.911	0.023	0.001	0.065
0.001	0.001	0.001	0.997
0.001	0.001	0.821	0.177
0.997	0.001	0.001	0.001
0.001	0.504	0.494	0.001
0.001	0.001	0.001	0.997
0.053	0.945	0.001	0.001
0.969	0.001	0.001	0.029
0.107	0.004	0.099	0.790
0.315	0.334	0.104	0.248
>GGGCCCTGCA	7-GGGCCCTGCA	10.296193	-29.489851	0	T:21.0(0.89%),B:7.5(0.11%),P:1e-12	Tpos:181.0,Tstd:89.7,Bpos:162.7,Bstd:99.7,StrandBias:0.1,Multiplicity:1.00
0.100	0.100	0.700	0.100
0.100	0.100	0.700	0.100
0.100	0.100	0.700	0.100
0.100	0.700	0.100	0.100
0.100	0.700	0.100	0.100
0.100	0.700	0.100	0.100
0.100	0.100	0.100	0.700
0.100	0.100	0.700	0.100
0.100	0.700	0.100	0.100
0.700	0.100	0.100	0.100
>AAGGTGCKTG	8-AAGGTGCKTG	9.753563	-24.493168	0	T:32.0(1.36%),B:23.0(0.33%),P:1e-10	Tpos:130.5,Tstd:85.5,Bpos:189.4,Bstd:105.5,StrandBias:-0.2,Multiplicity:1.12
0.997	0.001	0.001	0.001
0.763	0.001	0.001	0.235
0.001	0.001	0.997	0.001
0.001	0.001	0.997	0.001
0.001	0.001	0.150	0.848
0.092	0.001	0.906	0.001
0.001	0.701	0.297	0.001
0.001	0.001	0.539	0.459
0.001	0.092	0.001	0.906
0.093	0.001	0.813	0.093
>GGGGAAAGGT	9-GGGGAAAGGT	9.569954	-24.306920	0	T:75.0(3.19%),B:93.8(1.36%),P:1e-10	Tpos:146.2,Tstd:143.4,Bpos:165.9,Bstd:123.2,StrandBias:0.6,Multiplicity:1.07
0.001	0.001	0.997	0.001
0.001	0.001	0.997	0.001
0.001	0.001	0.997	0.001
0.001	0.085	0.913	0.001
0.865	0.020	0.080	0.035
0.760	0.147	0.058	0.035
0.862	0.001	0.068	0.069
0.001	0.001	0.997	0.001
0.085	0.014	0.900	0.001
0.083	0.053	0.130	0.734
>CGTGTTGATG	10-CGTGTTGATG	12.053529	-23.256283	0	T:13.0(0.55%),B:4.0(0.06%),P:1e-10	Tpos:117.9,Tstd:71.2,Bpos:134.8,Bstd:90.5,StrandBias:0.4,Multiplicity:1.33
0.001	0.583	0.415	0.001
0.001	0.001	0.997	0.001
0.001	0.001	0.001	0.997
0.027	0.001	0.971	0.001
0.001	0.001	0.001	0.997
0.001	0.001	0.415	0.583
0.001	0.001	0.997	0.001
0.997	0.001	0.001	0.001
0.001	0.001	0.001	0.997
0.001	0.001	0.997	0.001
>TGGGCGCTGG	11-TGGGCGCTGG	11.005684	-22.377319	0	T:11.0(0.47%),B:2.9(0.04%),P:1e-9	Tpos:122.1,Tstd:85.6,Bpos:207.4,Bstd:17.7,StrandBias:-0.3,Multiplicity:1.00
0.001	0.001	0.001	0.997
0.001	0.001	0.997	0.001
0.001	0.001	0.939	0.059
0.001	0.001	0.997	0.001
0.001	0.997	0.001	0.001
0.001	0.001	0.997	0.001
0.001	0.997	0.001	0.001
0.001	0.001	0.001	0.997
0.001	0.001	0.997	0.001
0.001	0.001	0.997	0.001
>GTGTRGAWAT	12-GTGTRGAWAT	12.206016	-19.585334	0	T:10.0(0.42%),B:2.3(0.03%),P:1e-8	Tpos:161.9,Tstd:92.7,Bpos:161.1,Bstd:66.6,StrandBias:-1.5,Multiplicity:1.50
0.001	0.001	0.997	0.001
0.001	0.001	0.001	0.997
0.001	0.001	0.997	0.001
0.001	0.001	0.001	0.997
0.556	0.001	0.442	0.001
0.001	0.001	0.997	0.001
0.997	0.001	0.001	0.001
0.556	0.001	0.001	0.442
0.997	0.001	0.001	0.001
0.001	0.001	0.001	0.997
>CGCGTTGACG	13-CGCGTTGACG	10.353422	-17.240045	0	T:13.0(0.55%),B:5.8(0.08%),P:1e-7	Tpos:133.4,Tstd:59.9,Bpos:166.5,Bstd:47.2,StrandBias:0.2,Multiplicity:1.00
0.001	0.997	0.001	0.001
0.138	0.138	0.586	0.138
0.001	0.997	0.001	0.001
0.001	0.001	0.997	0.001
0.001	0.001	0.360	0.638
0.001	0.001	0.366	0.632
0.001	0.001	0.997	0.001
0.861	0.001	0.001	0.137
0.001	0.997	0.001	0.001
0.001	0.060	0.938	0.001
>TCCTGATCAC	14-TCCTGATCAC	6.777316	-15.662354	0	T:16.0(0.68%),B:9.8(0.14%),P:1e-6	Tpos:156.9,Tstd:89.4,Bpos:123.5,Bstd:43.3,StrandBias:-1.9,Multiplicity:1.50
0.001	0.001	0.001	0.997
0.001	0.997	0.001	0.001
0.001	0.997	0.001	0.001
0.001	0.001	0.056	0.942
0.045	0.001	0.953	0.001
0.997	0.001	0.001	0.001
0.001	0.001	0.001	0.997
0.022	0.897	0.080	0.001
0.997	0.001	0.001	0.001
0.001	0.997	0.001	0.001
>ACACCTCACC	15-ACACCTCACC	8.765970	-13.313235	0	T:12.0(0.51%),B:6.6(0.09%),P:1e-5	Tpos:129.0,Tstd:111.0,Bpos:139.2,Bstd:89.8,StrandBias:-1.0,Multiplicity:2.00
0.766	0.001	0.232	0.001
0.001	0.997	0.001	0.001
0.997	0.001	0.001	0.001
0.001	0.997	0.001	0.001
0.001	0.997	0.001	0.001
0.001	0.001	0.001	0.997
0.001	0.971	0.001	0.027
0.997	0.001	0.001	0.001
0.001	0.997	0.001	0.001
0.001	0.997	0.001	0.001
>CGGSCKCGGC	16-CGGSCKCGGC	7.752970	-12.482872	0	T:194.0(8.24%),B:411.0(5.94%),P:1e-5	Tpos:148.5,Tstd:95.9,Bpos:163.3,Bstd:195.0,StrandBias:0.0,Multiplicity:1.34
0.059	0.870	0.054	0.017
0.019	0.239	0.535	0.207
0.087	0.112	0.771	0.030
0.150	0.435	0.388	0.027
0.044	0.598	0.345	0.013
0.043	0.155	0.436	0.367
0.018	0.871	0.084	0.027
0.090	0.247	0.516	0.147
0.043	0.259	0.655	0.043
0.019	0.638	0.300	0.043
>ACACATGGTA	17-ACACATGGTA	10.791307	-11.254068	0	T:9.0(0.38%),B:4.2(0.06%),P:1e-4	Tpos:167.9,Tstd:98.4,Bpos:245.0,Bstd:83.9,StrandBias:-0.6,Multiplicity:1.67
0.997	0.001	0.001	0.001
0.001	0.997	0.001	0.001
0.945	0.053	0.001	0.001
0.001	0.997	0.001	0.001
0.997	0.001	0.001	0.001
0.001	0.001	0.001	0.997
0.001	0.001	0.945	0.053
0.001	0.001	0.997	0.001
0.001	0.001	0.001	0.997
0.945	0.001	0.001	0.053
>CCCGCGGCGG	18-CCCGCGGCGG	10.296193	-10.194429	0	T:14.0(0.59%),B:11.4(0.16%),P:1e-4	Tpos:135.5,Tstd:79.7,Bpos:123.7,Bstd:184.3,StrandBias:1.2,Multiplicity:1.08
0.100	0.700	0.100	0.100
0.100	0.700	0.100	0.100
0.100	0.700	0.100	0.100
0.100	0.100	0.700	0.100
0.100	0.700	0.100	0.100
0.100	0.100	0.700	0.100
0.100	0.100	0.700	0.100
0.100	0.700	0.100	0.100
0.100	0.100	0.700	0.100
0.100	0.100	0.700	0.100
>CCCTCGGCTC	19-CCCTCGGCTC	13.623059	-9.546366	0	T:9.0(0.38%),B:5.2(0.08%),P:1e-4	Tpos:135.0,Tstd:98.8,Bpos:164.5,Bstd:72.7,StrandBias:2.6,Multiplicity:1.56
0.001	0.997	0.001	0.001
0.001	0.997	0.001	0.001
0.001	0.966	0.032	0.001
0.001	0.001	0.001	0.997
0.001	0.997	0.001	0.001
0.001	0.001	0.997	0.001
0.001	0.001	0.997	0.001
0.001	0.917	0.081	0.001
0.001	0.001	0.091	0.907
0.001	0.997	0.001	0.001
>TGCCTGTGGA	20-TGCCTGTGGA	11.514897	-9.345604	0	T:8.0(0.34%),B:4.7(0.07%),P:1e-4	Tpos:162.9,Tstd:85.9,Bpos:158.7,Bstd:97.4,StrandBias:-0.6,Multiplicity:1.88
0.001	0.001	0.001	0.997
0.001	0.001	0.997	0.001
0.001	0.997	0.001	0.001
0.001	0.891	0.001	0.107
0.001	0.001	0.001	0.997
0.001	0.001	0.997	0.001
0.001	0.001	0.001	0.997
0.001	0.001	0.955	0.043
0.001	0.001	0.955	0.043
0.997	0.001	0.001	0.001
>TCTAGGCTGG	21-TCTAGGCTGG	10.006330	-8.969535	0	T:11.0(0.47%),B:8.6(0.12%),P:1e-3	Tpos:154.9,Tstd:105.3,Bpos:116.9,Bstd:60.4,StrandBias:-2.3,Multiplicity:2.64
0.001	0.001	0.001	0.997
0.001	0.997	0.001	0.001
0.001	0.001	0.001	0.997
0.997	0.001	0.001	0.001
0.001	0.001	0.970	0.028
0.001	0.001	0.997	0.001
0.001	0.997	0.001	0.001
0.001	0.001	0.028	0.970
0.001	0.001	0.817	0.181
0.001	0.001	0.970	0.028
>ACAGGGCATG	22-ACAGGGCATG	10.296193	-7.276649	0	T:5.0(0.21%),B:2.2(0.03%),P:1e-3	Tpos:120.1,Tstd:80.4,Bpos:76.7,Bstd:23.0,StrandBias:0.6,Multiplicity:2.00
0.700	0.100	0.100	0.100
0.100	0.700	0.100	0.100
0.700	0.100	0.100	0.100
0.100	0.100	0.700	0.100
0.100	0.100	0.700	0.100
0.100	0.100	0.700	0.100
0.100	0.700	0.100	0.100
0.700	0.100	0.100	0.100
0.100	0.100	0.100	0.700
0.100	0.100	0.700	0.100
>CATACATAYG	23-CATACATAYG	10.615923	-4.827272	0	T:6.0(0.25%),B:5.6(0.08%),P:1e-2	Tpos:161.7,Tstd:63.0,Bpos:174.2,Bstd:51.6,StrandBias:-0.1,Multiplicity:3.17
0.001	0.924	0.070	0.005
0.579	0.001	0.419	0.001
0.001	0.001	0.001	0.997
0.997	0.001	0.001	0.001
0.001	0.997	0.001	0.001
0.997	0.001	0.001	0.001
0.001	0.001	0.158	0.840
0.997	0.001	0.001	0.001
0.001	0.556	0.001	0.442
0.001	0.001	0.840	0.158
>ACAGACAAAA	24-ACAGACAAAA	10.296193	-4.827272	0	T:6.0(0.25%),B:5.1(0.07%),P:1e-2	Tpos:138.2,Tstd:70.8,Bpos:163.4,Bstd:92.4,StrandBias:-1.2,Multiplicity:2.17
0.700	0.100	0.100	0.100
0.100	0.700	0.100	0.100
0.700	0.100	0.100	0.100
0.100	0.100	0.700	0.100
0.700	0.100	0.100	0.100
0.100	0.700	0.100	0.100
0.700	0.100	0.100	0.100
0.700	0.100	0.100	0.100
0.700	0.100	0.100	0.100
0.700	0.100	0.100	0.100
>AYAYATAYAY	25-AYAYATAYAY	8.843014	-3.977555	0	T:27.0(1.15%),B:51.6(0.75%),P:1e-1	Tpos:170.0,Tstd:108.6,Bpos:166.1,Bstd:142.6,StrandBias:0.6,Multiplicity:2.26
0.537	0.105	0.341	0.017
0.001	0.573	0.001	0.425
0.603	0.052	0.344	0.001
0.001	0.535	0.001	0.463
0.643	0.025	0.307	0.025
0.001	0.208	0.008	0.783
0.825	0.173	0.001	0.001
0.001	0.519	0.001	0.479
0.817	0.001	0.121	0.061
0.001	0.473	0.029	0.496
>GTCTGRCACCT	1-GTCTGRCACCT	9.394587	-78.033871	0	T:83.0(3.53%),B:44.4(0.64%),P:1e-33	Tpos:152.0,Tstd:83.5,Bpos:133.0,Bstd:104.7,StrandBias:0.0,Multiplicity:1.02
0.001	0.001	0.997	0.001
0.063	0.063	0.001	0.873
0.001	0.929	0.001	0.069
0.001	0.001	0.001	0.997
0.001	0.018	0.918	0.063
0.340	0.001	0.445	0.215
0.001	0.870	0.128	0.001
0.936	0.001	0.062	0.001
0.001	0.674	0.194	0.131
0.132	0.549	0.192	0.127
0.131	0.063	0.001	0.805
>BCBDCCSCGCV	2-BCBDCCSCGCV	7.165469	-68.426666	0	T:21.0(0.89%),B:0.9(0.01%),P:1e-29	Tpos:133.4,Tstd:70.6,Bpos:107.0,Bstd:0.0,StrandBias:-0.2,Multiplicity:1.00
0.037	0.285	0.278	0.401
0.030	0.444	0.265	0.261
0.021	0.341	0.350	0.288
0.308	0.032	0.304	0.356
0.010	0.736	0.245	0.009
0.120	0.557	0.052	0.271
0.172	0.380	0.389	0.059
0.139	0.790	0.032	0.039
0.064	0.226	0.611	0.099
0.053	0.564	0.335	0.048
0.252	0.291	0.384	0.072
>CGGCCCYGCGV	3-CGGCCCYGCGV	7.998887	-58.110875	0	T:31.0(1.32%),B:6.2(0.09%),P:1e-25	Tpos:160.8,Tstd:115.3,Bpos:229.6,Bstd:104.0,StrandBias:0.8,Multiplicity:1.06
0.117	0.525	0.244	0.114
0.130	0.170	0.539	0.161
0.106	0.099	0.688	0.107
0.104	0.567	0.278	0.051
0.044	0.641	0.179	0.136
0.061	0.676	0.138	0.125
0.075	0.367	0.201	0.357
0.051	0.216	0.653	0.080
0.081	0.621	0.237	0.061
0.195	0.142	0.615	0.048
0.340	0.228	0.311	0.120
>CGRCGGCGACA	4-CGRCGGCGACA	10.146404	-54.192267	0	T:21.0(0.89%),B:2.6(0.04%),P:1e-23	Tpos:120.8,Tstd:84.1,Bpos:98.0,Bstd:24.0,StrandBias:0.7,Multiplicity:1.00
0.001	0.744	0.025	0.230
0.113	0.001	0.773	0.113
0.406	0.137	0.456	0.001
0.001	0.885	0.113	0.001
0.169	0.113	0.717	0.001
0.001	0.001	0.997	0.001
0.113	0.769	0.117	0.001
0.003	0.113	0.883	0.001
0.861	0.137	0.001	0.001
0.001	0.997	0.001	0.001
0.969	0.003	0.027	0.001
>GGCCCBGCACG	5-GGCCCBGCACG	9.473043	-47.363331	0	T:19.0(0.81%),B:2.9(0.04%),P:1e-20	Tpos:174.9,Tstd:102.1,Bpos:106.7,Bstd:72.2,StrandBias:-0.5,Multiplicity:1.00
0.143	0.098	0.595	0.164
0.001	0.341	0.649	0.009
0.106	0.458	0.284	0.151
0.001	0.845	0.110	0.044
0.009	0.831	0.107	0.053
0.160	0.206	0.311	0.324
0.009	0.293	0.662	0.036
0.106	0.591	0.285	0.018
0.814	0.062	0.009	0.115
0.053	0.578	0.298	0.071
0.009	0.055	0.830	0.106
>TTTCACACATT	6-TTTCACACATT	11.112692	-43.759913	0	T:24.0(1.02%),B:5.9(0.09%),P:1e-19	Tpos:165.4,Tstd:75.3,Bpos:94.1,Bstd:65.1,StrandBias:-0.1,Multiplicity:1.04
0.001	0.001	0.101	0.897
0.001	0.129	0.045	0.825
0.102	0.102	0.102	0.694
0.101	0.897	0.001	0.001
0.997	0.001	0.001	0.001
0.001	0.997	0.001	0.001
0.997	0.001	0.001	0.001
0.101	0.897	0.001	0.001
0.889	0.106	0.001	0.004
0.001	0.001	0.101	0.897
0.101	0.001	0.001	0.897
>GTCCCTGATGG	7-GTCCCTGATGG	11.800667	-41.101313	0	T:23.0(0.98%),B:5.7(0.08%),P:1e-17	Tpos:172.1,Tstd:120.6,Bpos:177.9,Bstd:99.0,StrandBias:-0.6,Multiplicity:1.00
0.001	0.079	0.919	0.001
0.001	0.079	0.001	0.919
0.001	0.919	0.001	0.079
0.079	0.919	0.001	0.001
0.001	0.919	0.079	0.001
0.079	0.001	0.001	0.919
0.001	0.001	0.997	0.001
0.919	0.001	0.001	0.079
0.080	0.001	0.080	0.839
0.001	0.001	0.997	0.001
0.197	0.001	0.801	0.001
>TCCCGACCGGT	8-TCCCGACCGGT	9.520531	-40.296515	0	T:34.0(1.44%),B:14.4(0.21%),P:1e-17	Tpos:142.2,Tstd:105.4,Bpos:156.1,Bstd:118.4,StrandBias:0.9,Multiplicity:1.00
0.001	0.031	0.063	0.905
0.001	0.967	0.031	0.001
0.001	0.937	0.031	0.031
0.063	0.842	0.063	0.032
0.032	0.145	0.791	0.032
0.682	0.004	0.282	0.032
0.031	0.811	0.157	0.001
0.063	0.680	0.036	0.221
0.095	0.036	0.833	0.036
0.032	0.158	0.715	0.095
0.031	0.109	0.001	0.859
>CCGAGGCGGAA	9-CCGAGGCGGAA	10.656255	-37.514071	0	T:16.0(0.68%),B:2.7(0.04%),P:1e-16	Tpos:163.7,Tstd:74.5,Bpos:185.5,Bstd:53.8,StrandBias:0.7,Multiplicity:1.00
0.003	0.995	0.001	0.001
0.205	0.620	0.093	0.082
0.014	0.011	0.974	0.001
0.817	0.094	0.001	0.088
0.163	0.081	0.755	0.001
0.001	0.003	0.908	0.088
0.081	0.826	0.001	0.092
0.164	0.093	0.739	0.004
0.001	0.001	0.997	0.001
0.623	0.082	0.093	0.202
0.740	0.163	0.086	0.011
>GGCGCCGGGTG	10-GGCGCCGGGTG	10.871498	-37.240952	0	T:45.0(1.91%),B:28.5(0.41%),P:1e-16	Tpos:137.9,Tstd:111.7,Bpos:172.1,Bstd:136.1,StrandBias:0.1,Multiplicity:1.04
0.036	0.036	0.892	0.036
0.036	0.036	0.927	0.001
0.001	0.891	0.072	0.036
0.001	0.036	0.908	0.055
0.001	0.845	0.153	0.001
0.036	0.892	0.036	0.036
0.036	0.001	0.927	0.036
0.035	0.001	0.963	0.001
0.036	0.020	0.943	0.001
0.001	0.153	0.001	0.845
0.035	0.001	0.963	0.001
>GACTCAYAATC	11-GACTCAYAATC	9.364306	-34.348068	0	T:15.0(0.64%),B:2.6(0.04%),P:1e-14	Tpos:130.9,Tstd:69.4,Bpos:229.7,Bstd:95.5,StrandBias:0.6,Multiplicity:1.00
0.044	0.062	0.833	0.061
0.544	0.291	0.042	0.123
0.301	0.597	0.041	0.061
0.061	0.021	0.001	0.917
0.360	0.558	0.021	0.061
0.916	0.001	0.022	0.061
0.082	0.341	0.122	0.454
0.604	0.172	0.041	0.183
0.422	0.122	0.233	0.223
0.102	0.042	0.042	0.814
0.041	0.578	0.071	0.310
>ACACCTTACCG	12-ACACCTTACCG	9.103302	-34.166311	0	T:17.0(0.72%),B:3.6(0.05%),P:1e-14	Tpos:144.3,Tstd:108.9,Bpos:110.4,Bstd:72.0,StrandBias:-1.2,Multiplicity:1.53
0.724	0.050	0.125	0.101
0.095	0.794	0.072	0.039
0.732	0.093	0.082	0.093
0.066	0.802	0.062	0.070
0.080	0.772	0.070	0.078
0.067	0.090	0.047	0.796
0.051	0.175	0.148	0.626
0.639	0.136	0.115	0.110
0.074	0.753	0.099	0.074
0.116	0.697	0.109	0.078
0.086	0.176	0.666	0.072
>TAGGCCGACGC	13-TAGGCCGACGC	9.077645	-33.261959	0	T:12.0(0.51%),B:1.3(0.02%),P:1e-14	Tpos:142.9,Tstd:74.9,Bpos:205.5,Bstd:36.7,StrandBias:0.0,Multiplicity:1.00
0.136	0.116	0.142	0.606
0.600	0.153	0.153	0.094
0.084	0.105	0.790	0.021
0.105	0.105	0.748	0.042
0.042	0.832	0.074	0.052
0.094	0.790	0.042	0.074
0.063	0.189	0.591	0.157
0.714	0.106	0.096	0.084
0.064	0.809	0.043	0.084
0.116	0.111	0.710	0.063
0.074	0.748	0.157	0.021
>ATCCACGACGC	14-ATCCACGACGC	9.509781	-32.186654	0	T:18.0(0.76%),B:4.1(0.06%),P:1e-13	Tpos:130.9,Tstd:81.4,Bpos:185.7,Bstd:59.4,StrandBias:-1.0,Multiplicity:1.00
0.756	0.122	0.061	0.061
0.031	0.031	0.096	0.842
0.030	0.968	0.001	0.001
0.030	0.968	0.001	0.001
0.695	0.122	0.061	0.122
0.031	0.782	0.122	0.065
0.031	0.065	0.843	0.061
0.604	0.091	0.183	0.122
0.126	0.812	0.061	0.001
0.061	0.001	0.904	0.034
0.061	0.847	0.031	0.061
>CCCGAGTTCCG	15-CCCGAGTTCCG	8.826833	-31.859290	0	T:57.0(2.42%),B:50.4(0.73%),P:1e-13	Tpos:132.2,Tstd:86.3,Bpos:155.5,Bstd:136.0,StrandBias:0.1,Multiplicity:1.04
0.021	0.807	0.085	0.087
0.064	0.873	0.042	0.021
0.002	0.892	0.064	0.042
0.002	0.118	0.857	0.023
0.850	0.085	0.044	0.021
0.021	0.063	0.915	0.001
0.106	0.147	0.085	0.662
0.021	0.085	0.023	0.871
0.002	0.776	0.127	0.095
0.148	0.715	0.116	0.021
0.021	0.095	0.799	0.085
>AACGTCACCCA	16-AACGTCACCCA	11.706013	-31.343948	0	T:16.0(0.68%),B:3.1(0.05%),P:1e-13	Tpos:122.3,Tstd:78.7,Bpos:326.2,Bstd:131.8,StrandBias:0.3,Multiplicity:1.12
0.910	0.001	0.088	0.001
0.997	0.001	0.001	0.001
0.088	0.910	0.001	0.001
0.089	0.377	0.533	0.001
0.001	0.001	0.088	0.910
0.001	0.997	0.001	0.001
0.910	0.001	0.001	0.088
0.001	0.997	0.001	0.001
0.001	0.997	0.001	0.001
0.001	0.910	0.088	0.001
0.910	0.001	0.001	0.088
>CGCGTGCGGAC	17-CGCGTGCGGAC	10.030423	-28.214285	0	T:13.0(0.55%),B:2.9(0.04%),P:1e-12	Tpos:80.9,Tstd:64.4,Bpos:225.4,Bstd:59.2,StrandBias:1.0,Multiplicity:1.15
0.126	0.727	0.084	0.063
0.064	0.001	0.914	0.021
0.044	0.755	0.138	0.063
0.042	0.084	0.873	0.001
0.073	0.167	0.042	0.718
0.001	0.021	0.957	0.021
0.167	0.749	0.042	0.042
0.128	0.042	0.807	0.023
0.001	0.002	0.955	0.042
0.757	0.117	0.063	0.063
0.001	0.800	0.177	0.022
>CGGCTGCGAGT	18-CGGCTGCGAGT	9.242551	-27.036121	0	T:53.0(2.25%),B:50.5(0.73%),P:1e-11	Tpos:131.2,Tstd:88.6,Bpos:163.2,Bstd:145.8,StrandBias:0.2,Multiplicity:1.04
0.061	0.690	0.155	0.094
0.077	0.045	0.795	0.083
0.045	0.098	0.827	0.030
0.030	0.880	0.045	0.045
0.045	0.030	0.060	0.865
0.001	0.031	0.953	0.015
0.015	0.852	0.031	0.102
0.030	0.046	0.923	0.001
0.712	0.092	0.165	0.031
0.060	0.077	0.833	0.030
0.091	0.133	0.092	0.684
>GCCTAGACGTG	19-GCCTAGACGTG	10.820681	-22.822595	0	T:9.0(0.38%),B:1.7(0.02%),P:1e-9	Tpos:140.4,Tstd:89.9,Bpos:316.4,Bstd:79.8,StrandBias:1.5,Multiplicity:2.56
0.001	0.001	0.997	0.001
0.001	0.936	0.001	0.062
0.154	0.844	0.001	0.001
0.001	0.001	0.001	0.997
0.997	0.001	0.001	0.001
0.001	0.001	0.997	0.001
0.997	0.001	0.001	0.001
0.062	0.672	0.001	0.265
0.062	0.062	0.875	0.001
0.062	0.001	0.001	0.936
0.001	0.001	0.997	0.001
>TCTACACTACC	20-TCTACACTACC	12.445803	-22.822595	0	T:9.0(0.38%),B:1.7(0.02%),P:1e-9	Tpos:123.6,Tstd:85.9,Bpos:175.3,Bstd:55.2,StrandBias:1.5,Multiplicity:1.67
0.001	0.001	0.001	0.997
0.001	0.997	0.001	0.001
0.001	0.001	0.001	0.997
0.918	0.001	0.001	0.080
0.001	0.997	0.001	0.001
0.997	0.001	0.001	0.001
0.001	0.997	0.001	0.001
0.001	0.080	0.001	0.918
0.918	0.001	0.001	0.080
0.001	0.997	0.001	0.001
0.001	0.918	0.080	0.001
>CAGGCGAATGC	21-CAGGCGAATGC	9.379902	-22.377319	0	T:11.0(0.47%),B:2.8(0.04%),P:1e-9	Tpos:166.8,Tstd:90.8,Bpos:86.8,Bstd:27.2,StrandBias:-0.8,Multiplicity:1.00
0.100	0.700	0.100	0.100
0.700	0.100	0.100	0.100
0.100	0.100	0.700	0.100
0.100	0.100	0.700	0.100
0.100	0.700	0.100	0.100
0.100	0.100	0.700	0.100
0.700	0.100	0.100	0.100
0.700	0.100	0.100	0.100
0.100	0.100	0.100	0.700
0.100	0.100	0.700	0.100
0.100	0.700	0.100	0.100
>CAATCGGGGCA	22-CAATCGGGGCA	7.775315	-20.701434	0	T:12.0(0.51%),B:3.9(0.06%),P:1e-8	Tpos:142.2,Tstd:71.8,Bpos:318.7,Bstd:214.2,StrandBias:0.2,Multiplicity:1.08
0.111	0.664	0.138	0.087
0.611	0.185	0.111	0.093
0.579	0.162	0.153	0.106
0.122	0.137	0.162	0.579
0.118	0.592	0.158	0.132
0.156	0.115	0.588	0.141
0.101	0.102	0.691	0.106
0.116	0.090	0.680	0.114
0.115	0.108	0.686	0.091
0.098	0.714	0.113	0.075
0.615	0.152	0.122	0.111
>ACCCCCAGACA	23-ACCCCCAGACA	11.527390	-19.585334	0	T:10.0(0.42%),B:2.5(0.04%),P:1e-8	Tpos:167.7,Tstd:80.2,Bpos:179.1,Bstd:82.7,StrandBias:-0.5,Multiplicity:2.20
0.997	0.001	0.001	0.001
0.001	0.997	0.001	0.001
0.233	0.556	0.210	0.001
0.001	0.997	0.001	0.001
0.001	0.732	0.057	0.210
0.216	0.579	0.001	0.204
0.935	0.001	0.063	0.001
0.001	0.001	0.997	0.001
0.997	0.001	0.001	0.001
0.001	0.840	0.001	0.158
0.997	0.001	0.001	0.001
>CACAGACAAAA	24-CACAGACAAAA	11.943114	-11.349784	0	T:8.0(0.34%),B:3.2(0.05%),P:1e-4	Tpos:117.5,Tstd:62.2,Bpos:172.6,Bstd:56.2,StrandBias:-1.5,Multiplicity:1.88
0.001	0.997	0.001	0.001
0.957	0.001	0.001	0.041
0.001	0.997	0.001	0.001
0.957	0.001	0.001	0.041
0.001	0.001	0.997	0.001
0.957	0.001	0.041	0.001
0.001	0.997	0.001	0.001
0.997	0.001	0.001	0.001
0.997	0.001	0.001	0.001
0.997	0.001	0.001	0.001
0.997	0.001	0.001	0.001
>ATATATATATA	25-ATATATATATA	9.788753	-1.864635	0	T:19.0(0.81%),B:43.2(0.62%),P:1e0	Tpos:165.6,Tstd:92.3,Bpos:150.7,Bstd:106.1,StrandBias:-0.0,Multiplicity:4.16
0.613	0.001	0.385	0.001
0.001	0.196	0.001	0.802
0.857	0.001	0.141	0.001
0.001	0.186	0.001	0.812
0.673	0.001	0.325	0.001
0.001	0.243	0.001	0.755
0.857	0.001	0.141	0.001
0.001	0.191	0.001	0.807
0.680	0.001	0.318	0.001
0.001	0.276	0.001	0.722
0.771	0.001	0.227	0.001
>CGGGGCGGAGCT	1-CGGGGCGGAGCT	12.841481	-68.426666	0	T:21.0(0.89%),B:1.6(0.02%),P:1e-29	Tpos:133.3,Tstd:69.4,Bpos:112.0,Bstd:0.0,StrandBias:-0.6,Multiplicity:1.19
0.001	0.774	0.160	0.065
0.001	0.001	0.997	0.001
0.001	0.064	0.934	0.001
0.001	0.159	0.839	0.001
0.001	0.065	0.869	0.065
0.001	0.934	0.001	0.064
0.001	0.064	0.934	0.001
0.001	0.001	0.997	0.001
0.934	0.064	0.001	0.001
0.001	0.001	0.997	0.001
0.001	0.997	0.001	0.001
0.065	0.001	0.160	0.774
>GCCCCGACCTCG	2-GCCCCGACCTCG	11.325951	-64.295142	0	T:20.0(0.85%),B:1.5(0.02%),P:1e-27	Tpos:185.2,Tstd:82.4,Bpos:68.0,Bstd:0.0,StrandBias:0.0,Multiplicity:1.00
0.031	0.060	0.894	0.015
0.015	0.954	0.001	0.030
0.030	0.692	0.233	0.045
0.044	0.594	0.303	0.059
0.074	0.853	0.029	0.044
0.066	0.323	0.582	0.029
0.497	0.089	0.340	0.074
0.015	0.882	0.074	0.029
0.076	0.850	0.059	0.015
0.103	0.198	0.116	0.583
0.001	0.759	0.226	0.014
0.074	0.148	0.748	0.030
>AGGTGWCAGACT	3-AGGTGWCAGACT	11.590525	-60.521526	0	T:30.0(1.27%),B:5.4(0.08%),P:1e-26	Tpos:150.1,Tstd:82.0,Bpos:123.7,Bstd:42.1,StrandBias:0.2,Multiplicity:1.00
0.877	0.001	0.112	0.010
0.102	0.001	0.785	0.112
0.101	0.001	0.897	0.001
0.010	0.102	0.001	0.887
0.001	0.101	0.897	0.001
0.455	0.112	0.013	0.420
0.001	0.984	0.014	0.001
0.997	0.001	0.001	0.001
0.001	0.101	0.897	0.001
0.785	0.001	0.204	0.010
0.001	0.997	0.001	0.001
0.344	0.001	0.001	0.654
>GGRCCRGCCCSG	4-GGRCCRGCCCSG	11.054987	-52.205563	0	T:23.0(0.98%),B:3.2(0.05%),P:1e-22	Tpos:140.0,Tstd:89.5,Bpos:65.7,Bstd:60.5,StrandBias:-0.6,Multiplicity:1.00
0.001	0.144	0.854	0.001
0.001	0.150	0.795	0.054
0.452	0.099	0.350	0.099
0.246	0.752	0.001	0.001
0.195	0.753	0.001	0.051
0.400	0.100	0.451	0.049
0.001	0.001	0.997	0.001
0.001	0.997	0.001	0.001
0.001	0.997	0.001	0.001
0.256	0.490	0.253	0.001
0.144	0.502	0.353	0.001
0.195	0.001	0.702	0.102
>AWGGTGDGRAWD	5-AWGGTGDGRAWD	7.434873	-48.671225	0	T:107.0(4.55%),B:107.7(1.56%),P:1e-21	Tpos:157.8,Tstd:91.3,Bpos:146.3,Bstd:102.4,StrandBias:-0.1,Multiplicity:1.10
0.428	0.174	0.208	0.189
0.438	0.022	0.232	0.308
0.165	0.025	0.573	0.237
0.103	0.309	0.564	0.024
0.055	0.035	0.042	0.868
0.031	0.044	0.872	0.053
0.268	0.018	0.305	0.409
0.180	0.152	0.635	0.033
0.533	0.029	0.400	0.038
0.498	0.201	0.274	0.027
0.400	0.196	0.078	0.327
0.308	0.165	0.326	0.201
>GCTTCGGCGCCG	6-GCTTCGGCGCCG	11.260291	-40.740835	0	T:17.0(0.72%),B:2.9(0.04%),P:1e-17	Tpos:139.4,Tstd:77.1,Bpos:152.0,Bstd:0.0,StrandBias:0.9,Multiplicity:1.00
0.025	0.074	0.876	0.025
0.025	0.925	0.025	0.025
0.025	0.126	0.052	0.797
0.101	0.159	0.134	0.606
0.003	0.871	0.052	0.074
0.003	0.074	0.874	0.049
0.025	0.052	0.898	0.025
0.049	0.828	0.122	0.001
0.001	0.134	0.792	0.073
0.024	0.951	0.024	0.001
0.074	0.693	0.159	0.074
0.024	0.073	0.902	0.001
>AATGCYCTTCCC	7-AATGCYCTTCCC	9.328263	-40.740835	0	T:17.0(0.72%),B:2.8(0.04%),P:1e-17	Tpos:125.1,Tstd:100.5,Bpos:115.1,Bstd:51.2,StrandBias:0.5,Multiplicity:1.00
0.510	0.232	0.239	0.019
0.478	0.023	0.315	0.185
0.148	0.104	0.211	0.537
0.085	0.174	0.561	0.180
0.011	0.666	0.151	0.172
0.249	0.286	0.045	0.420
0.011	0.812	0.102	0.075
0.219	0.187	0.008	0.586
0.072	0.008	0.322	0.598
0.064	0.826	0.091	0.019
0.116	0.699	0.011	0.174
0.113	0.721	0.004	0.162
>CTGTGAGCCATG	8-CTGTGAGCCATG	12.251206	-40.740835	0	T:17.0(0.72%),B:2.6(0.04%),P:1e-17	Tpos:150.6,Tstd:113.4,Bpos:127.2,Bstd:34.1,StrandBias:0.5,Multiplicity:1.00
0.142	0.856	0.001	0.001
0.001	0.001	0.001	0.997
0.001	0.001	0.997	0.001
0.001	0.001	0.142	0.856
0.001	0.001	0.856	0.142
0.997	0.001	0.001	0.001
0.001	0.001	0.997	0.001
0.001	0.856	0.001	0.142
0.001	0.997	0.001	0.001
0.997	0.001	0.001	0.001
0.001	0.143	0.143	0.713
0.001	0.001	0.997	0.001
>AGGCCGGGGACT	9-AGGCCGGGGACT	10.723758	-40.635619	0	T:14.0(0.59%),B:2.0(0.03%),P:1e-17	Tpos:144.8,Tstd:105.8,Bpos:215.8,Bstd:11.1,StrandBias:0.2,Multiplicity:1.21
0.853	0.042	0.104	0.001
0.001	0.083	0.894	0.022
0.063	0.084	0.748	0.105
0.021	0.936	0.001	0.042
0.064	0.830	0.063	0.043
0.084	0.063	0.789	0.064
0.042	0.043	0.873	0.042
0.021	0.042	0.895	0.042
0.063	0.105	0.811	0.021
0.704	0.126	0.085	0.085
0.042	0.789	0.106	0.063
0.042	0.043	0.022	0.893
>GTGTGAGACCGT	10-GTGTGAGACCGT	11.170610	-34.348068	0	T:15.0(0.64%),B:2.5(0.04%),P:1e-14	Tpos:135.1,Tstd:120.7,Bpos:270.9,Bstd:67.3,StrandBias:0.4,Multiplicity:1.07
0.001	0.023	0.975	0.001
0.001	0.001	0.227	0.771
0.001	0.031	0.741	0.227
0.001	0.001	0.001	0.997
0.001	0.001	0.997	0.001
0.885	0.001	0.001	0.113
0.114	0.114	0.658	0.114
0.880	0.118	0.001	0.001
0.137	0.833	0.029	0.001
0.114	0.634	0.114	0.138
0.001	0.029	0.857	0.113
0.012	0.001	0.113	0.874
>AATTATGAGTCA	11-AATTATGAGTCA	11.055767	-34.348068	0	T:15.0(0.64%),B:2.7(0.04%),P:1e-14	Tpos:150.8,Tstd:54.5,Bpos:134.8,Bstd:86.0,StrandBias:-0.7,Multiplicity:1.07
0.695	0.067	0.204	0.034
0.798	0.034	0.101	0.067
0.101	0.137	0.134	0.628
0.101	0.034	0.101	0.764
0.729	0.134	0.070	0.067
0.034	0.037	0.034	0.895
0.037	0.101	0.728	0.134
0.997	0.001	0.001	0.001
0.001	0.036	0.962	0.001
0.100	0.001	0.001	0.898
0.033	0.930	0.001	0.036
0.996	0.001	0.001	0.002
>CCAGCCTAGMGG	12-CCAGCCTAGMGG	10.414970	-33.261959	0	T:12.0(0.51%),B:1.6(0.02%),P:1e-14	Tpos:142.2,Tstd:99.5,Bpos:149.4,Bstd:62.1,StrandBias:1.2,Multiplicity:1.92
0.001	0.733	0.001	0.265
0.001	0.997	0.001	0.001
0.997	0.001	0.001	0.001
0.001	0.001	0.997	0.001
0.001	0.997	0.001	0.001
0.263	0.735	0.001	0.001
0.001	0.001	0.001	0.997
0.997	0.001	0.001	0.001
0.001	0.001	0.997	0.001
0.413	0.556	0.030	0.001
0.001	0.282	0.591	0.126
0.001	0.001	0.997	0.001
>CTGGGCGCGCCT	13-CTGGGCGCGCCT	10.305879	-30.913501	0	T:19.0(0.81%),B:5.8(0.08%),P:1e-13	Tpos:100.5,Tstd:73.0,Bpos:247.1,Bstd:51.6,StrandBias:0.5,Multiplicity:1.00
0.026	0.828	0.097	0.049
0.072	0.153	0.090	0.685
0.035	0.090	0.843	0.032
0.067	0.138	0.725	0.070
0.055	0.067	0.811	0.067
0.078	0.689	0.172	0.061
0.075	0.114	0.736	0.075
0.070	0.783	0.101	0.046
0.058	0.113	0.740	0.089
0.048	0.757	0.137	0.058
0.046	0.811	0.068	0.075
0.087	0.169	0.150	0.594
>TCGGCCGGGACC	14-TCGGCCGGGACC	10.409522	-29.692417	0	T:11.0(0.47%),B:0.9(0.01%),P:1e-12	Tpos:152.7,Tstd:70.2,Bpos:199.0,Bstd:0.0,StrandBias:1.4,Multiplicity:1.00
0.100	0.100	0.100	0.700
0.100	0.700	0.100	0.100
0.100	0.100	0.700	0.100
0.100	0.100	0.700	0.100
0.100	0.700	0.100	0.100
0.100	0.700	0.100	0.100
0.100	0.100	0.700	0.100
0.100	0.100	0.700	0.100
0.100	0.100	0.700	0.100
0.700	0.100	0.100	0.100
0.100	0.700	0.100	0.100
0.100	0.700	0.100	0.100
>AGTGGCYCACGG	15-AGTGGCYCACGG	9.236587	-28.214285	0	T:13.0(0.55%),B:3.0(0.04%),P:1e-12	Tpos:119.2,Tstd:58.5,Bpos:104.0,Bstd:69.5,StrandBias:-0.4,Multiplicity:1.23
0.456	0.137	0.286	0.122
0.050	0.102	0.834	0.014
0.195	0.175	0.193	0.437
0.014	0.075	0.739	0.172
0.006	0.108	0.875	0.011
0.069	0.765	0.158	0.008
0.116	0.365	0.029	0.490
0.155	0.629	0.210	0.006
0.438	0.281	0.173	0.108
0.103	0.457	0.276	0.164
0.184	0.006	0.580	0.230
0.011	0.115	0.707	0.167
>GGGCCCAGGRGG	16-GGGCCCAGGRGG	12.863533	-28.214285	0	T:13.0(0.55%),B:2.0(0.03%),P:1e-12	Tpos:129.1,Tstd:83.4,Bpos:170.4,Bstd:24.7,StrandBias:-1.3,Multiplicity:1.31
0.001	0.256	0.686	0.057
0.001	0.001	0.871	0.127
0.006	0.001	0.865	0.128
0.001	0.868	0.001	0.130
0.006	0.865	0.128	0.001
0.041	0.954	0.001	0.004
0.992	0.001	0.001	0.006
0.006	0.001	0.992	0.001
0.006	0.001	0.992	0.001
0.427	0.001	0.571	0.001
0.127	0.001	0.871	0.001
0.007	0.128	0.608	0.257
>GGCCGGGTCACG	17-GGCCGGGTCACG	10.656271	-27.470996	0	T:29.0(1.23%),B:16.9(0.24%),P:1e-11	Tpos:171.3,Tstd:118.4,Bpos:150.2,Bstd:121.3,StrandBias:-1.0,Multiplicity:1.14
0.063	0.109	0.796	0.032
0.032	0.095	0.778	0.095
0.032	0.733	0.172	0.063
0.172	0.670	0.126	0.032
0.001	0.001	0.932	0.066
0.031	0.067	0.901	0.001
0.031	0.031	0.937	0.001
0.001	0.098	0.031	0.870
0.001	0.936	0.062	0.001
0.827	0.141	0.031	0.001
0.036	0.869	0.063	0.032
0.032	0.162	0.774	0.032
>CTCAGCGGCCCG	18-CTCAGCGGCCCG	10.409522	-25.884855	0	T:14.0(0.59%),B:3.6(0.05%),P:1e-11	Tpos:179.1,Tstd:112.6,Bpos:161.9,Bstd:33.8,StrandBias:0.4,Multiplicity:1.00
0.100	0.700	0.100	0.100
0.100	0.100	0.100	0.700
0.100	0.700	0.100	0.100
0.700	0.100	0.100	0.100
0.100	0.100	0.700	0.100
0.100	0.700	0.100	0.100
0.100	0.100	0.700	0.100
0.100	0.100	0.700	0.100
0.100	0.700	0.100	0.100
0.100	0.700	0.100	0.100
0.100	0.700	0.100	0.100
0.100	0.100	0.700	0.100
>ACCCTCCTACAC	19-ACCCTCCTACAC	12.216486	-22.377319	0	T:11.0(0.47%),B:2.6(0.04%),P:1e-9	Tpos:136.4,Tstd:93.7,Bpos:123.9,Bstd:13.8,StrandBias:-0.3,Multiplicity:2.27
0.871	0.001	0.001	0.127
0.001	0.858	0.140	0.001
0.012	0.986	0.001	0.001
0.002	0.843	0.001	0.154
0.397	0.001	0.001	0.601
0.001	0.997	0.001	0.001
0.001	0.997	0.001	0.001
0.259	0.142	0.001	0.598
0.569	0.142	0.030	0.259
0.002	0.984	0.013	0.001
0.562	0.128	0.257	0.053
0.001	0.871	0.127	0.001
>ACACTACCTGAC	20-ACACTACCTGAC	9.230660	-19.585334	0	T:10.0(0.42%),B:2.2(0.03%),P:1e-8	Tpos:192.1,Tstd:103.5,Bpos:137.3,Bstd:21.6,StrandBias:0.6,Multiplicity:1.50
0.611	0.161	0.104	0.124
0.092	0.731	0.100	0.077
0.697	0.124	0.076	0.103
0.075	0.686	0.134	0.105
0.131	0.165	0.083	0.621
0.507	0.171	0.161	0.161
0.110	0.680	0.107	0.103
0.095	0.757	0.058	0.090
0.139	0.075	0.062	0.724
0.077	0.133	0.714	0.076
0.603	0.150	0.145	0.102
0.105	0.672	0.122	0.101
>ACAWAMCYACAC	21-ACAWAMCYACAC	9.481062	-17.559754	0	T:12.0(0.51%),B:5.0(0.07%),P:1e-7	Tpos:155.9,Tstd:84.3,Bpos:146.0,Bstd:61.4,StrandBias:-2.9,Multiplicity:2.17
0.761	0.001	0.036	0.202
0.018	0.634	0.018	0.330
0.817	0.083	0.018	0.082
0.331	0.156	0.082	0.431
0.660	0.046	0.285	0.009
0.403	0.394	0.009	0.193
0.046	0.615	0.165	0.174
0.009	0.504	0.009	0.478
0.643	0.229	0.092	0.036
0.247	0.524	0.220	0.009
0.633	0.228	0.001	0.138
0.166	0.623	0.156	0.055
>GAGTGGCAGGCC	22-GAGTGGCAGGCC	9.300191	-16.887986	0	T:9.0(0.38%),B:2.7(0.04%),P:1e-7	Tpos:156.2,Tstd:94.7,Bpos:185.6,Bstd:42.7,StrandBias:2.9,Multiplicity:1.89
0.117	0.136	0.681	0.066
0.604	0.124	0.165	0.107
0.082	0.141	0.708	0.069
0.133	0.132	0.178	0.557
0.083	0.121	0.689	0.107
0.107	0.143	0.673	0.077
0.100	0.691	0.144	0.065
0.620	0.124	0.140	0.116
0.089	0.089	0.744	0.078
0.083	0.142	0.682	0.093
0.088	0.688	0.125	0.099
0.112	0.664	0.119	0.105
>ACCTGTACCTAC	23-ACCTGTACCTAC	10.154797	-15.306080	0	T:19.0(0.81%),B:13.9(0.20%),P:1e-6	Tpos:161.2,Tstd:117.3,Bpos:146.3,Bstd:100.0,StrandBias:2.3,Multiplicity:1.53
0.696	0.152	0.101	0.051
0.001	0.948	0.050	0.001
0.001	0.997	0.001	0.001
0.021	0.001	0.001	0.977
0.001	0.050	0.899	0.050
0.054	0.054	0.202	0.690
0.692	0.152	0.105	0.051
0.001	0.948	0.050	0.001
0.001	0.948	0.001	0.050
0.101	0.101	0.051	0.747
0.747	0.101	0.051	0.101
0.001	0.743	0.202	0.054
>NBACAGGGCANN	24-NBACAGGGCANN	7.228134	-9.472277	0	T:6.0(0.25%),B:2.4(0.04%),P:1e-4	Tpos:112.7,Tstd:76.4,Bpos:133.2,Bstd:49.8,StrandBias:-0.2,Multiplicity:2.17
0.308	0.215	0.270	0.207
0.187	0.228	0.242	0.343
0.556	0.177	0.140	0.127
0.128	0.611	0.130	0.131
0.552	0.190	0.153	0.105
0.120	0.182	0.582	0.116
0.108	0.177	0.603	0.112
0.106	0.141	0.630	0.123
0.115	0.590	0.150	0.145
0.558	0.146	0.177	0.119
0.193	0.270	0.209	0.327
0.219	0.228	0.341	0.211
>TATGTATATATA	25-TATGTATATATA	9.779730	-4.722508	0	T:31.0(1.32%),B:57.7(0.83%),P:1e-2	Tpos:170.2,Tstd:97.6,Bpos:153.7,Bstd:104.9,StrandBias:0.0,Multiplicity:3.58
0.001	0.353	0.001	0.645
0.913	0.001	0.085	0.001
0.001	0.233	0.001	0.765
0.318	0.001	0.680	0.001
0.001	0.251	0.001	0.747
0.588	0.001	0.410	0.001
0.001	0.076	0.001	0.922
0.633	0.001	0.365	0.001
0.001	0.212	0.001	0.786
0.650	0.001	0.348	0.001
0.001	0.223	0.001	0.775
0.905	0.001	0.093	0.001
>ACTAAT	1-ACTAAT	5.624563	-22.081957	0	T:636.0(27.02%),B:1493.0(21.58%),P:1e-9	Tpos:153.8,Tstd:114.7,Bpos:149.7,Bstd:92.8,StrandBias:0.0,Multiplicity:1.41
0.631	0.097	0.155	0.117
0.001	0.706	0.184	0.109
0.001	0.001	0.001	0.997
0.997	0.001	0.001	0.001
0.997	0.001	0.001	0.001
0.001	0.001	0.001	0.997
>GTGTGA	2-GTGTGA	5.759776	-20.797160	0	T:877.0(37.26%),B:2172.5(31.40%),P:1e-9	Tpos:149.9,Tstd:103.2,Bpos:148.3,Bstd:112.6,StrandBias:-0.0,Multiplicity:1.39
0.001	0.001	0.997	0.001
0.001	0.124	0.001	0.874
0.001	0.214	0.784	0.001
0.001	0.001	0.001	0.997
0.001	0.001	0.804	0.194
0.997	0.001	0.001	0.001
>TAGACG	3-TAGACG	6.635444	-13.980400	0	T:290.0(12.32%),B:644.9(9.32%),P:1e-6	Tpos:154.9,Tstd:107.2,Bpos:145.4,Bstd:92.9,StrandBias:-0.2,Multiplicity:1.15
0.001	0.001	0.001	0.997
0.997	0.001	0.001	0.001
0.001	0.001	0.738	0.260
0.997	0.001	0.001	0.001
0.001	0.997	0.001	0.001
0.255	0.001	0.743	0.001
>CGAGTT	4-CGAGTT	6.177716	-12.870286	0	T:109.0(4.63%),B:201.4(2.91%),P:1e-5	Tpos:129.9,Tstd:80.6,Bpos:163.9,Bstd:121.1,StrandBias:-0.2,Multiplicity:1.00
0.100	0.700	0.100	0.100
0.100	0.100	0.700	0.100
0.700	0.100	0.100	0.100
0.100	0.100	0.700	0.100
0.100	0.100	0.100	0.700
0.100	0.100	0.100	0.700
>CGGCGA	5-CGGCGA	6.550521	-11.439950	0	T:396.0(16.82%),B:948.1(13.71%),P:1e-4	Tpos:144.2,Tstd:95.3,Bpos:145.4,Bstd:153.3,StrandBias:0.1,Multiplicity:1.24
0.001	0.820	0.178	0.001
0.001	0.001	0.997	0.001
0.001	0.014	0.984	0.001
0.001	0.997	0.001	0.001
0.001	0.001	0.997	0.001
0.984	0.014	0.001	0.001
>CGCCGA	6-CGCCGA	8.194290	-10.151610	0	T:174.0(7.39%),B:376.3(5.44%),P:1e-4	Tpos:153.6,Tstd:97.7,Bpos:157.8,Bstd:149.3,StrandBias:-0.1,Multiplicity:1.11
0.001	0.983	0.015	0.001
0.001	0.001	0.997	0.001
0.001	0.997	0.001	0.001
0.001	0.997	0.001	0.001
0.001	0.001	0.997	0.001
0.910	0.001	0.076	0.013
>SGCCGK	7-SGCCGK	6.682252	-4.086528	0	T:565.0(24.00%),B:1532.2(22.15%),P:1e-1	Tpos:145.7,Tstd:100.9,Bpos:145.6,Bstd:148.3,StrandBias:0.1,Multiplicity:1.58
0.075	0.447	0.477	0.001
0.001	0.002	0.996	0.001
0.001	0.997	0.001	0.001
0.001	0.921	0.077	0.001
0.001	0.001	0.997	0.001
0.100	0.001	0.451	0.448
>ACATAT	8-ACATAT	5.136804	-1.573550	0	T:458.0(19.46%),B:1299.1(18.78%),P:1e0	Tpos:154.0,Tstd:98.0,Bpos:147.0,Bstd:100.0,StrandBias:-0.0,Multiplicity:1.65
0.997	0.001	0.001	0.001
0.001	0.997	0.001	0.001
0.852	0.001	0.146	0.001
0.001	0.288	0.001	0.710
0.997	0.001	0.001	0.001
0.001	0.001	0.001	0.997
>TAACACT	1-TAACACT	4.384049	-30.818810	0	T:470.0(19.97%),B:989.5(14.30%),P:1e-13	Tpos:150.2,Tstd:102.5,Bpos:149.8,Bstd:109.9,StrandBias:0.0,Multiplicity:1.20
0.001	0.001	0.001	0.997
0.819	0.179	0.001	0.001
0.997	0.001	0.001	0.001
0.001	0.997	0.001	0.001
0.846	0.001	0.152	0.001
0.001	0.997	0.001	0.001
0.001	0.182	0.001	0.816
>GTGTCGA	2-GTGTCGA	5.791347	-27.100532	0	T:534.0(22.68%),B:1180.8(17.07%),P:1e-11	Tpos:148.3,Tstd:99.8,Bpos:151.5,Bstd:107.4,StrandBias:0.1,Multiplicity:1.24
0.014	0.001	0.984	0.001
0.039	0.001	0.133	0.827
0.001	0.067	0.931	0.001
0.001	0.001	0.101	0.897
0.072	0.686	0.241	0.001
0.170	0.043	0.670	0.117
0.997	0.001	0.001	0.001
>ATGAGTC	3-ATGAGTC	6.776279	-21.918858	0	T:244.0(10.37%),B:477.6(6.90%),P:1e-9	Tpos:147.7,Tstd:102.3,Bpos:147.2,Bstd:93.2,StrandBias:-0.1,Multiplicity:1.11
0.997	0.001	0.001	0.001
0.001	0.001	0.001	0.997
0.001	0.001	0.889	0.109
0.794	0.117	0.001	0.088
0.074	0.249	0.676	0.001
0.001	0.075	0.001	0.923
0.001	0.997	0.001	0.001
>CATACGT	4-CATACGT	7.937729	-15.387717	0	T:126.0(5.35%),B:229.5(3.32%),P:1e-6	Tpos:154.5,Tstd:97.7,Bpos:135.0,Bstd:116.8,StrandBias:0.2,Multiplicity:1.20
0.002	0.962	0.001	0.035
0.995	0.003	0.001	0.001
0.001	0.239	0.260	0.500
0.992	0.001	0.004	0.003
0.001	0.997	0.001	0.001
0.234	0.001	0.764	0.001
0.005	0.001	0.005	0.989
>TATTAAT	5-TATTAAT	5.847084	-13.015629	0	T:183.0(7.77%),B:379.7(5.49%),P:1e-5	Tpos:166.4,Tstd:123.3,Bpos:147.5,Bstd:93.6,StrandBias:0.0,Multiplicity:1.21
0.189	0.155	0.134	0.522
0.797	0.048	0.154	0.001
0.147	0.149	0.095	0.609
0.015	0.028	0.117	0.840
0.790	0.106	0.087	0.017
0.671	0.038	0.206	0.085
0.078	0.082	0.064	0.776
>CGGCGGC	6-CGGCGGC	4.572640	-12.353710	0	T:568.0(24.13%),B:1407.7(20.35%),P:1e-5	Tpos:145.6,Tstd:98.8,Bpos:154.5,Bstd:167.7,StrandBias:-0.1,Multiplicity:1.61
0.001	0.997	0.001	0.001
0.001	0.001	0.997	0.001
0.090	0.001	0.908	0.001
0.001	0.997	0.001	0.001
0.001	0.212	0.604	0.183
0.001	0.001	0.997	0.001
0.110	0.888	0.001	0.001
>CGTCGCV	7-CGTCGCV	5.900638	-10.262973	0	T:458.0(19.46%),B:1130.9(16.35%),P:1e-4	Tpos:147.5,Tstd:92.7,Bpos:154.1,Bstd:163.5,StrandBias:0.0,Multiplicity:1.55
0.198	0.564	0.001	0.237
0.001	0.036	0.707	0.256
0.003	0.001	0.404	0.592
0.001	0.997	0.001	0.001
0.001	0.001	0.997	0.001
0.044	0.656	0.299	0.001
0.264	0.400	0.328	0.008
>ATCCGTT	8-ATCCGTT	7.207335	-10.222344	0	T:21.0(0.89%),B:22.6(0.33%),P:1e-4	Tpos:154.6,Tstd:64.4,Bpos:170.8,Bstd:95.9,StrandBias:0.6,Multiplicity:1.10
0.700	0.100	0.100	0.100
0.100	0.100	0.100	0.700
0.100	0.700	0.100	0.100
0.100	0.700	0.100	0.100
0.100	0.100	0.700	0.100
0.100	0.100	0.100	0.700
0.100	0.100	0.100	0.700
>TTGCACG	9-TTGCACG	7.207335	-10.203552	0	T:34.0(1.44%),B:46.8(0.68%),P:1e-4	Tpos:163.6,Tstd:83.9,Bpos:151.2,Bstd:106.7,StrandBias:-1.3,Multiplicity:1.06
0.100	0.100	0.100	0.700
0.100	0.100	0.100	0.700
0.100	0.100	0.700	0.100
0.100	0.700	0.100	0.100
0.700	0.100	0.100	0.100
0.100	0.700	0.100	0.100
0.100	0.100	0.700	0.100
>CTTACCG	10-CTTACCG	7.607297	-9.866236	0	T:50.0(2.12%),B:80.1(1.16%),P:1e-4	Tpos:139.7,Tstd:85.5,Bpos:150.6,Bstd:135.5,StrandBias:-0.2,Multiplicity:1.04
0.161	0.837	0.001	0.001
0.001	0.001	0.001	0.997
0.001	0.001	0.001	0.997
0.997	0.001	0.001	0.001
0.149	0.849	0.001	0.001
0.001	0.997	0.001	0.001
0.001	0.001	0.997	0.001
>CCGGACC	11-CCGGACC	6.948567	-5.548030	0	T:407.0(17.29%),B:1056.4(15.27%),P:1e-2	Tpos:143.8,Tstd:102.1,Bpos:149.8,Bstd:140.9,StrandBias:-0.0,Multiplicity:1.26
0.025	0.973	0.001	0.001
0.136	0.709	0.060	0.095
0.001	0.001	0.997	0.001
0.001	0.047	0.951	0.001
0.692	0.185	0.122	0.001
0.048	0.770	0.108	0.074
0.001	0.951	0.001	0.047
>CCTACAC	12-CCTACAC	7.207335	-3.670442	0	T:65.0(2.76%),B:148.1(2.14%),P:1e-1	Tpos:159.6,Tstd:99.1,Bpos:144.3,Bstd:109.6,StrandBias:-1.0,Multiplicity:1.37
0.100	0.700	0.100	0.100
0.100	0.700	0.100	0.100
0.100	0.100	0.100	0.700
0.700	0.100	0.100	0.100
0.100	0.700	0.100	0.100
0.700	0.100	0.100	0.100
0.100	0.700	0.100	0.100
>TATATAT	13-TATATAT	6.310226	-1.170304	0	T:139.0(5.90%),B:391.9(5.67%),P:1e0	Tpos:160.4,Tstd:99.9,Bpos:154.2,Bstd:110.8,StrandBias:-0.0,Multiplicity:2.14
0.001	0.266	0.023	0.710
0.829	0.001	0.169	0.001
0.001	0.287	0.001	0.711
0.875	0.027	0.097	0.001
0.001	0.153	0.027	0.819
0.650	0.072	0.277	0.001
0.001	0.153	0.001	0.845
>TCACACCT	1-TCACACCT	7.266494	-62.176878	0	T:403.0(17.12%),B:680.3(9.83%),P:1e-27	Tpos:151.9,Tstd:97.0,Bpos:149.3,Bstd:105.1,StrandBias:0.0,Multiplicity:1.18
0.035	0.001	0.001	0.963
0.069	0.872	0.044	0.015
0.854	0.074	0.001	0.071
0.021	0.959	0.019	0.001
0.958	0.018	0.023	0.001
0.001	0.997	0.001	0.001
0.041	0.761	0.021	0.177
0.073	0.052	0.009	0.866
>ATTAGTCA	2-ATTAGTCA	7.768202	-40.057946	0	T:166.0(7.05%),B:234.7(3.39%),P:1e-17	Tpos:149.5,Tstd:88.5,Bpos:142.7,Bstd:82.8,StrandBias:-0.2,Multiplicity:1.08
0.997	0.001	0.001	0.001
0.017	0.001	0.001	0.981
0.018	0.021	0.272	0.689
0.997	0.001	0.001	0.001
0.073	0.099	0.807	0.021
0.154	0.001	0.022	0.823
0.068	0.930	0.001	0.001
0.961	0.037	0.001	0.001
>TGCYAGAC	3-TGCYAGAC	3.548385	-37.761059	0	T:188.0(7.99%),B:286.3(4.14%),P:1e-16	Tpos:156.4,Tstd:105.9,Bpos:151.8,Bstd:117.0,StrandBias:-0.5,Multiplicity:1.07
0.001	0.001	0.001	0.997
0.001	0.001	0.997	0.001
0.410	0.566	0.001	0.023
0.001	0.458	0.001	0.540
0.997	0.001	0.001	0.001
0.001	0.001	0.997	0.001
0.997	0.001	0.001	0.001
0.001	0.997	0.001	0.001
>TAATTAGC	4-TAATTAGC	5.431460	-30.594521	0	T:347.0(14.74%),B:682.4(9.86%),P:1e-13	Tpos:150.0,Tstd:115.8,Bpos:148.3,Bstd:96.8,StrandBias:0.2,Multiplicity:1.14
0.108	0.051	0.143	0.698
0.702	0.166	0.047	0.085
0.824	0.094	0.066	0.016
0.016	0.023	0.079	0.882
0.079	0.045	0.081	0.795
0.835	0.067	0.046	0.052
0.178	0.060	0.647	0.115
0.129	0.623	0.105	0.143
>GCACGTCG	5-GCACGTCG	4.115592	-27.015339	0	T:131.0(5.56%),B:198.7(2.87%),P:1e-11	Tpos:159.5,Tstd:104.7,Bpos:144.2,Bstd:156.7,StrandBias:0.0,Multiplicity:1.09
