>TCACACCT	1-TCACACCT	7.266494	-62.176878	0	T:403.0(17.12%),B:680.3(9.83%),P:1e-27	Tpos:151.9,Tstd:97.0,Bpos:149.3,Bstd:105.1,StrandBias:0.0,Multiplicity:1.18
0.035	0.001	0.001	0.963
0.069	0.872	0.044	0.015
0.854	0.074	0.001	0.071
0.021	0.959	0.019	0.001
0.958	0.018	0.023	0.001
0.001	0.997	0.001	0.001
0.041	0.761	0.021	0.177
0.073	0.052	0.009	0.866
>ATTAGTCA	2-ATTAGTCA	7.768202	-40.057946	0	T:166.0(7.05%),B:234.7(3.39%),P:1e-17	Tpos:149.5,Tstd:88.5,Bpos:142.7,Bstd:82.8,StrandBias:-0.2,Multiplicity:1.08
0.997	0.001	0.001	0.001
0.017	0.001	0.001	0.981
0.018	0.021	0.272	0.689
0.997	0.001	0.001	0.001
0.073	0.099	0.807	0.021
0.154	0.001	0.022	0.823
0.068	0.930	0.001	0.001
0.961	0.037	0.001	0.001
>TGCYAGAC	3-TGCYAGAC	3.548385	-37.761059	0	T:188.0(7.99%),B:286.3(4.14%),P:1e-16	Tpos:156.4,Tstd:105.9,Bpos:151.8,Bstd:117.0,StrandBias:-0.5,Multiplicity:1.07
0.001	0.001	0.001	0.997
0.001	0.001	0.997	0.001
0.410	0.566	0.001	0.023
0.001	0.458	0.001	0.540
0.997	0.001	0.001	0.001
0.001	0.001	0.997	0.001
0.997	0.001	0.001	0.001
0.001	0.997	0.001	0.001
>TAATTAGC	4-TAATTAGC	5.431460	-30.594521	0	T:347.0(14.74%),B:682.4(9.86%),P:1e-13	Tpos:150.0,Tstd:115.8,Bpos:148.3,Bstd:96.8,StrandBias:0.2,Multiplicity:1.14
0.108	0.051	0.143	0.698
0.702	0.166	0.047	0.085
0.824	0.094	0.066	0.016
0.016	0.023	0.079	0.882
0.079	0.045	0.081	0.795
0.835	0.067	0.046	0.052
0.178	0.060	0.647	0.115
0.129	0.623	0.105	0.143
>GCACGTCG	5-GCACGTCG	4.115592	-27.015339	0	T:131.0(5.56%),B:198.7(2.87%),P:1e-11	Tpos:159.5,Tstd:104.7,Bpos:144.2,Bstd:156.7,StrandBias:0.0,Multiplicity:1.09
0.001	0.001	0.997	0.001
0.006	0.992	0.001	0.001
0.957	0.041	0.001	0.001
0.001	0.997	0.001	0.001
0.001	0.001	0.997	0.001
0.001	0.001	0.301	0.697
0.001	0.997	0.001	0.001
0.001	0.001	0.997	0.001
>CGCCGACG	6-CGCCGACG	8.107577	-22.762409	0	T:79.0(3.36%),B:104.9(1.52%),P:1e-9	Tpos:151.5,Tstd:98.5,Bpos:162.8,Bstd:132.7,StrandBias:0.5,Multiplicity:1.05
0.033	0.743	0.193	0.031
0.001	0.133	0.853	0.013
0.001	0.997	0.001	0.001
0.001	0.997	0.001	0.001
0.016	0.001	0.970	0.013
0.822	0.099	0.028	0.051
0.001	0.841	0.110	0.048
0.001	0.060	0.769	0.170
>AGCCCCTT	7-AGCCCCTT	6.591350	-22.113650	0	T:305.0(12.96%),B:626.4(9.05%),P:1e-9	Tpos:143.1,Tstd:91.1,Bpos:153.9,Bstd:111.2,StrandBias:-0.2,Multiplicity:1.12
0.875	0.001	0.001	0.123
0.001	0.001	0.997	0.001
0.001	0.913	0.001	0.085
0.096	0.902	0.001	0.001
0.001	0.860	0.138	0.001
0.001	0.900	0.001	0.098
0.001	0.001	0.001	0.997
0.001	0.125	0.001	0.873
>ACTCGCAA	8-ACTCGCAA	7.276830	-22.034284	0	T:111.0(4.72%),B:171.8(2.48%),P:1e-9	Tpos:136.1,Tstd:76.2,Bpos:152.1,Bstd:102.8,StrandBias:0.1,Multiplicity:1.03
0.898	0.076	0.001	0.025
0.035	0.931	0.001	0.033
0.004	0.032	0.033	0.931
0.001	0.878	0.001	0.120
0.085	0.169	0.745	0.001
0.033	0.890	0.058	0.019
0.925	0.018	0.038	0.019
0.808	0.001	0.190	0.001
>ACGTTGGG	9-ACGTTGGG	6.211755	-20.810536	0	T:62.0(2.63%),B:76.5(1.11%),P:1e-9	Tpos:140.7,Tstd:83.4,Bpos:145.6,Bstd:78.7,StrandBias:-0.5,Multiplicity:1.03
0.997	0.001	0.001	0.001
0.001	0.940	0.001	0.058
0.001	0.001	0.997	0.001
0.001	0.001	0.001	0.997
0.152	0.001	0.001	0.846
0.001	0.038	0.876	0.085
0.001	0.001	0.997	0.001
0.001	0.001	0.997	0.001
>AGTTGCGA	10-AGTTGCGA	8.236954	-19.585334	0	T:10.0(0.42%),B:2.5(0.04%),P:1e-8	Tpos:146.3,Tstd:84.0,Bpos:196.7,Bstd:85.5,StrandBias:2.0,Multiplicity:1.00
0.700	0.100	0.100	0.100
0.100	0.100	0.700	0.100
0.100	0.100	0.100	0.700
0.100	0.100	0.100	0.700
0.100	0.100	0.700	0.100
0.100	0.700	0.100	0.100
0.100	0.100	0.700	0.100
0.700	0.100	0.100	0.100
>CGTGACCC	11-CGTGACCC	8.765251	-19.179418	0	T:109.0(4.63%),B:176.1(2.55%),P:1e-8	Tpos:153.7,Tstd:96.2,Bpos:136.1,Bstd:144.2,StrandBias:0.2,Multiplicity:1.10
0.001	0.834	0.164	0.001
0.001	0.001	0.997	0.001
0.229	0.001	0.001	0.769
0.001	0.001	0.997	0.001
0.997	0.001	0.001	0.001
0.001	0.997	0.001	0.001
0.001	0.997	0.001	0.001
0.211	0.787	0.001	0.001
>GTTACGTT	12-GTTACGTT	9.807014	-18.226032	0	T:11.0(0.47%),B:3.2(0.05%),P:1e-7	Tpos:128.0,Tstd:62.8,Bpos:179.1,Bstd:79.0,StrandBias:-0.3,Multiplicity:1.00
0.001	0.001	0.997	0.001
0.001	0.283	0.001	0.715
0.001	0.001	0.001	0.997
0.997	0.001	0.001	0.001
0.001	0.997	0.001	0.001
0.001	0.001	0.997	0.001
0.001	0.001	0.001	0.997
0.001	0.001	0.001	0.997
>TAGATCCG	13-TAGATCCG	7.237394	-17.287948	0	T:76.0(3.23%),B:112.6(1.63%),P:1e-7	Tpos:172.3,Tstd:114.5,Bpos:158.6,Bstd:128.8,StrandBias:-0.2,Multiplicity:1.08
0.003	0.036	0.280	0.681
0.882	0.001	0.116	0.001
0.060	0.057	0.837	0.046
0.967	0.016	0.001	0.016
0.059	0.026	0.001	0.914
0.001	0.954	0.044	0.001
0.089	0.909	0.001	0.001
0.127	0.001	0.853	0.019
>CTCGCAGC	14-CTCGCAGC	8.236954	-16.456292	0	T:42.0(1.78%),B:48.2(0.70%),P:1e-7	Tpos:134.2,Tstd:102.1,Bpos:141.5,Bstd:134.9,StrandBias:0.1,Multiplicity:1.05
0.100	0.700	0.100	0.100
0.100	0.100	0.100	0.700
0.100	0.700	0.100	0.100
0.100	0.100	0.700	0.100
0.100	0.700	0.100	0.100
0.700	0.100	0.100	0.100
0.100	0.100	0.700	0.100
0.100	0.700	0.100	0.100
>CCGTCCCG	15-CCGTCCCG	8.369731	-15.833273	0	T:82.0(3.48%),B:130.0(1.88%),P:1e-6	Tpos:133.0,Tstd:81.3,Bpos:172.8,Bstd:198.0,StrandBias:0.3,Multiplicity:1.09
0.001	0.859	0.001	0.139
0.001	0.778	0.001	0.220
0.001	0.001	0.997	0.001
0.001	0.001	0.001	0.997
0.001	0.997	0.001	0.001
0.100	0.898	0.001	0.001
0.001	0.997	0.001	0.001
0.001	0.001	0.997	0.001
>CGCAGAAT	16-CGCAGAAT	8.177272	-15.005446	0	T:21.0(0.89%),B:16.8(0.24%),P:1e-6	Tpos:132.5,Tstd:102.1,Bpos:210.8,Bstd:98.0,StrandBias:1.1,Multiplicity:1.05
0.001	0.997	0.001	0.001
0.001	0.001	0.997	0.001
0.001	0.997	0.001	0.001
0.997	0.001	0.001	0.001
0.001	0.001	0.926	0.072
0.768	0.001	0.001	0.230
0.997	0.001	0.001	0.001
0.001	0.001	0.001	0.997
>KWYGAMSC	17-KWYGAMSC	6.983742	-13.719506	0	T:14.0(0.59%),B:8.6(0.12%),P:1e-5	Tpos:122.0,Tstd:76.4,Bpos:146.0,Bstd:69.8,StrandBias:1.5,Multiplicity:1.00
0.001	0.001	0.461	0.537
0.452	0.001	0.001	0.546
0.001	0.544	0.001	0.454
0.001	0.001	0.693	0.305
0.997	0.001	0.001	0.001
0.532	0.466	0.001	0.001
0.001	0.451	0.547	0.001
0.007	0.598	0.394	0.001
>ACCACTCG	18-ACCACTCG	8.236954	-13.541524	0	T:9.0(0.38%),B:3.9(0.06%),P:1e-5	Tpos:136.0,Tstd:105.8,Bpos:179.7,Bstd:57.7,StrandBias:-0.3,Multiplicity:1.00
0.700	0.100	0.100	0.100
0.100	0.700	0.100	0.100
0.100	0.700	0.100	0.100
0.700	0.100	0.100	0.100
0.100	0.700	0.100	0.100
0.100	0.100	0.100	0.700
0.100	0.700	0.100	0.100
0.100	0.100	0.700	0.100
>GTGTGGAT	19-GTGTGGAT	8.304911	-12.080494	0	T:71.0(3.02%),B:118.6(1.71%),P:1e-5	Tpos:180.2,Tstd:119.2,Bpos:130.9,Bstd:82.1,StrandBias:-1.1,Multiplicity:1.25
0.001	0.001	0.997	0.001
0.001	0.001	0.001	0.997
0.095	0.001	0.903	0.001
0.001	0.001	0.001	0.997
0.081	0.001	0.917	0.001
0.001	0.001	0.997	0.001
0.997	0.001	0.001	0.001
0.279	0.001	0.001	0.719
>ATTACTAA	20-ATTACTAA	8.095456	-11.948056	0	T:35.0(1.49%),B:44.3(0.64%),P:1e-5	Tpos:175.2,Tstd:127.3,Bpos:175.8,Bstd:89.8,StrandBias:0.2,Multiplicity:1.04
0.997	0.001	0.001	0.001
0.001	0.001	0.001	0.997
0.001	0.001	0.001	0.997
0.997	0.001	0.001	0.001
0.001	0.772	0.226	0.001
0.001	0.001	0.066	0.932
0.997	0.001	0.001	0.001
0.997	0.001	0.001	0.001
>CATACGTA	21-CATACGTA	9.279561	-10.194429	0	T:14.0(0.59%),B:11.3(0.16%),P:1e-4	Tpos:99.8,Tstd:72.3,Bpos:125.8,Bstd:84.7,StrandBias:0.7,Multiplicity:1.08
0.001	0.997	0.001	0.001
0.997	0.001	0.001	0.001
0.001	0.001	0.001	0.997
0.997	0.001	0.001	0.001
0.001	0.997	0.001	0.001
0.001	0.001	0.997	0.001
0.001	0.001	0.001	0.997
0.831	0.167	0.001	0.001
>CGGCCGCG	22-CGGCCGCG	5.771597	-9.304728	0	T:513.0(21.79%),B:1294.7(18.71%),P:1e-4	Tpos:149.3,Tstd:99.3,Bpos:155.6,Bstd:171.1,StrandBias:0.1,Multiplicity:1.77
0.070	0.888	0.001	0.041
0.027	0.095	0.877	0.001
0.016	0.001	0.982	0.001
0.024	0.850	0.081	0.045
0.001	0.880	0.077	0.042
0.001	0.035	0.837	0.127
0.035	0.819	0.100	0.046
0.035	0.075	0.864	0.026
>TTTGTCTG	23-TTTGTCTG	8.236954	-6.494225	0	T:35.0(1.49%),B:59.5(0.86%),P:1e-2	Tpos:147.4,Tstd:87.5,Bpos:148.4,Bstd:91.1,StrandBias:0.6,Multiplicity:1.23
0.100	0.100	0.100	0.700
0.100	0.100	0.100	0.700
0.100	0.100	0.100	0.700
0.100	0.100	0.700	0.100
0.100	0.100	0.100	0.700
0.100	0.700	0.100	0.100
0.100	0.100	0.100	0.700
0.100	0.100	0.700	0.100
>AGCCTAGA	24-AGCCTAGA	8.236954	-3.449203	0	T:23.0(0.98%),B:44.1(0.64%),P:1e-1	Tpos:151.7,Tstd:98.1,Bpos:144.0,Bstd:89.0,StrandBias:1.1,Multiplicity:1.78
0.700	0.100	0.100	0.100
0.100	0.100	0.700	0.100
0.100	0.700	0.100	0.100
0.100	0.700	0.100	0.100
0.100	0.100	0.100	0.700
0.700	0.100	0.100	0.100
0.100	0.100	0.700	0.100
0.700	0.100	0.100	0.100
>RCATATAT	25-RCATATAT	5.695992	-1.000175	0	T:93.0(3.95%),B:263.9(3.81%),P:1e0	Tpos:159.2,Tstd:91.2,Bpos:153.3,Bstd:109.7,StrandBias:-0.0,Multiplicity:2.13
0.545	0.001	0.453	0.001
0.001	0.576	0.001	0.422
0.967	0.001	0.031	0.001
0.001	0.409	0.001	0.589
0.997	0.001	0.001	0.001
0.001	0.001	0.001	0.997
0.997	0.001	0.001	0.001
0.001	0.036	0.001	0.962
