>TAACACT	1-TAACACT	4.384049	-30.818810	0	T:470.0(19.97%),B:989.5(14.30%),P:1e-13	Tpos:150.2,Tstd:102.5,Bpos:149.8,Bstd:109.9,StrandBias:0.0,Multiplicity:1.20
0.001	0.001	0.001	0.997
0.819	0.179	0.001	0.001
0.997	0.001	0.001	0.001
0.001	0.997	0.001	0.001
0.846	0.001	0.152	0.001
0.001	0.997	0.001	0.001
0.001	0.182	0.001	0.816
>GTGTCGA	2-GTGTCGA	5.791347	-27.100532	0	T:534.0(22.68%),B:1180.8(17.07%),P:1e-11	Tpos:148.3,Tstd:99.8,Bpos:151.5,Bstd:107.4,StrandBias:0.1,Multiplicity:1.24
0.014	0.001	0.984	0.001
0.039	0.001	0.133	0.827
0.001	0.067	0.931	0.001
0.001	0.001	0.101	0.897
0.072	0.686	0.241	0.001
0.170	0.043	0.670	0.117
0.997	0.001	0.001	0.001
>ATGAGTC	3-ATGAGTC	6.776279	-21.918858	0	T:244.0(10.37%),B:477.6(6.90%),P:1e-9	Tpos:147.7,Tstd:102.3,Bpos:147.2,Bstd:93.2,StrandBias:-0.1,Multiplicity:1.11
0.997	0.001	0.001	0.001
0.001	0.001	0.001	0.997
0.001	0.001	0.889	0.109
0.794	0.117	0.001	0.088
0.074	0.249	0.676	0.001
0.001	0.075	0.001	0.923
0.001	0.997	0.001	0.001
>CATACGT	4-CATACGT	7.937729	-15.387717	0	T:126.0(5.35%),B:229.5(3.32%),P:1e-6	Tpos:154.5,Tstd:97.7,Bpos:135.0,Bstd:116.8,StrandBias:0.2,Multiplicity:1.20
0.002	0.962	0.001	0.035
0.995	0.003	0.001	0.001
0.001	0.239	0.260	0.500
0.992	0.001	0.004	0.003
0.001	0.997	0.001	0.001
0.234	0.001	0.764	0.001
0.005	0.001	0.005	0.989
>TATTAAT	5-TATTAAT	5.847084	-13.015629	0	T:183.0(7.77%),B:379.7(5.49%),P:1e-5	Tpos:166.4,Tstd:123.3,Bpos:147.5,Bstd:93.6,StrandBias:0.0,Multiplicity:1.21
0.189	0.155	0.134	0.522
0.797	0.048	0.154	0.001
0.147	0.149	0.095	0.609
0.015	0.028	0.117	0.840
0.790	0.106	0.087	0.017
0.671	0.038	0.206	0.085
0.078	0.082	0.064	0.776
>CGGCGGC	6-CGGCGGC	4.572640	-12.353710	0	T:568.0(24.13%),B:1407.7(20.35%),P:1e-5	Tpos:145.6,Tstd:98.8,Bpos:154.5,Bstd:167.7,StrandBias:-0.1,Multiplicity:1.61
0.001	0.997	0.001	0.001
0.001	0.001	0.997	0.001
0.090	0.001	0.908	0.001
0.001	0.997	0.001	0.001
0.001	0.212	0.604	0.183
0.001	0.001	0.997	0.001
0.110	0.888	0.001	0.001
>CGTCGCV	7-CGTCGCV	5.900638	-10.262973	0	T:458.0(19.46%),B:1130.9(16.35%),P:1e-4	Tpos:147.5,Tstd:92.7,Bpos:154.1,Bstd:163.5,StrandBias:0.0,Multiplicity:1.55
0.198	0.564	0.001	0.237
0.001	0.036	0.707	0.256
0.003	0.001	0.404	0.592
0.001	0.997	0.001	0.001
0.001	0.001	0.997	0.001
0.044	0.656	0.299	0.001
0.264	0.400	0.328	0.008
>ATCCGTT	8-ATCCGTT	7.207335	-10.222344	0	T:21.0(0.89%),B:22.6(0.33%),P:1e-4	Tpos:154.6,Tstd:64.4,Bpos:170.8,Bstd:95.9,StrandBias:0.6,Multiplicity:1.10
0.700	0.100	0.100	0.100
0.100	0.100	0.100	0.700
0.100	0.700	0.100	0.100
0.100	0.700	0.100	0.100
0.100	0.100	0.700	0.100
0.100	0.100	0.100	0.700
0.100	0.100	0.100	0.700
>TTGCACG	9-TTGCACG	7.207335	-10.203552	0	T:34.0(1.44%),B:46.8(0.68%),P:1e-4	Tpos:163.6,Tstd:83.9,Bpos:151.2,Bstd:106.7,StrandBias:-1.3,Multiplicity:1.06
0.100	0.100	0.100	0.700
0.100	0.100	0.100	0.700
0.100	0.100	0.700	0.100
0.100	0.700	0.100	0.100
0.700	0.100	0.100	0.100
0.100	0.700	0.100	0.100
0.100	0.100	0.700	0.100
>CTTACCG	10-CTTACCG	7.607297	-9.866236	0	T:50.0(2.12%),B:80.1(1.16%),P:1e-4	Tpos:139.7,Tstd:85.5,Bpos:150.6,Bstd:135.5,StrandBias:-0.2,Multiplicity:1.04
0.161	0.837	0.001	0.001
0.001	0.001	0.001	0.997
0.001	0.001	0.001	0.997
0.997	0.001	0.001	0.001
0.149	0.849	0.001	0.001
0.001	0.997	0.001	0.001
0.001	0.001	0.997	0.001
>CCGGACC	11-CCGGACC	6.948567	-5.548030	0	T:407.0(17.29%),B:1056.4(15.27%),P:1e-2	Tpos:143.8,Tstd:102.1,Bpos:149.8,Bstd:140.9,StrandBias:-0.0,Multiplicity:1.26
0.025	0.973	0.001	0.001
0.136	0.709	0.060	0.095
0.001	0.001	0.997	0.001
0.001	0.047	0.951	0.001
0.692	0.185	0.122	0.001
0.048	0.770	0.108	0.074
0.001	0.951	0.001	0.047
>CCTACAC	12-CCTACAC	7.207335	-3.670442	0	T:65.0(2.76%),B:148.1(2.14%),P:1e-1	Tpos:159.6,Tstd:99.1,Bpos:144.3,Bstd:109.6,StrandBias:-1.0,Multiplicity:1.37
0.100	0.700	0.100	0.100
0.100	0.700	0.100	0.100
0.100	0.100	0.100	0.700
0.700	0.100	0.100	0.100
0.100	0.700	0.100	0.100
0.700	0.100	0.100	0.100
0.100	0.700	0.100	0.100
>TATATAT	13-TATATAT	6.310226	-1.170304	0	T:139.0(5.90%),B:391.9(5.67%),P:1e0	Tpos:160.4,Tstd:99.9,Bpos:154.2,Bstd:110.8,StrandBias:-0.0,Multiplicity:2.14
0.001	0.266	0.023	0.710
0.829	0.001	0.169	0.001
0.001	0.287	0.001	0.711
0.875	0.027	0.097	0.001
0.001	0.153	0.027	0.819
0.650	0.072	0.277	0.001
0.001	0.153	0.001	0.845
