>ADGTGTSAVW	1-ADGTGTSAVW	6.880548	-73.856349	0	T:303.0(12.87%),B:427.1(6.17%),P:1e-32	Tpos:149.6,Tstd:92.4,Bpos:146.9,Bstd:95.4,StrandBias:-0.1,Multiplicity:1.09
0.635	0.016	0.196	0.153
0.264	0.114	0.380	0.242
0.222	0.154	0.598	0.026
0.005	0.001	0.239	0.755
0.191	0.052	0.737	0.020
0.294	0.001	0.012	0.693
0.006	0.420	0.561	0.013
0.997	0.001	0.001	0.001
0.339	0.192	0.294	0.175
0.381	0.178	0.146	0.295
>CGGCCCCGCG	2-CGGCCCCGCG	13.428240	-60.212762	0	T:19.0(0.81%),B:1.9(0.03%),P:1e-26	Tpos:151.5,Tstd:108.9,Bpos:306.0,Bstd:0.0,StrandBias:1.5,Multiplicity:1.00
0.001	0.997	0.001	0.001
0.001	0.001	0.997	0.001
0.001	0.001	0.955	0.043
0.001	0.997	0.001	0.001
0.001	0.997	0.001	0.001
0.043	0.955	0.001	0.001
0.001	0.725	0.111	0.163
0.001	0.001	0.997	0.001
0.001	0.997	0.001	0.001
0.001	0.001	0.997	0.001
>TGTCTGACAC	3-TGTCTGACAC	8.260451	-47.224784	0	T:77.0(3.27%),B:62.8(0.91%),P:1e-20	Tpos:146.8,Tstd:89.5,Bpos:163.6,Bstd:173.1,StrandBias:0.1,Multiplicity:1.04
0.118	0.008	0.175	0.699
0.025	0.091	0.853	0.031
0.154	0.126	0.043	0.677
0.014	0.629	0.230	0.127
0.274	0.005	0.001	0.720
0.143	0.184	0.620	0.053
0.641	0.015	0.105	0.239
0.089	0.719	0.143	0.049
0.838	0.103	0.057	0.002
0.052	0.610	0.226	0.112
>ACCGTCCCTG	4-ACCGTCCCTG	10.795593	-37.531842	0	T:20.0(0.85%),B:4.6(0.07%),P:1e-16	Tpos:117.0,Tstd:66.3,Bpos:196.9,Bstd:96.7,StrandBias:-0.3,Multiplicity:1.00
0.997	0.001	0.001	0.001
0.172	0.826	0.001	0.001
0.001	0.997	0.001	0.001
0.001	0.128	0.870	0.001
0.001	0.001	0.001	0.997
0.172	0.826	0.001	0.001
0.172	0.655	0.001	0.172
0.172	0.826	0.001	0.001
0.001	0.001	0.001	0.997
0.001	0.001	0.997	0.001
>CTACGCGCTA	5-CTACGCGCTA	8.800688	-37.514071	0	T:16.0(0.68%),B:2.8(0.04%),P:1e-16	Tpos:146.9,Tstd:110.4,Bpos:243.6,Bstd:46.5,StrandBias:0.7,Multiplicity:1.00
0.001	0.854	0.001	0.144
0.080	0.004	0.009	0.907
0.850	0.073	0.076	0.001
0.152	0.698	0.073	0.077
0.001	0.010	0.917	0.072
0.080	0.836	0.001	0.083
0.148	0.001	0.703	0.148
0.001	0.848	0.148	0.003
0.001	0.224	0.079	0.696
0.618	0.020	0.145	0.217
>ATGASTCATH	6-ATGASTCATH	6.737540	-35.672498	0	T:167.0(7.09%),B:248.1(3.59%),P:1e-15	Tpos:152.9,Tstd:93.7,Bpos:152.7,Bstd:109.3,StrandBias:-0.1,Multiplicity:1.08
0.911	0.023	0.001	0.065
0.001	0.001	0.001	0.997
0.001	0.001	0.821	0.177
0.997	0.001	0.001	0.001
0.001	0.504	0.494	0.001
0.001	0.001	0.001	0.997
0.053	0.945	0.001	0.001
0.969	0.001	0.001	0.029
0.107	0.004	0.099	0.790
0.315	0.334	0.104	0.248
>GGGCCCTGCA	7-GGGCCCTGCA	10.296193	-29.489851	0	T:21.0(0.89%),B:7.5(0.11%),P:1e-12	Tpos:181.0,Tstd:89.7,Bpos:162.7,Bstd:99.7,StrandBias:0.1,Multiplicity:1.00
0.100	0.100	0.700	0.100
0.100	0.100	0.700	0.100
0.100	0.100	0.700	0.100
0.100	0.700	0.100	0.100
0.100	0.700	0.100	0.100
0.100	0.700	0.100	0.100
0.100	0.100	0.100	0.700
0.100	0.100	0.700	0.100
0.100	0.700	0.100	0.100
0.700	0.100	0.100	0.100
>AAGGTGCKTG	8-AAGGTGCKTG	9.753563	-24.493168	0	T:32.0(1.36%),B:23.0(0.33%),P:1e-10	Tpos:130.5,Tstd:85.5,Bpos:189.4,Bstd:105.5,StrandBias:-0.2,Multiplicity:1.12
0.997	0.001	0.001	0.001
0.763	0.001	0.001	0.235
0.001	0.001	0.997	0.001
0.001	0.001	0.997	0.001
0.001	0.001	0.150	0.848
0.092	0.001	0.906	0.001
0.001	0.701	0.297	0.001
0.001	0.001	0.539	0.459
0.001	0.092	0.001	0.906
0.093	0.001	0.813	0.093
>GGGGAAAGGT	9-GGGGAAAGGT	9.569954	-24.306920	0	T:75.0(3.19%),B:93.8(1.36%),P:1e-10	Tpos:146.2,Tstd:143.4,Bpos:165.9,Bstd:123.2,StrandBias:0.6,Multiplicity:1.07
0.001	0.001	0.997	0.001
0.001	0.001	0.997	0.001
0.001	0.001	0.997	0.001
0.001	0.085	0.913	0.001
0.865	0.020	0.080	0.035
0.760	0.147	0.058	0.035
0.862	0.001	0.068	0.069
0.001	0.001	0.997	0.001
0.085	0.014	0.900	0.001
0.083	0.053	0.130	0.734
>CGTGTTGATG	10-CGTGTTGATG	12.053529	-23.256283	0	T:13.0(0.55%),B:4.0(0.06%),P:1e-10	Tpos:117.9,Tstd:71.2,Bpos:134.8,Bstd:90.5,StrandBias:0.4,Multiplicity:1.33
0.001	0.583	0.415	0.001
0.001	0.001	0.997	0.001
0.001	0.001	0.001	0.997
0.027	0.001	0.971	0.001
0.001	0.001	0.001	0.997
0.001	0.001	0.415	0.583
0.001	0.001	0.997	0.001
0.997	0.001	0.001	0.001
0.001	0.001	0.001	0.997
0.001	0.001	0.997	0.001
>TGGGCGCTGG	11-TGGGCGCTGG	11.005684	-22.377319	0	T:11.0(0.47%),B:2.9(0.04%),P:1e-9	Tpos:122.1,Tstd:85.6,Bpos:207.4,Bstd:17.7,StrandBias:-0.3,Multiplicity:1.00
0.001	0.001	0.001	0.997
0.001	0.001	0.997	0.001
0.001	0.001	0.939	0.059
0.001	0.001	0.997	0.001
0.001	0.997	0.001	0.001
0.001	0.001	0.997	0.001
0.001	0.997	0.001	0.001
0.001	0.001	0.001	0.997
0.001	0.001	0.997	0.001
0.001	0.001	0.997	0.001
>GTGTRGAWAT	12-GTGTRGAWAT	12.206016	-19.585334	0	T:10.0(0.42%),B:2.3(0.03%),P:1e-8	Tpos:161.9,Tstd:92.7,Bpos:161.1,Bstd:66.6,StrandBias:-1.5,Multiplicity:1.50
0.001	0.001	0.997	0.001
0.001	0.001	0.001	0.997
0.001	0.001	0.997	0.001
0.001	0.001	0.001	0.997
0.556	0.001	0.442	0.001
0.001	0.001	0.997	0.001
0.997	0.001	0.001	0.001
0.556	0.001	0.001	0.442
0.997	0.001	0.001	0.001
0.001	0.001	0.001	0.997
>CGCGTTGACG	13-CGCGTTGACG	10.353422	-17.240045	0	T:13.0(0.55%),B:5.8(0.08%),P:1e-7	Tpos:133.4,Tstd:59.9,Bpos:166.5,Bstd:47.2,StrandBias:0.2,Multiplicity:1.00
0.001	0.997	0.001	0.001
0.138	0.138	0.586	0.138
0.001	0.997	0.001	0.001
0.001	0.001	0.997	0.001
0.001	0.001	0.360	0.638
0.001	0.001	0.366	0.632
0.001	0.001	0.997	0.001
0.861	0.001	0.001	0.137
0.001	0.997	0.001	0.001
0.001	0.060	0.938	0.001
>TCCTGATCAC	14-TCCTGATCAC	6.777316	-15.662354	0	T:16.0(0.68%),B:9.8(0.14%),P:1e-6	Tpos:156.9,Tstd:89.4,Bpos:123.5,Bstd:43.3,StrandBias:-1.9,Multiplicity:1.50
0.001	0.001	0.001	0.997
0.001	0.997	0.001	0.001
0.001	0.997	0.001	0.001
0.001	0.001	0.056	0.942
0.045	0.001	0.953	0.001
0.997	0.001	0.001	0.001
0.001	0.001	0.001	0.997
0.022	0.897	0.080	0.001
0.997	0.001	0.001	0.001
0.001	0.997	0.001	0.001
>ACACCTCACC	15-ACACCTCACC	8.765970	-13.313235	0	T:12.0(0.51%),B:6.6(0.09%),P:1e-5	Tpos:129.0,Tstd:111.0,Bpos:139.2,Bstd:89.8,StrandBias:-1.0,Multiplicity:2.00
0.766	0.001	0.232	0.001
0.001	0.997	0.001	0.001
0.997	0.001	0.001	0.001
0.001	0.997	0.001	0.001
0.001	0.997	0.001	0.001
0.001	0.001	0.001	0.997
0.001	0.971	0.001	0.027
0.997	0.001	0.001	0.001
0.001	0.997	0.001	0.001
0.001	0.997	0.001	0.001
>CGGSCKCGGC	16-CGGSCKCGGC	7.752970	-12.482872	0	T:194.0(8.24%),B:411.0(5.94%),P:1e-5	Tpos:148.5,Tstd:95.9,Bpos:163.3,Bstd:195.0,StrandBias:0.0,Multiplicity:1.34
0.059	0.870	0.054	0.017
0.019	0.239	0.535	0.207
0.087	0.112	0.771	0.030
0.150	0.435	0.388	0.027
0.044	0.598	0.345	0.013
0.043	0.155	0.436	0.367
0.018	0.871	0.084	0.027
0.090	0.247	0.516	0.147
0.043	0.259	0.655	0.043
0.019	0.638	0.300	0.043
>ACACATGGTA	17-ACACATGGTA	10.791307	-11.254068	0	T:9.0(0.38%),B:4.2(0.06%),P:1e-4	Tpos:167.9,Tstd:98.4,Bpos:245.0,Bstd:83.9,StrandBias:-0.6,Multiplicity:1.67
0.997	0.001	0.001	0.001
0.001	0.997	0.001	0.001
0.945	0.053	0.001	0.001
0.001	0.997	0.001	0.001
0.997	0.001	0.001	0.001
0.001	0.001	0.001	0.997
0.001	0.001	0.945	0.053
0.001	0.001	0.997	0.001
0.001	0.001	0.001	0.997
0.945	0.001	0.001	0.053
>CCCGCGGCGG	18-CCCGCGGCGG	10.296193	-10.194429	0	T:14.0(0.59%),B:11.4(0.16%),P:1e-4	Tpos:135.5,Tstd:79.7,Bpos:123.7,Bstd:184.3,StrandBias:1.2,Multiplicity:1.08
0.100	0.700	0.100	0.100
0.100	0.700	0.100	0.100
0.100	0.700	0.100	0.100
0.100	0.100	0.700	0.100
0.100	0.700	0.100	0.100
0.100	0.100	0.700	0.100
0.100	0.100	0.700	0.100
0.100	0.700	0.100	0.100
0.100	0.100	0.700	0.100
0.100	0.100	0.700	0.100
>CCCTCGGCTC	19-CCCTCGGCTC	13.623059	-9.546366	0	T:9.0(0.38%),B:5.2(0.08%),P:1e-4	Tpos:135.0,Tstd:98.8,Bpos:164.5,Bstd:72.7,StrandBias:2.6,Multiplicity:1.56
0.001	0.997	0.001	0.001
0.001	0.997	0.001	0.001
0.001	0.966	0.032	0.001
0.001	0.001	0.001	0.997
0.001	0.997	0.001	0.001
0.001	0.001	0.997	0.001
0.001	0.001	0.997	0.001
0.001	0.917	0.081	0.001
0.001	0.001	0.091	0.907
0.001	0.997	0.001	0.001
>TGCCTGTGGA	20-TGCCTGTGGA	11.514897	-9.345604	0	T:8.0(0.34%),B:4.7(0.07%),P:1e-4	Tpos:162.9,Tstd:85.9,Bpos:158.7,Bstd:97.4,StrandBias:-0.6,Multiplicity:1.88
0.001	0.001	0.001	0.997
0.001	0.001	0.997	0.001
0.001	0.997	0.001	0.001
0.001	0.891	0.001	0.107
0.001	0.001	0.001	0.997
0.001	0.001	0.997	0.001
0.001	0.001	0.001	0.997
0.001	0.001	0.955	0.043
0.001	0.001	0.955	0.043
0.997	0.001	0.001	0.001
>TCTAGGCTGG	21-TCTAGGCTGG	10.006330	-8.969535	0	T:11.0(0.47%),B:8.6(0.12%),P:1e-3	Tpos:154.9,Tstd:105.3,Bpos:116.9,Bstd:60.4,StrandBias:-2.3,Multiplicity:2.64
0.001	0.001	0.001	0.997
0.001	0.997	0.001	0.001
0.001	0.001	0.001	0.997
0.997	0.001	0.001	0.001
0.001	0.001	0.970	0.028
0.001	0.001	0.997	0.001
0.001	0.997	0.001	0.001
0.001	0.001	0.028	0.970
0.001	0.001	0.817	0.181
0.001	0.001	0.970	0.028
>ACAGGGCATG	22-ACAGGGCATG	10.296193	-7.276649	0	T:5.0(0.21%),B:2.2(0.03%),P:1e-3	Tpos:120.1,Tstd:80.4,Bpos:76.7,Bstd:23.0,StrandBias:0.6,Multiplicity:2.00
0.700	0.100	0.100	0.100
0.100	0.700	0.100	0.100
0.700	0.100	0.100	0.100
0.100	0.100	0.700	0.100
0.100	0.100	0.700	0.100
0.100	0.100	0.700	0.100
0.100	0.700	0.100	0.100
0.700	0.100	0.100	0.100
0.100	0.100	0.100	0.700
0.100	0.100	0.700	0.100
>CATACATAYG	23-CATACATAYG	10.615923	-4.827272	0	T:6.0(0.25%),B:5.6(0.08%),P:1e-2	Tpos:161.7,Tstd:63.0,Bpos:174.2,Bstd:51.6,StrandBias:-0.1,Multiplicity:3.17
0.001	0.924	0.070	0.005
0.579	0.001	0.419	0.001
0.001	0.001	0.001	0.997
0.997	0.001	0.001	0.001
0.001	0.997	0.001	0.001
0.997	0.001	0.001	0.001
0.001	0.001	0.158	0.840
0.997	0.001	0.001	0.001
0.001	0.556	0.001	0.442
0.001	0.001	0.840	0.158
>ACAGACAAAA	24-ACAGACAAAA	10.296193	-4.827272	0	T:6.0(0.25%),B:5.1(0.07%),P:1e-2	Tpos:138.2,Tstd:70.8,Bpos:163.4,Bstd:92.4,StrandBias:-1.2,Multiplicity:2.17
0.700	0.100	0.100	0.100
0.100	0.700	0.100	0.100
0.700	0.100	0.100	0.100
0.100	0.100	0.700	0.100
0.700	0.100	0.100	0.100
0.100	0.700	0.100	0.100
0.700	0.100	0.100	0.100
0.700	0.100	0.100	0.100
0.700	0.100	0.100	0.100
0.700	0.100	0.100	0.100
>AYAYATAYAY	25-AYAYATAYAY	8.843014	-3.977555	0	T:27.0(1.15%),B:51.6(0.75%),P:1e-1	Tpos:170.0,Tstd:108.6,Bpos:166.1,Bstd:142.6,StrandBias:0.6,Multiplicity:2.26
0.537	0.105	0.341	0.017
0.001	0.573	0.001	0.425
0.603	0.052	0.344	0.001
0.001	0.535	0.001	0.463
0.643	0.025	0.307	0.025
0.001	0.208	0.008	0.783
0.825	0.173	0.001	0.001
0.001	0.519	0.001	0.479
0.817	0.001	0.121	0.061
0.001	0.473	0.029	0.496
