>TTTTWAAWWTTT	4-TTTTWAAWWTTT,BestGuess:PB0148.1_Mtf1_2/Jaspar(0.694)	8.535972	-165.157290	0	T:92.0(1.29%),B:2.2(0.10%),P:1e-71
0.170	0.020	0.067	0.743
0.127	0.017	0.018	0.838
0.185	0.050	0.015	0.750
0.299	0.068	0.088	0.545
0.431	0.079	0.064	0.426
0.501	0.058	0.142	0.299
0.535	0.075	0.056	0.334
0.430	0.114	0.115	0.341
0.397	0.135	0.077	0.392
0.277	0.084	0.069	0.570
0.234	0.154	0.172	0.441
0.311	0.113	0.058	0.518
