>TGGGGGTGTGGT	20-TGGGGGTGTGGT	11.126458	-65.540228	0	T:61.0(0.85%),B:4.0(0.17%),P:1e-28
0.211	0.015	0.050	0.724
0.021	0.006	0.936	0.037
0.195	0.009	0.682	0.114
0.015	0.015	0.946	0.024
0.035	0.025	0.916	0.024
0.045	0.135	0.752	0.068
0.021	0.166	0.030	0.783
0.007	0.016	0.952	0.025
0.021	0.015	0.132	0.832
0.015	0.001	0.957	0.027
0.013	0.021	0.928	0.038
0.073	0.119	0.136	0.672
