>TTGTGGCTTTCT	8-TTGTGGCTTTCT	10.920798	-104.127057	0	T:80.0(1.12%),B:3.7(0.16%),P:1e-45
0.058	0.097	0.047	0.798
0.043	0.014	0.077	0.866
0.041	0.036	0.826	0.097
0.043	0.014	0.038	0.905
0.032	0.005	0.882	0.081
0.023	0.036	0.885	0.056
0.023	0.681	0.113	0.183
0.041	0.009	0.014	0.936
0.027	0.018	0.034	0.921
0.018	0.160	0.034	0.788
0.025	0.806	0.038	0.131
0.108	0.072	0.005	0.815
