>ATTCCATTCGAG	25-ATTCCATTCGAG	8.827644	-34.071536	0	T:35.0(0.49%),B:2.8(0.12%),P:1e-14
0.621	0.146	0.092	0.141
0.081	0.097	0.084	0.738
0.071	0.087	0.103	0.739
0.091	0.683	0.093	0.133
0.111	0.733	0.058	0.098
0.649	0.149	0.039	0.163
0.071	0.125	0.116	0.688
0.063	0.108	0.122	0.707
0.145	0.540	0.137	0.178
0.154	0.224	0.473	0.149
0.747	0.053	0.081	0.119
0.113	0.088	0.691	0.108
