>SWCAGGAAGCTG	13-SWCAGGAAGCTG	11.036916	-89.527095	0	T:62.0(0.87%),B:2.0(0.09%),P:1e-38
0.020	0.487	0.404	0.089
0.357	0.188	0.034	0.421
0.052	0.753	0.162	0.033
0.629	0.015	0.018	0.338
0.043	0.011	0.917	0.029
0.044	0.052	0.903	0.001
0.670	0.028	0.211	0.091
0.707	0.014	0.265	0.014
0.134	0.044	0.787	0.035
0.044	0.893	0.014	0.049
0.023	0.025	0.021	0.931
0.014	0.073	0.878	0.035
