>TTCCTGCCAGAG	17-TTCCTGCCAGAG	11.102229	-73.761704	0	T:55.0(0.77%),B:2.8(0.12%),P:1e-32
0.045	0.054	0.054	0.847
0.009	0.027	0.062	0.902
0.001	0.916	0.060	0.023
0.045	0.927	0.001	0.027
0.058	0.018	0.001	0.923
0.027	0.152	0.782	0.039
0.042	0.729	0.134	0.095
0.174	0.805	0.001	0.020
0.869	0.001	0.029	0.101
0.042	0.119	0.821	0.018
0.838	0.030	0.090	0.042
0.164	0.059	0.721	0.056
