>ATATATTTTTAT	16-ATATATTTTTAT	10.434233	-73.761704	0	T:55.0(0.77%),B:2.9(0.13%),P:1e-32
0.697	0.058	0.070	0.175
0.150	0.089	0.070	0.691
0.689	0.066	0.066	0.179
0.066	0.074	0.059	0.801
0.693	0.096	0.067	0.144
0.056	0.046	0.050	0.848
0.139	0.039	0.063	0.759
0.046	0.059	0.043	0.852
0.101	0.076	0.054	0.769
0.064	0.086	0.036	0.814
0.637	0.095	0.072	0.196
0.135	0.046	0.057	0.762
