>NNNTYGCTTNBN	9-NNNTYGCTTNBN,BestGuess:Arnt:Ahr(bHLH)/MCF7-Arnt-ChIP-Seq(Lo_et_al.)/Homer(0.689)	5.401236	-97.703294	0	T:77.0(1.08%),B:3.4(0.15%),P:1e-42
0.242	0.287	0.203	0.268
0.296	0.239	0.188	0.278
0.197	0.291	0.212	0.300
0.133	0.144	0.133	0.590
0.138	0.308	0.126	0.428
0.134	0.129	0.629	0.108
0.133	0.637	0.160	0.070
0.103	0.103	0.321	0.473
0.155	0.123	0.171	0.551
0.199	0.248	0.236	0.317
0.184	0.360	0.216	0.240
0.245	0.234	0.311	0.210
