>TCCTGCTGGGCT	21-TCCTGCTGGGCT,BestGuess:Zic3(Zf)/mES-Zic3-ChIP-Seq(GSE37889)/Homer(0.807)	10.930495	-64.359666	0	T:69.0(0.96%),B:4.6(0.20%),P:1e-27
0.078	0.142	0.122	0.658
0.029	0.779	0.120	0.072
0.019	0.939	0.014	0.028
0.149	0.047	0.028	0.776
0.046	0.064	0.861	0.029
0.029	0.907	0.039	0.025
0.131	0.020	0.050	0.799
0.033	0.019	0.915	0.033
0.071	0.023	0.842	0.064
0.029	0.057	0.871	0.043
0.024	0.883	0.051	0.042
0.029	0.050	0.034	0.887
