>GCCCCAGGGAAG	6-GCCCCAGGGAAG,BestGuess:EBF1/MA0154.4/Jaspar(0.787)	10.958173	-118.346495	0	T:74.0(1.03%),B:2.7(0.12%),P:1e-51
0.001	0.017	0.853	0.129
0.001	0.981	0.017	0.001
0.001	0.944	0.017	0.038
0.108	0.874	0.001	0.017
0.017	0.981	0.001	0.001
0.965	0.017	0.017	0.001
0.001	0.001	0.981	0.017
0.154	0.001	0.844	0.001
0.001	0.017	0.965	0.017
0.597	0.364	0.001	0.038
0.806	0.026	0.017	0.151
0.017	0.017	0.965	0.001
