>AGCCCAGCAGGA	21-TCCTGCTGGGCT	10.930495	-64.359666	0	T:69.0(0.96%),B:4.6(0.20%),P:1e-27
0.887	0.034	0.050	0.029
0.042	0.051	0.883	0.024
0.043	0.871	0.057	0.029
0.064	0.842	0.023	0.071
0.033	0.915	0.019	0.033
0.799	0.050	0.020	0.131
0.025	0.039	0.907	0.029
0.029	0.861	0.064	0.046
0.776	0.028	0.047	0.149
0.028	0.014	0.939	0.019
0.072	0.120	0.779	0.029
0.658	0.122	0.142	0.078
