>GVGGGAGCCGC	1-GVGGGAGCCGC	7.747956	-37.139111	0	T:129.0(2.07%),B:42.6(0.54%),P:1e-16	Tpos:145.0,Tstd:99.9,Bpos:144.8,Bstd:103.0,StrandBias:0.0,Multiplicity:1.06
0.213	0.004	0.763	0.020
0.367	0.290	0.291	0.051
0.009	0.264	0.724	0.003
0.224	0.208	0.561	0.007
0.084	0.256	0.658	0.002
0.439	0.176	0.236	0.150
0.027	0.171	0.789	0.013
0.183	0.577	0.238	0.002
0.275	0.444	0.081	0.201
0.202	0.097	0.581	0.120
0.171	0.419	0.258	0.153
>HTATTAATAGT	2-HTATTAATAGT	6.743320	-36.701511	0	T:636.0(10.21%),B:501.5(6.39%),P:1e-15	Tpos:148.7,Tstd:95.9,Bpos:151.7,Bstd:113.9,StrandBias:-0.0,Multiplicity:1.11
0.239	0.259	0.154	0.348
0.121	0.041	0.022	0.816
0.705	0.055	0.084	0.156
0.106	0.040	0.047	0.807
0.076	0.031	0.042	0.851
0.856	0.050	0.032	0.062
0.771	0.062	0.050	0.117
0.151	0.100	0.064	0.685
0.870	0.001	0.041	0.088
0.158	0.067	0.639	0.136
0.303	0.138	0.080	0.479
>ACCCCCCGCGC	3-ACCCCCCGCGC	9.640729	-31.632252	0	T:99.0(1.59%),B:29.0(0.37%),P:1e-13	Tpos:165.9,Tstd:94.7,Bpos:140.9,Bstd:132.2,StrandBias:0.1,Multiplicity:1.06
0.594	0.157	0.141	0.108
0.039	0.864	0.082	0.015
0.035	0.824	0.110	0.031
0.062	0.861	0.031	0.046
0.059	0.749	0.074	0.118
0.050	0.865	0.062	0.023
0.066	0.788	0.057	0.089
0.055	0.045	0.874	0.026
0.051	0.856	0.052	0.041
0.026	0.069	0.833	0.072
0.031	0.897	0.051	0.021
>CCGGGGAAGAG	4-CCGGGGAAGAG	9.638474	-29.631338	0	T:72.0(1.16%),B:15.4(0.20%),P:1e-12	Tpos:154.1,Tstd:112.5,Bpos:171.3,Bstd:64.6,StrandBias:-0.7,Multiplicity:1.01
0.001	0.910	0.001	0.088
0.050	0.855	0.001	0.094
0.001	0.089	0.875	0.035
0.001	0.001	0.997	0.001
0.089	0.001	0.821	0.089
0.001	0.001	0.910	0.088
0.893	0.089	0.017	0.001
0.910	0.088	0.001	0.001
0.088	0.001	0.910	0.001
0.820	0.090	0.001	0.089
0.001	0.001	0.997	0.001
>GGACCCTGACC	5-GGACCCTGACC	9.188693	-29.069283	0	T:96.0(1.54%),B:30.2(0.39%),P:1e-12	Tpos:162.7,Tstd:113.3,Bpos:152.8,Bstd:72.9,StrandBias:0.4,Multiplicity:1.08
0.068	0.081	0.773	0.078
0.028	0.066	0.844	0.062
0.796	0.085	0.063	0.056
0.083	0.841	0.052	0.024
0.048	0.872	0.028	0.052
0.024	0.904	0.024	0.048
0.175	0.080	0.088	0.657
0.016	0.053	0.891	0.040
0.727	0.119	0.092	0.062
0.048	0.807	0.097	0.048
0.048	0.900	0.032	0.020
>CGCCCGCCAGA	6-CGCCCGCCAGA	9.394823	-28.267838	0	T:105.0(1.69%),B:37.6(0.48%),P:1e-12	Tpos:157.7,Tstd:112.9,Bpos:146.1,Bstd:107.6,StrandBias:0.8,Multiplicity:1.04
0.057	0.849	0.047	0.047
0.019	0.039	0.894	0.048
0.019	0.887	0.085	0.009
0.029	0.876	0.066	0.029
0.085	0.766	0.076	0.073
0.057	0.078	0.790	0.075
0.038	0.811	0.132	0.019
0.047	0.886	0.029	0.038
0.735	0.104	0.057	0.104
0.047	0.038	0.896	0.019
0.621	0.153	0.151	0.075
>GGCCGCSGCGG	7-GGCCGCSGCGG	9.254063	-26.691914	0	T:302.0(4.85%),B:207.4(2.64%),P:1e-11	Tpos:162.1,Tstd:108.3,Bpos:155.2,Bstd:200.2,StrandBias:-0.0,Multiplicity:1.33
0.071	0.170	0.534	0.225
0.012	0.064	0.923	0.001
0.009	0.895	0.001	0.095
0.107	0.538	0.354	0.001
0.001	0.001	0.997	0.001
0.144	0.854	0.001	0.001
0.126	0.367	0.479	0.028
0.001	0.165	0.833	0.001
0.103	0.895	0.001	0.001
0.001	0.298	0.700	0.001
0.233	0.001	0.706	0.060
>TTGTTTTTGTA	8-TTGTTTTTGTA	11.008259	-26.207763	0	T:140.0(2.25%),B:66.0(0.84%),P:1e-11	Tpos:144.0,Tstd:99.2,Bpos:143.9,Bstd:119.2,StrandBias:0.3,Multiplicity:1.07
0.001	0.025	0.001	0.973
0.001	0.001	0.001	0.997
0.373	0.001	0.625	0.001
0.001	0.281	0.001	0.717
0.001	0.001	0.001	0.997
0.045	0.001	0.293	0.661
0.001	0.001	0.001	0.997
0.051	0.001	0.001	0.947
0.012	0.121	0.616	0.251
0.001	0.302	0.001	0.696
0.702	0.001	0.001	0.296
>ACGCGCGGCCA	9-ACGCGCGGCCA	7.798135	-24.737625	0	T:49.0(0.79%),B:8.0(0.10%),P:1e-10	Tpos:156.9,Tstd:85.6,Bpos:156.7,Bstd:53.0,StrandBias:0.4,Multiplicity:1.00
0.561	0.180	0.169	0.090
0.129	0.611	0.164	0.096
0.119	0.167	0.597	0.117
0.105	0.647	0.139	0.109
0.110	0.142	0.639	0.109
0.112	0.622	0.158	0.108
0.135	0.122	0.610	0.133
0.077	0.143	0.700	0.080
0.086	0.694	0.139	0.081
0.091	0.738	0.094	0.077
0.586	0.167	0.135	0.112
>SGGGCGCGCTC	10-SGGGCGCGCTC	9.937407	-24.366167	0	T:132.0(2.12%),B:64.0(0.82%),P:1e-10	Tpos:167.5,Tstd:114.6,Bpos:136.9,Bstd:154.3,StrandBias:-0.2,Multiplicity:1.26
0.052	0.437	0.457	0.054
0.002	0.074	0.885	0.039
0.166	0.027	0.792	0.015
0.013	0.111	0.850	0.026
0.078	0.869	0.026	0.027
0.013	0.236	0.704	0.047
0.026	0.914	0.059	0.001
0.001	0.186	0.800	0.013
0.014	0.881	0.066	0.039
0.040	0.192	0.202	0.566
0.001	0.735	0.238	0.026
>CGCTGAGCGCG	11-CGCTGAGCGCG	11.331874	-22.437501	0	T:34.0(0.55%),B:2.0(0.03%),P:1e-9	Tpos:125.4,Tstd:97.6,Bpos:0.0,Bstd:0.0,StrandBias:-0.2,Multiplicity:1.06
0.059	0.706	0.176	0.059
0.001	0.001	0.997	0.001
0.058	0.883	0.058	0.001
0.001	0.058	0.176	0.765
0.001	0.058	0.940	0.001
0.940	0.001	0.001	0.058
0.058	0.001	0.940	0.001
0.001	0.997	0.001	0.001
0.001	0.001	0.940	0.058
0.001	0.997	0.001	0.001
0.001	0.001	0.940	0.058
>CGCGTYGGCGG	12-CGCGTYGGCGG	8.743695	-21.790140	0	T:69.0(1.11%),B:21.3(0.27%),P:1e-9	Tpos:146.5,Tstd:87.2,Bpos:39.0,Bstd:0.0,StrandBias:0.4,Multiplicity:1.03
0.078	0.661	0.183	0.078
0.093	0.043	0.736	0.128
0.062	0.767	0.074	0.097
0.028	0.241	0.642	0.089
0.163	0.164	0.191	0.482
0.035	0.392	0.117	0.456
0.058	0.062	0.791	0.089
0.054	0.166	0.730	0.050
0.032	0.739	0.124	0.105
0.032	0.078	0.807	0.083
0.093	0.082	0.751	0.074
>GTTCGGGCGCC	13-GTTCGGGCGCC	10.177115	-21.575437	0	T:52.0(0.83%),B:11.9(0.15%),P:1e-9	Tpos:155.4,Tstd:86.5,Bpos:156.4,Bstd:45.7,StrandBias:-0.1,Multiplicity:1.02
0.001	0.376	0.565	0.058
0.001	0.131	0.001	0.867
0.058	0.127	0.147	0.668
0.001	0.876	0.065	0.058
0.001	0.057	0.941	0.001
0.001	0.001	0.997	0.001
0.001	0.001	0.997	0.001
0.058	0.826	0.058	0.058
0.001	0.058	0.825	0.116
0.001	0.997	0.001	0.001
0.058	0.649	0.235	0.058
>AGGTGTCAGAC	14-AGGTGTCAGAC	9.395998	-20.476612	0	T:77.0(1.24%),B:28.4(0.36%),P:1e-8	Tpos:140.2,Tstd:93.6,Bpos:144.0,Bstd:89.7,StrandBias:0.4,Multiplicity:1.00
0.891	0.078	0.008	0.023
0.116	0.008	0.703	0.173
0.001	0.268	0.651	0.080
0.220	0.001	0.016	0.763
0.008	0.020	0.949	0.023
0.209	0.071	0.213	0.507
0.008	0.638	0.338	0.016
0.695	0.008	0.088	0.209
0.183	0.016	0.793	0.008
0.586	0.135	0.148	0.131
0.217	0.564	0.130	0.089
>AACATGGCGCC	15-AACATGGCGCC	11.320820	-20.045344	0	T:28.0(0.45%),B:1.1(0.01%),P:1e-8	Tpos:129.1,Tstd:80.1,Bpos:273.9,Bstd:68.2,StrandBias:0.6,Multiplicity:1.00
0.946	0.001	0.052	0.001
0.841	0.053	0.053	0.053
0.052	0.946	0.001	0.001
0.841	0.053	0.053	0.053
0.052	0.001	0.001	0.946
0.001	0.001	0.946	0.052
0.052	0.001	0.946	0.001
0.001	0.946	0.001	0.052
0.105	0.053	0.789	0.053
0.001	0.946	0.001	0.052
0.052	0.946	0.001	0.001
>GATGGCGCTGT	16-GATGGCGCTGT	10.803408	-19.926501	0	T:61.0(0.98%),B:18.5(0.24%),P:1e-8	Tpos:125.8,Tstd:73.4,Bpos:129.9,Bstd:57.2,StrandBias:0.2,Multiplicity:1.02
0.001	0.001	0.997	0.001
0.803	0.032	0.164	0.001
0.032	0.001	0.040	0.927
0.001	0.001	0.997	0.001
0.001	0.001	0.967	0.031
0.032	0.870	0.001	0.097
0.195	0.032	0.758	0.015
0.031	0.967	0.001	0.001
0.001	0.001	0.031	0.967
0.032	0.014	0.953	0.001
0.032	0.097	0.001	0.870
>AAGCGGGGCGA	17-AAGCGGGGCGA	11.029234	-19.587463	0	T:24.0(0.39%),B:0.0(0.00%),P:1e-8	Tpos:133.1,Tstd:86.4,Bpos:0.0,Bstd:0.0,StrandBias:-0.7,Multiplicity:1.00
0.833	0.001	0.165	0.001
0.834	0.001	0.164	0.001
0.001	0.087	0.911	0.001
0.001	0.653	0.227	0.119
0.001	0.150	0.848	0.001
0.097	0.151	0.751	0.001
0.150	0.001	0.848	0.001
0.001	0.001	0.997	0.001
0.302	0.696	0.001	0.001
0.154	0.150	0.695	0.001
0.772	0.001	0.226	0.001
>GTGCCWGCCTG	18-GTGCCWGCCTG	9.844945	-18.929587	0	T:172.0(2.76%),B:109.7(1.40%),P:1e-8	Tpos:135.7,Tstd:83.6,Bpos:156.4,Bstd:124.8,StrandBias:-0.3,Multiplicity:1.06
0.001	0.217	0.760	0.022
0.336	0.001	0.001	0.662
0.003	0.024	0.797	0.176
0.001	0.997	0.001	0.001
0.045	0.866	0.067	0.022
0.538	0.047	0.022	0.393
0.024	0.217	0.737	0.022
0.069	0.552	0.378	0.001
0.001	0.897	0.001	0.101
0.001	0.001	0.025	0.973
0.068	0.057	0.873	0.002
>CTCTCYCCCTC	19-CTCTCYCCCTC	8.960573	-18.631230	0	T:230.0(3.69%),B:164.5(2.10%),P:1e-8	Tpos:159.8,Tstd:106.4,Bpos:151.8,Bstd:102.0,StrandBias:0.5,Multiplicity:1.13
0.067	0.672	0.234	0.027
0.185	0.102	0.222	0.491
0.044	0.757	0.034	0.165
0.046	0.274	0.232	0.448
0.015	0.699	0.045	0.241
0.072	0.370	0.064	0.495
0.027	0.850	0.085	0.038
0.032	0.686	0.062	0.220
0.023	0.828	0.068	0.081
0.014	0.041	0.268	0.677
0.079	0.710	0.060	0.151
>TTACCGTTTAA	20-TTACCGTTTAA	9.388174	-18.301518	0	T:45.0(0.72%),B:10.7(0.14%),P:1e-7	Tpos:157.3,Tstd:102.7,Bpos:146.7,Bstd:100.3,StrandBias:-0.6,Multiplicity:1.00
0.022	0.088	0.044	0.846
0.044	0.088	0.022	0.846
0.824	0.088	0.044	0.044
0.024	0.777	0.155	0.044
0.073	0.720	0.066	0.141
0.044	0.155	0.666	0.135
0.022	0.068	0.022	0.888
0.022	0.066	0.044	0.868
0.088	0.066	0.002	0.844
0.931	0.001	0.046	0.022
0.823	0.044	0.111	0.022
>GGGAGTCTCGG	21-GGGAGTCTCGG	8.141507	-17.847508	0	T:51.0(0.82%),B:14.6(0.19%),P:1e-7	Tpos:137.7,Tstd:74.7,Bpos:152.0,Bstd:71.3,StrandBias:0.3,Multiplicity:1.00
0.116	0.095	0.683	0.106
0.116	0.082	0.700	0.102
0.110	0.140	0.668	0.082
0.600	0.125	0.158	0.117
0.104	0.126	0.670	0.100
0.122	0.162	0.167	0.549
0.085	0.671	0.143	0.101
0.116	0.152	0.140	0.592
0.122	0.568	0.179	0.131
0.143	0.106	0.600	0.151
0.101	0.101	0.699	0.099
>ARTGGARTGGA	22-ARTGGARTGGA	8.933425	-14.733993	0	T:44.0(0.71%),B:13.8(0.18%),P:1e-6	Tpos:127.1,Tstd:77.3,Bpos:116.0,Bstd:56.5,StrandBias:1.1,Multiplicity:10.59
0.710	0.073	0.122	0.095
0.442	0.063	0.424	0.070
0.165	0.013	0.162	0.660
0.077	0.065	0.772	0.086
0.119	0.111	0.663	0.107
0.764	0.069	0.109	0.058
0.456	0.062	0.434	0.048
0.153	0.080	0.150	0.617
0.097	0.074	0.749	0.080
0.127	0.120	0.653	0.100
0.654	0.153	0.074	0.119
>TGGGCTGAGAT	23-TGGGCTGAGAT	8.550966	-13.697120	0	T:234.0(3.76%),B:186.9(2.38%),P:1e-5	Tpos:142.8,Tstd:94.2,Bpos:150.9,Bstd:100.4,StrandBias:-0.4,Multiplicity:1.24
0.019	0.067	0.093	0.821
0.042	0.050	0.871	0.037
0.103	0.025	0.855	0.017
0.033	0.041	0.849	0.077
0.043	0.785	0.139	0.033
0.084	0.017	0.050	0.849
0.050	0.048	0.860	0.042
0.743	0.067	0.131	0.059
0.146	0.025	0.787	0.042
0.775	0.117	0.071	0.037
0.048	0.056	0.080	0.816
>TAGGGTTAGGG	24-TAGGGTTAGGG	10.608235	-6.101774	0	T:15.0(0.24%),B:4.9(0.06%),P:1e-2	Tpos:140.4,Tstd:70.2,Bpos:260.3,Bstd:87.6,StrandBias:-0.2,Multiplicity:6.20
0.038	0.001	0.050	0.911
0.985	0.001	0.013	0.001
0.001	0.001	0.997	0.001
0.001	0.012	0.986	0.001
0.001	0.001	0.997	0.001
0.001	0.012	0.001	0.986
0.001	0.012	0.001	0.986
0.946	0.001	0.052	0.001
0.001	0.012	0.986	0.001
0.001	0.001	0.997	0.001
0.001	0.001	0.997	0.001
>ATAYATRTATA	25-ATAYATRTATA	6.163110	-3.230439	0	T:723.0(11.61%),B:836.9(10.67%),P:1e-1	Tpos:141.4,Tstd:95.2,Bpos:133.6,Bstd:95.8,StrandBias:-0.0,Multiplicity:1.40
0.568	0.128	0.303	0.001
0.031	0.351	0.022	0.596
0.646	0.030	0.323	0.001
0.040	0.351	0.130	0.480
0.577	0.009	0.386	0.028
0.090	0.281	0.070	0.559
0.529	0.001	0.384	0.086
0.004	0.375	0.013	0.608
0.548	0.001	0.352	0.099
0.001	0.357	0.001	0.641
0.644	0.030	0.325	0.001
