>CTAATDA	1-CTAATDA	5.809916	-45.043978	0	T:1467.0(23.55%),B:1357.6(17.30%),P:1e-19	Tpos:146.6,Tstd:98.5,Bpos:148.4,Bstd:99.5,StrandBias:0.1,Multiplicity:1.22
0.013	0.625	0.001	0.361
0.169	0.085	0.001	0.745
0.829	0.014	0.001	0.156
0.986	0.001	0.001	0.012
0.001	0.001	0.213	0.785
0.255	0.001	0.346	0.398
0.503	0.341	0.150	0.006
>TATTAAT	2-TATTAAT	6.205011	-41.648490	0	T:942.0(15.12%),B:799.6(10.19%),P:1e-18	Tpos:146.7,Tstd:98.6,Bpos:145.8,Bstd:118.1,StrandBias:-0.1,Multiplicity:1.25
0.069	0.038	0.001	0.892
0.878	0.051	0.070	0.001
0.173	0.023	0.021	0.783
0.001	0.001	0.001	0.997
0.966	0.001	0.001	0.032
0.871	0.034	0.028	0.067
0.075	0.103	0.085	0.737
>CGCTAAT	3-CGCTAAT	4.862514	-35.658267	0	T:1072.0(17.21%),B:969.6(12.36%),P:1e-15	Tpos:151.7,Tstd:101.3,Bpos:143.3,Bstd:105.2,StrandBias:-0.0,Multiplicity:1.07
0.109	0.714	0.045	0.132
0.068	0.214	0.659	0.059
0.049	0.799	0.033	0.119
0.070	0.095	0.172	0.663
0.789	0.049	0.059	0.103
0.707	0.054	0.089	0.150
0.093	0.167	0.066	0.674
>CGCGMGA	4-CGCGMGA	5.984118	-24.703637	0	T:463.0(7.43%),B:373.7(4.76%),P:1e-10	Tpos:146.8,Tstd:92.7,Bpos:138.1,Bstd:142.4,StrandBias:0.1,Multiplicity:1.15
0.001	0.828	0.170	0.001
0.001	0.001	0.926	0.072
0.385	0.613	0.001	0.001
0.001	0.078	0.744	0.177
0.499	0.399	0.001	0.101
0.193	0.001	0.765	0.041
0.897	0.001	0.001	0.101
>CCGTAGA	5-CCGTAGA	3.764763	-19.490921	0	T:406.0(6.52%),B:337.8(4.31%),P:1e-8	Tpos:153.1,Tstd:94.7,Bpos:151.5,Bstd:137.4,StrandBias:0.0,Multiplicity:1.10
0.001	0.712	0.286	0.001
0.001	0.997	0.001	0.001
0.001	0.001	0.997	0.001
0.001	0.001	0.001	0.997
0.693	0.293	0.001	0.013
0.001	0.001	0.997	0.001
0.710	0.288	0.001	0.001
>TCTGCAG	6-TCTGCAG	6.085106	-17.106966	0	T:2390.0(38.37%),B:2665.5(33.97%),P:1e-7	Tpos:145.4,Tstd:98.5,Bpos:142.7,Bstd:114.7,StrandBias:-0.0,Multiplicity:1.33
0.168	0.112	0.081	0.639
0.001	0.933	0.001	0.065
0.001	0.001	0.037	0.961
0.001	0.083	0.915	0.001
0.001	0.925	0.001	0.073
0.997	0.001	0.001	0.001
0.001	0.082	0.796	0.121
>TCGATTC	7-TCGATTC	5.070640	-15.510915	0	T:1616.0(25.94%),B:1745.3(22.24%),P:1e-6	Tpos:144.0,Tstd:96.0,Bpos:140.4,Bstd:111.8,StrandBias:-0.4,Multiplicity:1.64
0.001	0.265	0.001	0.733
0.001	0.997	0.001	0.001
0.001	0.213	0.785	0.001
0.850	0.001	0.148	0.001
0.001	0.267	0.001	0.731
0.254	0.166	0.001	0.579
0.001	0.997	0.001	0.001
>ACACACA	8-ACACACA	6.697805	-14.090642	0	T:1579.0(25.35%),B:1716.4(21.88%),P:1e-6	Tpos:145.7,Tstd:94.9,Bpos:142.4,Bstd:98.8,StrandBias:-0.1,Multiplicity:1.37
0.837	0.001	0.071	0.091
0.001	0.937	0.001	0.061
0.939	0.001	0.059	0.001
0.001	0.882	0.116	0.001
0.746	0.207	0.046	0.001
0.001	0.997	0.001	0.001
0.942	0.001	0.056	0.001
>CCGCGGC	9-CCGCGGC	8.840903	-7.762877	0	T:313.0(5.02%),B:302.2(3.85%),P:1e-3	Tpos:160.7,Tstd:104.3,Bpos:158.2,Bstd:180.3,StrandBias:0.1,Multiplicity:1.27
0.001	0.815	0.129	0.055
0.001	0.860	0.138	0.001
0.028	0.069	0.902	0.001
0.001	0.964	0.001	0.034
0.001	0.213	0.785	0.001
0.019	0.044	0.936	0.001
0.001	0.942	0.056	0.001
>ATTGGGG	10-ATTGGGG	4.607486	-6.913502	0	T:974.0(15.64%),B:1080.6(13.77%),P:1e-3	Tpos:140.8,Tstd:93.4,Bpos:143.3,Bstd:118.0,StrandBias:-0.1,Multiplicity:1.25
0.780	0.001	0.218	0.001
0.001	0.001	0.001	0.997
0.001	0.063	0.001	0.935
0.126	0.001	0.872	0.001
0.001	0.001	0.997	0.001
0.001	0.001	0.997	0.001
0.001	0.001	0.997	0.001
