>TATTAATA	1-TATTAATA	3.807634	-46.535653	0	T:1540.0(24.72%),B:1431.8(18.25%),P:1e-20	Tpos:149.5,Tstd:99.2,Bpos:142.3,Bstd:108.8,StrandBias:0.0,Multiplicity:1.34
0.211	0.158	0.047	0.584
0.476	0.088	0.311	0.125
0.001	0.299	0.001	0.699
0.001	0.001	0.001	0.997
0.997	0.001	0.001	0.001
0.602	0.001	0.001	0.396
0.001	0.001	0.001	0.997
0.997	0.001	0.001	0.001
>MVYTAATT	2-MVYTAATT	5.461233	-40.171965	0	T:2002.0(32.14%),B:2002.2(25.52%),P:1e-17	Tpos:147.2,Tstd:100.7,Bpos:143.4,Bstd:102.7,StrandBias:-0.1,Multiplicity:1.32
0.333	0.377	0.084	0.206
0.351	0.323	0.325	0.001
0.034	0.456	0.001	0.509
0.001	0.026	0.003	0.970
0.865	0.084	0.002	0.049
0.676	0.056	0.001	0.267
0.001	0.185	0.001	0.813
0.173	0.001	0.262	0.564
>GGTGCTAA	3-GGTGCTAA	4.926039	-28.075862	0	T:2660.0(42.70%),B:2887.5(36.80%),P:1e-12	Tpos:146.2,Tstd:96.6,Bpos:140.3,Bstd:110.7,StrandBias:0.1,Multiplicity:1.36
0.133	0.091	0.709	0.067
0.049	0.175	0.767	0.009
0.092	0.058	0.050	0.800
0.067	0.049	0.816	0.068
0.052	0.831	0.022	0.095
0.092	0.129	0.158	0.621
0.754	0.087	0.113	0.046
0.710	0.113	0.104	0.073
>TCTCCCCC	4-TCTCCCCC	7.319783	-26.688604	0	T:842.0(13.52%),B:766.7(9.77%),P:1e-11	Tpos:147.8,Tstd:104.4,Bpos:151.7,Bstd:129.4,StrandBias:-0.1,Multiplicity:1.12
0.001	0.001	0.190	0.808
0.029	0.969	0.001	0.001
0.001	0.044	0.045	0.910
0.001	0.885	0.057	0.057
0.035	0.851	0.077	0.037
0.035	0.890	0.001	0.074
0.038	0.808	0.105	0.049
0.036	0.927	0.036	0.001
>CTCGACTC	5-CTCGACTC	5.082880	-23.915604	0	T:1848.0(29.67%),B:1942.8(24.76%),P:1e-10	Tpos:143.9,Tstd:96.1,Bpos:139.6,Bstd:114.6,StrandBias:-0.2,Multiplicity:1.30
0.001	0.838	0.125	0.036
0.072	0.206	0.001	0.721
0.068	0.930	0.001	0.001
0.001	0.039	0.574	0.386
0.915	0.001	0.004	0.080
0.007	0.981	0.001	0.011
0.087	0.137	0.200	0.576
0.001	0.997	0.001	0.001
>ACGTCCGT	6-ACGTCCGT	7.258939	-22.421172	0	T:153.0(2.46%),B:84.7(1.08%),P:1e-9	Tpos:150.7,Tstd:93.7,Bpos:156.1,Bstd:94.3,StrandBias:0.0,Multiplicity:1.05
0.642	0.176	0.181	0.001
0.001	0.941	0.034	0.024
0.001	0.001	0.910	0.088
0.019	0.001	0.001	0.979
0.012	0.903	0.064	0.021
0.001	0.881	0.059	0.059
0.011	0.001	0.912	0.076
0.001	0.019	0.151	0.829
>GACGAAGT	7-GACGAAGT	3.732461	-18.804239	0	T:241.0(3.87%),B:174.9(2.23%),P:1e-8	Tpos:144.2,Tstd:94.4,Bpos:153.3,Bstd:124.3,StrandBias:0.1,Multiplicity:1.03
0.001	0.001	0.997	0.001
0.997	0.001	0.001	0.001
0.001	0.997	0.001	0.001
0.001	0.001	0.997	0.001
0.997	0.001	0.001	0.001
0.802	0.001	0.196	0.001
0.001	0.001	0.810	0.188
0.001	0.142	0.058	0.799
>TGYGACCG	8-TGYGACCG	8.375066	-18.494821	0	T:88.0(1.41%),B:39.6(0.51%),P:1e-8	Tpos:140.2,Tstd:91.5,Bpos:166.9,Bstd:102.8,StrandBias:-0.4,Multiplicity:1.00
0.001	0.001	0.001	0.997
0.271	0.001	0.727	0.001
0.001	0.533	0.001	0.465
0.001	0.001	0.997	0.001
0.680	0.001	0.318	0.001
0.042	0.653	0.001	0.304
0.168	0.830	0.001	0.001
0.001	0.001	0.997	0.001
>ACTGCAGC	9-ACTGCAGC	7.319940	-18.263118	0	T:898.0(14.42%),B:882.3(11.25%),P:1e-7	Tpos:145.2,Tstd:97.9,Bpos:143.4,Bstd:120.3,StrandBias:-0.1,Multiplicity:1.14
0.816	0.062	0.001	0.121
0.001	0.884	0.114	0.001
0.071	0.121	0.035	0.773
0.020	0.037	0.919	0.024
0.032	0.919	0.023	0.026
0.920	0.001	0.025	0.054
0.001	0.031	0.967	0.001
0.045	0.899	0.001	0.055
>GCGTCGCC	10-GCGTCGCC	7.173524	-16.906212	0	T:102.0(1.64%),B:53.2(0.68%),P:1e-7	Tpos:152.7,Tstd:89.6,Bpos:160.7,Bstd:206.0,StrandBias:-0.2,Multiplicity:1.05
0.001	0.001	0.898	0.100
0.001	0.997	0.001	0.001
0.001	0.001	0.892	0.106
0.249	0.001	0.001	0.749
0.001	0.997	0.001	0.001
0.001	0.001	0.997	0.001
0.001	0.997	0.001	0.001
0.073	0.825	0.101	0.001
>CCGCSGCG	11-CCGCSGCG	7.178799	-15.768780	0	T:476.0(7.64%),B:430.5(5.49%),P:1e-6	Tpos:160.7,Tstd:103.2,Bpos:150.0,Bstd:186.8,StrandBias:-0.1,Multiplicity:1.48
0.198	0.534	0.264	0.004
0.001	0.831	0.123	0.045
0.094	0.001	0.904	0.001
0.305	0.691	0.003	0.001
0.001	0.437	0.561	0.001
0.004	0.001	0.796	0.199
0.001	0.997	0.001	0.001
0.053	0.203	0.743	0.001
>GCGGACGC	12-GCGGACGC	8.236954	-15.662813	0	T:39.0(0.63%),B:9.6(0.12%),P:1e-6	Tpos:167.3,Tstd:93.6,Bpos:166.2,Bstd:50.1,StrandBias:0.9,Multiplicity:1.00
0.100	0.100	0.700	0.100
0.100	0.700	0.100	0.100
0.100	0.100	0.700	0.100
0.100	0.100	0.700	0.100
0.700	0.100	0.100	0.100
0.100	0.700	0.100	0.100
0.100	0.100	0.700	0.100
0.100	0.700	0.100	0.100
>CTCGGCGA	13-CTCGGCGA	8.061538	-13.848080	0	T:75.0(1.20%),B:37.5(0.48%),P:1e-6	Tpos:132.9,Tstd:89.1,Bpos:162.6,Bstd:119.1,StrandBias:-0.1,Multiplicity:1.03
0.088	0.910	0.001	0.001
0.001	0.001	0.001	0.997
0.001	0.997	0.001	0.001
0.001	0.001	0.997	0.001
0.001	0.001	0.997	0.001
0.361	0.637	0.001	0.001
0.122	0.001	0.876	0.001
0.997	0.001	0.001	0.001
>GCCGCGCG	14-GCCGCGCG	9.858661	-10.206827	0	T:130.0(2.09%),B:96.1(1.22%),P:1e-4	Tpos:163.7,Tstd:88.7,Bpos:125.8,Bstd:149.5,StrandBias:0.2,Multiplicity:1.09
0.001	0.001	0.997	0.001
0.001	0.700	0.001	0.298
0.001	0.997	0.001	0.001
0.001	0.001	0.997	0.001
0.001	0.997	0.001	0.001
0.001	0.001	0.997	0.001
0.001	0.997	0.001	0.001
0.001	0.001	0.997	0.001
>CACACACA	15-CACACACA	6.685065	-9.074693	0	T:1108.0(17.79%),B:1212.0(15.45%),P:1e-3	Tpos:146.5,Tstd:96.5,Bpos:144.6,Bstd:107.6,StrandBias:-0.0,Multiplicity:1.41
0.001	0.680	0.001	0.318
0.691	0.001	0.239	0.069
0.001	0.697	0.093	0.209
0.722	0.128	0.001	0.149
0.001	0.670	0.165	0.164
0.939	0.001	0.059	0.001
0.042	0.845	0.001	0.112
0.548	0.144	0.307	0.001
>AGCTGTTG	16-AGCTGTTG	8.236954	-8.720873	0	T:101.0(1.62%),B:73.1(0.93%),P:1e-3	Tpos:137.2,Tstd:92.8,Bpos:169.8,Bstd:114.4,StrandBias:0.1,Multiplicity:1.03
0.700	0.100	0.100	0.100
0.100	0.100	0.700	0.100
0.100	0.700	0.100	0.100
0.100	0.100	0.100	0.700
0.100	0.100	0.700	0.100
0.100	0.100	0.100	0.700
0.100	0.100	0.100	0.700
0.100	0.100	0.700	0.100
>GGGTTAGG	17-GGGTTAGG	6.516423	-6.811179	0	T:104.0(1.67%),B:83.4(1.06%),P:1e-2	Tpos:147.0,Tstd:78.7,Bpos:148.1,Bstd:99.0,StrandBias:-0.2,Multiplicity:1.85
0.001	0.001	0.997	0.001
0.001	0.001	0.807	0.191
0.001	0.001	0.997	0.001
0.001	0.001	0.001	0.997
0.001	0.001	0.001	0.997
0.997	0.001	0.001	0.001
0.001	0.055	0.943	0.001
0.001	0.001	0.997	0.001
>CCATTCCA	18-CCATTCCA	10.713618	-2.694318	0	T:75.0(1.20%),B:73.8(0.94%),P:1e-1	Tpos:126.0,Tstd:77.0,Bpos:133.4,Bstd:84.8,StrandBias:-0.7,Multiplicity:5.43
0.001	0.997	0.001	0.001
0.001	0.935	0.063	0.001
0.963	0.001	0.035	0.001
0.001	0.198	0.001	0.800
0.001	0.001	0.001	0.997
0.001	0.997	0.001	0.001
0.001	0.964	0.034	0.001
0.997	0.001	0.001	0.001
