>NTAWTAATW	1-NTAWTAATW	5.370330	-46.357749	0	T:1653.0(26.54%),B:1560.6(19.89%),P:1e-20	Tpos:151.1,Tstd:101.6,Bpos:146.7,Bstd:110.8,StrandBias:-0.1,Multiplicity:1.40
0.204	0.287	0.194	0.314
0.188	0.001	0.001	0.810
0.681	0.140	0.066	0.113
0.385	0.055	0.041	0.519
0.001	0.001	0.001	0.997
0.754	0.001	0.003	0.242
0.509	0.113	0.208	0.170
0.184	0.121	0.197	0.498
0.444	0.022	0.157	0.377
>TTAGCACCT	2-TTAGCACCT	5.314591	-42.587354	0	T:1255.0(20.15%),B:1134.0(14.45%),P:1e-18	Tpos:145.5,Tstd:97.4,Bpos:142.5,Bstd:92.0,StrandBias:0.0,Multiplicity:1.15
0.086	0.249	0.086	0.579
0.074	0.232	0.184	0.510
0.524	0.128	0.209	0.139
0.346	0.071	0.518	0.065
0.108	0.674	0.110	0.108
0.649	0.167	0.087	0.097
0.100	0.603	0.231	0.066
0.064	0.649	0.071	0.216
0.141	0.207	0.114	0.538
>NATTAGCGB	3-NATTAGCGB	5.072186	-40.207133	0	T:1053.0(16.90%),B:925.1(11.79%),P:1e-17	Tpos:151.1,Tstd:97.3,Bpos:146.6,Bstd:100.0,StrandBias:-0.0,Multiplicity:1.09
0.239	0.287	0.245	0.229
0.732	0.089	0.094	0.085
0.085	0.086	0.093	0.736
0.076	0.071	0.102	0.751
0.718	0.084	0.093	0.105
0.091	0.064	0.805	0.040
0.119	0.637	0.113	0.131
0.163	0.073	0.621	0.143
0.111	0.302	0.302	0.284
>CGACCCGGG	4-CGACCCGGG	8.242105	-29.152072	0	T:136.0(2.18%),B:58.8(0.75%),P:1e-12	Tpos:148.6,Tstd:92.7,Bpos:130.7,Bstd:122.4,StrandBias:-0.1,Multiplicity:1.10
0.001	0.997	0.001	0.001
0.001	0.001	0.985	0.013
0.930	0.001	0.068	0.001
0.036	0.896	0.021	0.047
0.140	0.858	0.001	0.001
0.001	0.885	0.050	0.064
0.001	0.319	0.522	0.158
0.003	0.001	0.949	0.047
0.113	0.001	0.833	0.053
>GCGGCCGCG	5-GCGGCCGCG	8.178776	-26.341782	0	T:416.0(6.68%),B:319.9(4.08%),P:1e-11	Tpos:165.4,Tstd:102.7,Bpos:150.0,Bstd:190.8,StrandBias:-0.1,Multiplicity:1.49
0.147	0.142	0.672	0.039
0.001	0.475	0.248	0.277
0.001	0.242	0.756	0.001
0.001	0.001	0.828	0.170
0.091	0.907	0.001	0.001
0.001	0.821	0.177	0.001
0.001	0.001	0.997	0.001
0.001	0.997	0.001	0.001
0.052	0.142	0.805	0.001
>GCTGGCACT	6-GCTGGCACT	5.364837	-26.324995	0	T:1077.0(17.29%),B:1029.7(13.12%),P:1e-11	Tpos:143.9,Tstd:94.0,Bpos:141.8,Bstd:136.6,StrandBias:-0.0,Multiplicity:1.16
0.170	0.079	0.647	0.104
0.102	0.515	0.206	0.177
0.099	0.197	0.209	0.495
0.129	0.171	0.553	0.147
0.159	0.085	0.740	0.016
0.098	0.578	0.291	0.033
0.480	0.051	0.268	0.200
0.091	0.558	0.203	0.148
0.107	0.286	0.155	0.452
>CYTCCGGTC	7-CYTCCGGTC	7.562971	-24.858270	0	T:104.0(1.67%),B:41.9(0.53%),P:1e-10	Tpos:144.6,Tstd:86.5,Bpos:156.7,Bstd:220.9,StrandBias:0.3,Multiplicity:1.03
0.001	0.997	0.001	0.001
0.230	0.428	0.001	0.341
0.019	0.001	0.001	0.979
0.024	0.972	0.001	0.003
0.001	0.641	0.341	0.017
0.001	0.001	0.997	0.001
0.001	0.001	0.997	0.001
0.001	0.001	0.029	0.969
0.019	0.979	0.001	0.001
>CGCTTCGCC	8-CGCTTCGCC	6.391232	-24.509684	0	T:408.0(6.55%),B:318.6(4.06%),P:1e-10	Tpos:158.9,Tstd:101.6,Bpos:142.6,Bstd:139.2,StrandBias:0.0,Multiplicity:1.12
0.086	0.804	0.068	0.042
0.073	0.086	0.749	0.092
0.053	0.778	0.122	0.047
0.053	0.052	0.134	0.761
0.069	0.079	0.049	0.803
0.064	0.827	0.044	0.065
0.076	0.081	0.701	0.142
0.020	0.810	0.101	0.069
0.055	0.771	0.061	0.113
>GGAGGGCGC	9-GGAGGGCGC	9.579348	-23.975793	0	T:109.0(1.75%),B:46.8(0.60%),P:1e-10	Tpos:164.1,Tstd:107.3,Bpos:153.2,Bstd:76.0,StrandBias:-0.3,Multiplicity:1.02
0.001	0.001	0.845	0.153
0.001	0.001	0.997	0.001
0.997	0.001	0.001	0.001
0.001	0.001	0.997	0.001
0.001	0.001	0.918	0.080
0.001	0.001	0.997	0.001
0.001	0.997	0.001	0.001
0.167	0.001	0.831	0.001
0.001	0.997	0.001	0.001
>TGAAAACTA	10-TGAAAACTA	8.408779	-22.102656	0	T:151.0(2.42%),B:83.7(1.07%),P:1e-9	Tpos:143.1,Tstd:92.0,Bpos:132.5,Bstd:83.1,StrandBias:0.1,Multiplicity:1.02
0.001	0.001	0.001	0.997
0.115	0.001	0.883	0.001
0.997	0.001	0.001	0.001
0.997	0.001	0.001	0.001
0.749	0.112	0.001	0.138
0.855	0.143	0.001	0.001
0.001	0.997	0.001	0.001
0.001	0.001	0.001	0.997
0.997	0.001	0.001	0.001
>CCACTAGTG	11-CCACTAGTG	6.995918	-21.857176	0	T:729.0(11.70%),B:670.2(8.54%),P:1e-9	Tpos:139.1,Tstd:83.0,Bpos:144.8,Bstd:102.7,StrandBias:-0.0,Multiplicity:1.07
0.098	0.852	0.049	0.001
0.001	0.997	0.001	0.001
0.621	0.145	0.137	0.097
0.001	0.864	0.001	0.134
0.001	0.001	0.001	0.997
0.707	0.049	0.062	0.182
0.066	0.152	0.762	0.020
0.293	0.001	0.232	0.474
0.002	0.001	0.817	0.180
>GGGGGAGAC	12-GGGGGAGAC	7.905866	-20.815629	0	T:277.0(4.45%),B:202.8(2.58%),P:1e-9	Tpos:159.2,Tstd:103.1,Bpos:151.8,Bstd:107.7,StrandBias:0.2,Multiplicity:1.04
0.001	0.093	0.890	0.016
0.001	0.191	0.656	0.152
0.230	0.001	0.768	0.001
0.001	0.055	0.943	0.001
0.001	0.001	0.997	0.001
0.762	0.166	0.071	0.001
0.001	0.009	0.982	0.008
0.964	0.034	0.001	0.001
0.033	0.965	0.001	0.001
>CTGCAGCTT	13-CTGCAGCTT	5.961118	-20.672299	0	T:1480.0(23.76%),B:1535.8(19.57%),P:1e-8	Tpos:148.3,Tstd:100.2,Bpos:140.5,Bstd:112.0,StrandBias:0.0,Multiplicity:1.20
0.076	0.736	0.088	0.100
0.061	0.084	0.098	0.757
0.053	0.072	0.813	0.062
0.080	0.780	0.082	0.058
0.833	0.026	0.062	0.079
0.055	0.048	0.830	0.067
0.093	0.761	0.087	0.059
0.070	0.069	0.066	0.795
0.097	0.091	0.114	0.698
>GTTCGYCCC	14-GTTCGYCCC	10.374205	-18.432623	0	T:52.0(0.83%),B:14.2(0.18%),P:1e-8	Tpos:159.3,Tstd:106.7,Bpos:120.2,Bstd:68.4,StrandBias:0.5,Multiplicity:1.12
0.001	0.001	0.997	0.001
0.266	0.284	0.001	0.449
0.001	0.001	0.001	0.997
0.001	0.997	0.001	0.001
0.001	0.001	0.997	0.001
0.001	0.529	0.001	0.469
0.001	0.997	0.001	0.001
0.001	0.997	0.001	0.001
0.001	0.997	0.001	0.001
>GCCCCCHCT	15-GCCCCCHCT	9.031168	-17.926067	0	T:214.0(3.44%),B:151.2(1.93%),P:1e-7	Tpos:139.2,Tstd:95.2,Bpos:152.8,Bstd:116.2,StrandBias:-0.4,Multiplicity:1.04
0.001	0.001	0.890	0.108
0.001	0.997	0.001	0.001
0.001	0.801	0.001	0.197
0.001	0.621	0.377	0.001
0.228	0.744	0.013	0.015
0.001	0.961	0.037	0.001
0.343	0.398	0.001	0.258
0.033	0.831	0.135	0.001
0.001	0.001	0.001	0.997
>CTCGGCATA	16-CTCGGCATA	6.173441	-17.025217	0	T:515.0(8.27%),B:465.9(5.94%),P:1e-7	Tpos:141.9,Tstd:95.9,Bpos:144.0,Bstd:100.1,StrandBias:0.2,Multiplicity:1.06
0.054	0.873	0.045	0.028
0.119	0.106	0.059	0.716
0.055	0.800	0.088	0.057
0.120	0.104	0.743	0.033
0.053	0.081	0.752	0.114
0.038	0.856	0.067	0.039
0.743	0.104	0.044	0.109
0.106	0.048	0.055	0.791
0.733	0.076	0.099	0.092
>CGCGCGTGA	17-CGCGCGTGA	5.892021	-16.319831	0	T:227.0(3.64%),B:169.1(2.16%),P:1e-7	Tpos:146.0,Tstd:95.0,Bpos:133.0,Bstd:148.4,StrandBias:0.4,Multiplicity:1.17
0.095	0.695	0.109	0.101
0.129	0.103	0.676	0.092
0.097	0.661	0.143	0.099
0.095	0.111	0.704	0.090
0.073	0.678	0.149	0.100
0.088	0.142	0.662	0.108
0.107	0.138	0.138	0.617
0.064	0.126	0.721	0.089
0.587	0.138	0.144	0.131
>GCGCGGMGT	18-GCGCGGMGT	8.867730	-14.855151	0	T:153.0(2.46%),B:103.9(1.32%),P:1e-6	Tpos:171.5,Tstd:119.5,Bpos:128.6,Bstd:144.2,StrandBias:-0.2,Multiplicity:1.25
0.001	0.001	0.861	0.137
0.001	0.997	0.001	0.001
0.001	0.002	0.955	0.042
0.001	0.988	0.001	0.010
0.001	0.001	0.997	0.001
0.129	0.001	0.867	0.003
0.498	0.430	0.071	0.001
0.146	0.001	0.677	0.176
0.118	0.001	0.349	0.532
>CGGGCCTGC	19-CGGGCCTGC	8.958102	-13.863693	0	T:70.0(1.12%),B:33.5(0.43%),P:1e-6	Tpos:153.7,Tstd:109.9,Bpos:72.8,Bstd:80.2,StrandBias:-0.2,Multiplicity:1.08
0.001	0.997	0.001	0.001
0.001	0.001	0.997	0.001
0.001	0.001	0.997	0.001
0.001	0.001	0.997	0.001
0.001	0.997	0.001	0.001
0.106	0.892	0.001	0.001
0.229	0.001	0.001	0.769
0.044	0.001	0.954	0.001
0.001	0.997	0.001	0.001
>GCGAGAGAG	20-GCGAGAGAG	6.683400	-13.406905	0	T:668.0(10.72%),B:658.4(8.39%),P:1e-5	Tpos:147.6,Tstd:96.4,Bpos:146.5,Bstd:127.7,StrandBias:-0.1,Multiplicity:1.23
0.078	0.095	0.522	0.305
0.245	0.554	0.200	0.001
0.026	0.052	0.899	0.023
0.750	0.010	0.151	0.089
0.038	0.144	0.712	0.106
0.590	0.001	0.259	0.150
0.001	0.195	0.769	0.035
0.639	0.196	0.001	0.164
0.110	0.251	0.505	0.134
>ACGTATACA	21-ACGTATACA	8.902862	-12.599208	0	T:46.0(0.74%),B:17.2(0.22%),P:1e-5	Tpos:144.1,Tstd:92.8,Bpos:161.7,Bstd:84.1,StrandBias:-0.1,Multiplicity:1.12
0.964	0.010	0.001	0.025
0.052	0.871	0.032	0.045
0.063	0.001	0.899	0.037
0.026	0.042	0.042	0.890
0.849	0.071	0.001	0.079
0.006	0.090	0.071	0.833
0.966	0.001	0.010	0.023
0.141	0.733	0.001	0.125
0.997	0.001	0.001	0.001
>CAACAACAA	22-CAACAACAA	7.973637	-12.425902	0	T:181.0(2.91%),B:138.0(1.76%),P:1e-5	Tpos:139.6,Tstd:91.9,Bpos:148.9,Bstd:116.1,StrandBias:-0.4,Multiplicity:1.08
0.001	0.567	0.382	0.050
0.583	0.326	0.030	0.061
0.684	0.031	0.221	0.064
0.302	0.582	0.092	0.024
0.716	0.055	0.143	0.086
0.449	0.265	0.111	0.176
0.078	0.869	0.046	0.007
0.769	0.081	0.072	0.078
0.755	0.028	0.053	0.164
>ACACRCACA	23-ACACRCACA	7.283520	-9.343477	0	T:552.0(8.86%),B:559.3(7.13%),P:1e-4	Tpos:149.1,Tstd:97.1,Bpos:148.0,Bstd:107.0,StrandBias:-0.1,Multiplicity:1.48
0.722	0.076	0.201	0.001
0.001	0.658	0.083	0.258
0.658	0.091	0.250	0.001
0.001	0.638	0.119	0.242
0.405	0.168	0.324	0.103
0.001	0.586	0.132	0.281
0.809	0.171	0.019	0.001
0.001	0.797	0.061	0.141
0.915	0.083	0.001	0.001
>ARGGTTACG	24-ARGGTTACG	8.768032	-9.097798	0	T:55.0(0.88%),B:30.5(0.39%),P:1e-3	Tpos:140.2,Tstd:72.5,Bpos:180.1,Bstd:110.2,StrandBias:-0.1,Multiplicity:2.35
0.997	0.001	0.001	0.001
0.442	0.001	0.556	0.001
0.001	0.176	0.822	0.001
0.001	0.001	0.653	0.345
0.031	0.001	0.001	0.967
0.001	0.001	0.001	0.997
0.903	0.095	0.001	0.001
0.001	0.839	0.159	0.001
0.001	0.001	0.997	0.001
>TCCATTCCA	25-TCCATTCCA	8.156756	-6.884283	0	T:120.0(1.93%),B:99.1(1.26%),P:1e-2	Tpos:131.4,Tstd:84.8,Bpos:128.3,Bstd:81.3,StrandBias:-1.0,Multiplicity:5.51
0.017	0.001	0.007	0.975
0.015	0.955	0.029	0.001
0.001	0.956	0.031	0.012
0.968	0.001	0.030	0.001
0.015	0.251	0.018	0.716
0.015	0.001	0.001	0.983
0.022	0.933	0.020	0.025
0.001	0.971	0.027	0.001
0.963	0.001	0.012	0.024
