>TATTAATAAT	1-TATTAATAAT	6.289861	-55.458142	0	T:817.0(13.12%),B:615.5(7.85%),P:1e-24	Tpos:153.0,Tstd:97.9,Bpos:143.9,Bstd:116.3,StrandBias:-0.1,Multiplicity:1.18
0.226	0.217	0.039	0.518
0.737	0.013	0.232	0.018
0.234	0.152	0.169	0.444
0.008	0.006	0.008	0.978
0.635	0.086	0.002	0.277
0.528	0.145	0.147	0.180
0.079	0.004	0.178	0.739
0.535	0.083	0.018	0.364
0.572	0.025	0.245	0.158
0.162	0.302	0.025	0.511
>GCGGACGCTG	2-GCGGACGCTG	8.992506	-31.785826	0	T:119.0(1.91%),B:42.1(0.54%),P:1e-13	Tpos:139.8,Tstd:97.1,Bpos:176.8,Bstd:161.9,StrandBias:0.2,Multiplicity:1.03
0.041	0.020	0.938	0.001
0.001	0.875	0.104	0.020
0.001	0.020	0.892	0.087
0.021	0.021	0.937	0.021
0.803	0.080	0.076	0.041
0.001	0.872	0.126	0.001
0.001	0.053	0.926	0.020
0.020	0.938	0.041	0.001
0.001	0.037	0.062	0.900
0.001	0.040	0.958	0.001
>CGCGTCGGGT	3-CGCGTCGGGT	7.737787	-31.037398	0	T:38.0(0.61%),B:0.0(0.00%),P:1e-13	Tpos:175.7,Tstd:108.6,Bpos:0.0,Bstd:0.0,StrandBias:0.2,Multiplicity:1.00
0.280	0.621	0.087	0.012
0.033	0.054	0.718	0.195
0.048	0.626	0.278	0.048
0.023	0.234	0.559	0.184
0.156	0.053	0.234	0.557
0.033	0.655	0.092	0.220
0.034	0.033	0.685	0.248
0.037	0.041	0.881	0.041
0.025	0.229	0.500	0.246
0.224	0.047	0.155	0.574
>TTCGCCCCCC	4-TTCGCCCCCC	9.386532	-30.267536	0	T:73.0(1.17%),B:15.4(0.20%),P:1e-13	Tpos:160.7,Tstd:97.9,Bpos:159.8,Bstd:80.1,StrandBias:0.8,Multiplicity:1.01
0.031	0.054	0.001	0.914
0.001	0.112	0.106	0.781
0.032	0.902	0.034	0.032
0.001	0.095	0.890	0.014
0.001	0.997	0.001	0.001
0.063	0.810	0.032	0.095
0.001	0.954	0.031	0.014
0.001	0.936	0.062	0.001
0.001	0.904	0.094	0.001
0.031	0.937	0.001	0.031
>CGCCGCSCMY	5-CGCCGCSCMY	8.183514	-29.370956	0	T:62.0(1.00%),B:10.8(0.14%),P:1e-12	Tpos:131.1,Tstd:84.0,Bpos:296.3,Bstd:287.2,StrandBias:-0.6,Multiplicity:1.04
0.068	0.689	0.139	0.104
0.081	0.156	0.668	0.095
0.043	0.865	0.072	0.020
0.073	0.689	0.149	0.089
0.095	0.142	0.687	0.076
0.045	0.655	0.215	0.085
0.053	0.384	0.476	0.087
0.093	0.688	0.195	0.024
0.393	0.298	0.222	0.087
0.122	0.277	0.215	0.386
>AACAACARCT	6-AACAACARCT	9.379707	-26.407398	0	T:175.0(2.81%),B:94.9(1.21%),P:1e-11	Tpos:137.0,Tstd:89.9,Bpos:159.1,Bstd:123.6,StrandBias:-0.3,Multiplicity:1.07
0.925	0.001	0.073	0.001
0.622	0.115	0.001	0.262
0.001	0.997	0.001	0.001
0.997	0.001	0.001	0.001
0.881	0.001	0.001	0.117
0.273	0.532	0.001	0.194
0.867	0.001	0.131	0.001
0.510	0.001	0.488	0.001
0.001	0.740	0.258	0.001
0.251	0.075	0.147	0.527
>CCCCACTGBC	7-CCCCACTGBC	6.327111	-25.318323	0	T:382.0(6.13%),B:289.9(3.69%),P:1e-10	Tpos:150.3,Tstd:97.7,Bpos:161.3,Bstd:143.0,StrandBias:0.1,Multiplicity:1.09
0.263	0.489	0.177	0.072
0.014	0.853	0.033	0.100
0.068	0.791	0.051	0.090
0.306	0.537	0.012	0.145
0.471	0.257	0.266	0.006
0.257	0.549	0.100	0.094
0.158	0.062	0.254	0.526
0.153	0.141	0.490	0.216
0.108	0.272	0.364	0.255
0.267	0.459	0.124	0.150
>ACGAGGTGTC	8-ACGAGGTGTC	8.191884	-21.603604	0	T:113.0(1.81%),B:53.8(0.69%),P:1e-9	Tpos:132.8,Tstd:80.3,Bpos:155.5,Bstd:148.1,StrandBias:-0.1,Multiplicity:1.05
0.805	0.049	0.070	0.076
0.143	0.612	0.141	0.104
0.109	0.070	0.762	0.059
0.775	0.043	0.050	0.132
0.066	0.029	0.871	0.034
0.043	0.057	0.862	0.038
0.122	0.057	0.022	0.799
0.054	0.042	0.856	0.048
0.023	0.064	0.055	0.858
0.043	0.807	0.073	0.077
>RCTTAATTAG	9-RCTTAATTAG	7.694505	-21.414154	0	T:235.0(3.77%),B:160.2(2.04%),P:1e-9	Tpos:153.0,Tstd:109.4,Bpos:149.3,Bstd:92.5,StrandBias:-0.2,Multiplicity:1.03
0.347	0.001	0.489	0.163
0.067	0.772	0.026	0.135
0.001	0.113	0.112	0.774
0.190	0.001	0.060	0.749
0.743	0.001	0.175	0.081
0.943	0.055	0.001	0.001
0.001	0.142	0.001	0.856
0.192	0.001	0.001	0.806
0.858	0.001	0.001	0.140
0.001	0.056	0.935	0.008
>GCTGCGATTT	10-GCTGCGATTT	8.288604	-21.077342	0	T:146.0(2.34%),B:82.0(1.04%),P:1e-9	Tpos:138.3,Tstd:97.7,Bpos:186.1,Bstd:120.0,StrandBias:0.0,Multiplicity:1.01
0.042	0.036	0.890	0.032
0.031	0.831	0.022	0.116
0.045	0.032	0.042	0.881
0.076	0.036	0.832	0.056
0.126	0.694	0.099	0.081
0.081	0.117	0.667	0.135
0.675	0.151	0.124	0.050
0.052	0.078	0.051	0.819
0.015	0.041	0.047	0.897
0.016	0.060	0.104	0.820
>TTCGGGCGCC	11-TTCGGGCGCC	8.263718	-20.990982	0	T:96.0(1.54%),B:41.8(0.53%),P:1e-9	Tpos:147.6,Tstd:89.5,Bpos:156.6,Bstd:131.3,StrandBias:0.1,Multiplicity:1.07
0.036	0.048	0.101	0.815
0.061	0.169	0.087	0.683
0.056	0.797	0.091	0.056
0.052	0.068	0.779	0.101
0.018	0.058	0.866	0.058
0.036	0.115	0.820	0.029
0.106	0.794	0.078	0.022
0.028	0.085	0.772	0.115
0.051	0.835	0.056	0.058
0.036	0.849	0.072	0.043
>AGCACCATCA	12-AGCACCATCA	9.031021	-20.624135	0	T:146.0(2.34%),B:82.2(1.05%),P:1e-8	Tpos:146.2,Tstd:90.4,Bpos:131.5,Bstd:71.3,StrandBias:-0.3,Multiplicity:1.05
0.951	0.010	0.038	0.001
0.001	0.048	0.859	0.092
0.001	0.975	0.001	0.023
0.881	0.001	0.066	0.052
0.001	0.893	0.068	0.038
0.001	0.997	0.001	0.001
0.844	0.130	0.001	0.025
0.111	0.001	0.037	0.851
0.044	0.932	0.001	0.023
0.808	0.001	0.022	0.169
>TACGCACGGG	13-TACGCACGGG	8.161602	-20.620872	0	T:59.0(0.95%),B:16.1(0.20%),P:1e-8	Tpos:143.5,Tstd:97.4,Bpos:140.9,Bstd:78.1,StrandBias:0.4,Multiplicity:1.02
0.030	0.093	0.102	0.775
0.691	0.074	0.173	0.062
0.021	0.816	0.086	0.077
0.091	0.092	0.722	0.095
0.030	0.899	0.051	0.020
0.797	0.051	0.101	0.051
0.030	0.844	0.085	0.041
0.127	0.051	0.737	0.085
0.031	0.061	0.815	0.093
0.030	0.021	0.919	0.030
>GACCCTGACC	14-GACCCTGACC	9.039380	-20.582280	0	T:103.0(1.65%),B:47.4(0.60%),P:1e-8	Tpos:147.5,Tstd:101.2,Bpos:150.3,Bstd:91.6,StrandBias:0.1,Multiplicity:1.14
0.001	0.057	0.941	0.001
0.830	0.053	0.047	0.070
0.103	0.895	0.001	0.001
0.001	0.978	0.020	0.001
0.001	0.997	0.001	0.001
0.140	0.086	0.001	0.773
0.001	0.122	0.857	0.020
0.997	0.001	0.001	0.001
0.001	0.902	0.035	0.062
0.022	0.968	0.009	0.001
>SGCGCGCGCC	15-SGCGCGCGCC	8.688169	-20.135054	0	T:295.0(4.74%),B:222.5(2.84%),P:1e-8	Tpos:163.3,Tstd:107.0,Bpos:135.2,Bstd:202.6,StrandBias:-0.2,Multiplicity:1.26
0.001	0.526	0.437	0.036
0.322	0.074	0.503	0.101
0.285	0.713	0.001	0.001
0.001	0.228	0.770	0.001
0.001	0.997	0.001	0.001
0.001	0.001	0.831	0.167
0.001	0.997	0.001	0.001
0.001	0.035	0.963	0.001
0.001	0.826	0.172	0.001
0.001	0.997	0.001	0.001
>GGTCTCGGGC	16-GGTCTCGGGC	9.387552	-20.081880	0	T:98.0(1.57%),B:44.6(0.57%),P:1e-8	Tpos:150.6,Tstd:97.8,Bpos:136.3,Bstd:86.5,StrandBias:0.2,Multiplicity:1.04
0.001	0.061	0.937	0.001
0.030	0.001	0.968	0.001
0.033	0.001	0.157	0.809
0.001	0.997	0.001	0.001
0.001	0.098	0.031	0.870
0.061	0.826	0.112	0.001
0.042	0.061	0.896	0.001
0.001	0.001	0.997	0.001
0.031	0.092	0.876	0.001
0.092	0.893	0.001	0.014
>GCSGCGGCSG	17-GCSGCGGCSG	9.258588	-19.369465	0	T:281.0(4.51%),B:211.1(2.69%),P:1e-8	Tpos:162.5,Tstd:107.1,Bpos:148.2,Bstd:184.7,StrandBias:0.1,Multiplicity:1.40
0.001	0.060	0.915	0.024
0.001	0.937	0.061	0.001
0.001	0.500	0.403	0.096
0.001	0.001	0.997	0.001
0.061	0.906	0.032	0.001
0.095	0.077	0.827	0.001
0.001	0.082	0.900	0.017
0.001	0.876	0.120	0.003
0.001	0.512	0.486	0.001
0.203	0.122	0.674	0.001
>AGCTGCACTG	18-AGCTGCACTG	9.575332	-18.541925	0	T:137.0(2.20%),B:79.8(1.02%),P:1e-8	Tpos:145.3,Tstd:100.4,Bpos:166.7,Bstd:164.7,StrandBias:0.3,Multiplicity:1.04
0.851	0.092	0.056	0.001
0.033	0.016	0.950	0.001
0.001	0.997	0.001	0.001
0.087	0.036	0.001	0.876
0.031	0.001	0.912	0.056
0.024	0.932	0.032	0.012
0.884	0.041	0.001	0.074
0.022	0.933	0.033	0.012
0.001	0.047	0.110	0.842
0.008	0.031	0.960	0.001
>TCTACCCACT	19-TCTACCCACT	10.707604	-16.615307	0	T:52.0(0.83%),B:16.5(0.21%),P:1e-7	Tpos:132.2,Tstd:77.1,Bpos:183.9,Bstd:146.6,StrandBias:0.1,Multiplicity:1.00
0.001	0.001	0.016	0.982
0.393	0.605	0.001	0.001
0.001	0.001	0.001	0.997
0.997	0.001	0.001	0.001
0.001	0.997	0.001	0.001
0.263	0.735	0.001	0.001
0.001	0.845	0.153	0.001
0.997	0.001	0.001	0.001
0.001	0.997	0.001	0.001
0.001	0.001	0.001	0.997
>ACGAGAGCCT	20-ACGAGAGCCT	9.592647	-16.459025	0	T:47.0(0.75%),B:13.4(0.17%),P:1e-7	Tpos:152.1,Tstd:101.8,Bpos:148.2,Bstd:115.2,StrandBias:0.0,Multiplicity:1.11
0.838	0.121	0.040	0.001
0.001	0.677	0.153	0.169
0.001	0.001	0.895	0.103
0.880	0.040	0.040	0.040
0.039	0.001	0.959	0.001
0.916	0.001	0.043	0.040
0.001	0.001	0.959	0.039
0.001	0.997	0.001	0.001
0.001	0.959	0.039	0.001
0.001	0.043	0.001	0.955
>TCTCTCCCSC	21-TCTCTCCCSC	7.789250	-15.633737	0	T:615.0(9.87%),B:583.7(7.44%),P:1e-6	Tpos:152.3,Tstd:102.1,Bpos:145.7,Bstd:118.4,StrandBias:0.2,Multiplicity:1.18
0.015	0.143	0.032	0.810
0.001	0.746	0.143	0.110
0.036	0.138	0.197	0.629
0.001	0.785	0.184	0.030
0.030	0.153	0.057	0.760
0.035	0.903	0.001	0.061
0.063	0.606	0.170	0.161
0.001	0.964	0.034	0.001
0.014	0.361	0.389	0.237
0.001	0.997	0.001	0.001
>CCACTCCACT	22-CCACTCCACT	8.563925	-14.150735	0	T:155.0(2.49%),B:107.5(1.37%),P:1e-6	Tpos:136.9,Tstd:112.2,Bpos:143.3,Bstd:98.4,StrandBias:-0.7,Multiplicity:1.43
0.028	0.708	0.126	0.138
0.200	0.643	0.001	0.156
0.599	0.324	0.042	0.035
0.048	0.841	0.056	0.055
0.182	0.007	0.108	0.703
0.091	0.716	0.001	0.192
0.149	0.613	0.001	0.237
0.765	0.001	0.001	0.233
0.020	0.862	0.001	0.117
0.096	0.168	0.039	0.697
>AATGGAATGG	23-AATGGAATGG	9.408740	-13.288773	0	T:81.0(1.30%),B:43.7(0.56%),P:1e-5	Tpos:130.2,Tstd:80.5,Bpos:128.6,Bstd:94.1,StrandBias:0.8,Multiplicity:6.98
0.997	0.001	0.001	0.001
0.827	0.018	0.154	0.001
0.027	0.013	0.017	0.943
0.001	0.018	0.953	0.028
0.001	0.044	0.933	0.022
0.969	0.001	0.012	0.018
0.876	0.015	0.084	0.025
0.021	0.028	0.038	0.913
0.023	0.027	0.949	0.001
0.001	0.028	0.970	0.001
>ACACACACAY	24-ACACACACAY	7.830789	-11.660822	0	T:355.0(5.70%),B:323.7(4.13%),P:1e-5	Tpos:150.5,Tstd:95.2,Bpos:149.8,Bstd:112.2,StrandBias:0.0,Multiplicity:1.41
0.639	0.067	0.256	0.038
0.001	0.544	0.139	0.316
0.749	0.001	0.238	0.012
0.001	0.648	0.039	0.312
0.614	0.216	0.158	0.012
0.080	0.502	0.078	0.340
0.833	0.052	0.067	0.048
0.001	0.665	0.001	0.333
0.707	0.135	0.157	0.001
0.001	0.540	0.001	0.458
>AGGGATAGGG	25-AGGGATAGGG	10.391906	-7.948750	0	T:18.0(0.29%),B:4.6(0.06%),P:1e-3	Tpos:142.8,Tstd:71.2,Bpos:230.3,Bstd:125.8,StrandBias:-0.4,Multiplicity:5.11
0.997	0.001	0.001	0.001
0.001	0.188	0.810	0.001
0.001	0.001	0.997	0.001
0.001	0.001	0.997	0.001
0.768	0.001	0.001	0.230
0.001	0.001	0.001	0.997
0.810	0.188	0.001	0.001
0.001	0.001	0.997	0.001
0.001	0.103	0.895	0.001
0.001	0.188	0.608	0.203
>GVGGGAGCCGC	1-GVGGGAGCCGC	7.747956	-37.139111	0	T:129.0(2.07%),B:42.6(0.54%),P:1e-16	Tpos:145.0,Tstd:99.9,Bpos:144.8,Bstd:103.0,StrandBias:0.0,Multiplicity:1.06
0.213	0.004	0.763	0.020
0.367	0.290	0.291	0.051
0.009	0.264	0.724	0.003
0.224	0.208	0.561	0.007
0.084	0.256	0.658	0.002
0.439	0.176	0.236	0.150
0.027	0.171	0.789	0.013
0.183	0.577	0.238	0.002
0.275	0.444	0.081	0.201
0.202	0.097	0.581	0.120
0.171	0.419	0.258	0.153
>HTATTAATAGT	2-HTATTAATAGT	6.743320	-36.701511	0	T:636.0(10.21%),B:501.5(6.39%),P:1e-15	Tpos:148.7,Tstd:95.9,Bpos:151.7,Bstd:113.9,StrandBias:-0.0,Multiplicity:1.11
0.239	0.259	0.154	0.348
0.121	0.041	0.022	0.816
0.705	0.055	0.084	0.156
0.106	0.040	0.047	0.807
0.076	0.031	0.042	0.851
0.856	0.050	0.032	0.062
0.771	0.062	0.050	0.117
0.151	0.100	0.064	0.685
0.870	0.001	0.041	0.088
0.158	0.067	0.639	0.136
0.303	0.138	0.080	0.479
>ACCCCCCGCGC	3-ACCCCCCGCGC	9.640729	-31.632252	0	T:99.0(1.59%),B:29.0(0.37%),P:1e-13	Tpos:165.9,Tstd:94.7,Bpos:140.9,Bstd:132.2,StrandBias:0.1,Multiplicity:1.06
0.594	0.157	0.141	0.108
0.039	0.864	0.082	0.015
0.035	0.824	0.110	0.031
0.062	0.861	0.031	0.046
0.059	0.749	0.074	0.118
0.050	0.865	0.062	0.023
0.066	0.788	0.057	0.089
0.055	0.045	0.874	0.026
0.051	0.856	0.052	0.041
0.026	0.069	0.833	0.072
0.031	0.897	0.051	0.021
>CCGGGGAAGAG	4-CCGGGGAAGAG	9.638474	-29.631338	0	T:72.0(1.16%),B:15.4(0.20%),P:1e-12	Tpos:154.1,Tstd:112.5,Bpos:171.3,Bstd:64.6,StrandBias:-0.7,Multiplicity:1.01
0.001	0.910	0.001	0.088
0.050	0.855	0.001	0.094
0.001	0.089	0.875	0.035
0.001	0.001	0.997	0.001
0.089	0.001	0.821	0.089
0.001	0.001	0.910	0.088
0.893	0.089	0.017	0.001
0.910	0.088	0.001	0.001
0.088	0.001	0.910	0.001
0.820	0.090	0.001	0.089
0.001	0.001	0.997	0.001
>GGACCCTGACC	5-GGACCCTGACC	9.188693	-29.069283	0	T:96.0(1.54%),B:30.2(0.39%),P:1e-12	Tpos:162.7,Tstd:113.3,Bpos:152.8,Bstd:72.9,StrandBias:0.4,Multiplicity:1.08
0.068	0.081	0.773	0.078
0.028	0.066	0.844	0.062
0.796	0.085	0.063	0.056
0.083	0.841	0.052	0.024
0.048	0.872	0.028	0.052
0.024	0.904	0.024	0.048
0.175	0.080	0.088	0.657
0.016	0.053	0.891	0.040
0.727	0.119	0.092	0.062
0.048	0.807	0.097	0.048
0.048	0.900	0.032	0.020
>CGCCCGCCAGA	6-CGCCCGCCAGA	9.394823	-28.267838	0	T:105.0(1.69%),B:37.6(0.48%),P:1e-12	Tpos:157.7,Tstd:112.9,Bpos:146.1,Bstd:107.6,StrandBias:0.8,Multiplicity:1.04
0.057	0.849	0.047	0.047
0.019	0.039	0.894	0.048
0.019	0.887	0.085	0.009
0.029	0.876	0.066	0.029
0.085	0.766	0.076	0.073
0.057	0.078	0.790	0.075
0.038	0.811	0.132	0.019
0.047	0.886	0.029	0.038
0.735	0.104	0.057	0.104
0.047	0.038	0.896	0.019
0.621	0.153	0.151	0.075
>GGCCGCSGCGG	7-GGCCGCSGCGG	9.254063	-26.691914	0	T:302.0(4.85%),B:207.4(2.64%),P:1e-11	Tpos:162.1,Tstd:108.3,Bpos:155.2,Bstd:200.2,StrandBias:-0.0,Multiplicity:1.33
0.071	0.170	0.534	0.225
0.012	0.064	0.923	0.001
0.009	0.895	0.001	0.095
0.107	0.538	0.354	0.001
0.001	0.001	0.997	0.001
0.144	0.854	0.001	0.001
0.126	0.367	0.479	0.028
0.001	0.165	0.833	0.001
0.103	0.895	0.001	0.001
0.001	0.298	0.700	0.001
0.233	0.001	0.706	0.060
>TTGTTTTTGTA	8-TTGTTTTTGTA	11.008259	-26.207763	0	T:140.0(2.25%),B:66.0(0.84%),P:1e-11	Tpos:144.0,Tstd:99.2,Bpos:143.9,Bstd:119.2,StrandBias:0.3,Multiplicity:1.07
0.001	0.025	0.001	0.973
0.001	0.001	0.001	0.997
0.373	0.001	0.625	0.001
0.001	0.281	0.001	0.717
0.001	0.001	0.001	0.997
0.045	0.001	0.293	0.661
0.001	0.001	0.001	0.997
0.051	0.001	0.001	0.947
0.012	0.121	0.616	0.251
0.001	0.302	0.001	0.696
0.702	0.001	0.001	0.296
>ACGCGCGGCCA	9-ACGCGCGGCCA	7.798135	-24.737625	0	T:49.0(0.79%),B:8.0(0.10%),P:1e-10	Tpos:156.9,Tstd:85.6,Bpos:156.7,Bstd:53.0,StrandBias:0.4,Multiplicity:1.00
0.561	0.180	0.169	0.090
0.129	0.611	0.164	0.096
0.119	0.167	0.597	0.117
0.105	0.647	0.139	0.109
0.110	0.142	0.639	0.109
0.112	0.622	0.158	0.108
0.135	0.122	0.610	0.133
0.077	0.143	0.700	0.080
0.086	0.694	0.139	0.081
0.091	0.738	0.094	0.077
0.586	0.167	0.135	0.112
>SGGGCGCGCTC	10-SGGGCGCGCTC	9.937407	-24.366167	0	T:132.0(2.12%),B:64.0(0.82%),P:1e-10	Tpos:167.5,Tstd:114.6,Bpos:136.9,Bstd:154.3,StrandBias:-0.2,Multiplicity:1.26
0.052	0.437	0.457	0.054
0.002	0.074	0.885	0.039
0.166	0.027	0.792	0.015
0.013	0.111	0.850	0.026
0.078	0.869	0.026	0.027
0.013	0.236	0.704	0.047
0.026	0.914	0.059	0.001
0.001	0.186	0.800	0.013
0.014	0.881	0.066	0.039
0.040	0.192	0.202	0.566
0.001	0.735	0.238	0.026
>CGCTGAGCGCG	11-CGCTGAGCGCG	11.331874	-22.437501	0	T:34.0(0.55%),B:2.0(0.03%),P:1e-9	Tpos:125.4,Tstd:97.6,Bpos:0.0,Bstd:0.0,StrandBias:-0.2,Multiplicity:1.06
0.059	0.706	0.176	0.059
0.001	0.001	0.997	0.001
0.058	0.883	0.058	0.001
0.001	0.058	0.176	0.765
0.001	0.058	0.940	0.001
0.940	0.001	0.001	0.058
0.058	0.001	0.940	0.001
0.001	0.997	0.001	0.001
0.001	0.001	0.940	0.058
0.001	0.997	0.001	0.001
0.001	0.001	0.940	0.058
>CGCGTYGGCGG	12-CGCGTYGGCGG	8.743695	-21.790140	0	T:69.0(1.11%),B:21.3(0.27%),P:1e-9	Tpos:146.5,Tstd:87.2,Bpos:39.0,Bstd:0.0,StrandBias:0.4,Multiplicity:1.03
0.078	0.661	0.183	0.078
0.093	0.043	0.736	0.128
0.062	0.767	0.074	0.097
0.028	0.241	0.642	0.089
0.163	0.164	0.191	0.482
0.035	0.392	0.117	0.456
0.058	0.062	0.791	0.089
0.054	0.166	0.730	0.050
0.032	0.739	0.124	0.105
0.032	0.078	0.807	0.083
0.093	0.082	0.751	0.074
>GTTCGGGCGCC	13-GTTCGGGCGCC	10.177115	-21.575437	0	T:52.0(0.83%),B:11.9(0.15%),P:1e-9	Tpos:155.4,Tstd:86.5,Bpos:156.4,Bstd:45.7,StrandBias:-0.1,Multiplicity:1.02
0.001	0.376	0.565	0.058
0.001	0.131	0.001	0.867
0.058	0.127	0.147	0.668
0.001	0.876	0.065	0.058
0.001	0.057	0.941	0.001
0.001	0.001	0.997	0.001
0.001	0.001	0.997	0.001
0.058	0.826	0.058	0.058
0.001	0.058	0.825	0.116
0.001	0.997	0.001	0.001
0.058	0.649	0.235	0.058
>AGGTGTCAGAC	14-AGGTGTCAGAC	9.395998	-20.476612	0	T:77.0(1.24%),B:28.4(0.36%),P:1e-8	Tpos:140.2,Tstd:93.6,Bpos:144.0,Bstd:89.7,StrandBias:0.4,Multiplicity:1.00
0.891	0.078	0.008	0.023
0.116	0.008	0.703	0.173
0.001	0.268	0.651	0.080
0.220	0.001	0.016	0.763
0.008	0.020	0.949	0.023
0.209	0.071	0.213	0.507
0.008	0.638	0.338	0.016
0.695	0.008	0.088	0.209
0.183	0.016	0.793	0.008
0.586	0.135	0.148	0.131
0.217	0.564	0.130	0.089
>AACATGGCGCC	15-AACATGGCGCC	11.320820	-20.045344	0	T:28.0(0.45%),B:1.1(0.01%),P:1e-8	Tpos:129.1,Tstd:80.1,Bpos:273.9,Bstd:68.2,StrandBias:0.6,Multiplicity:1.00
0.946	0.001	0.052	0.001
0.841	0.053	0.053	0.053
0.052	0.946	0.001	0.001
0.841	0.053	0.053	0.053
0.052	0.001	0.001	0.946
0.001	0.001	0.946	0.052
0.052	0.001	0.946	0.001
0.001	0.946	0.001	0.052
0.105	0.053	0.789	0.053
0.001	0.946	0.001	0.052
0.052	0.946	0.001	0.001
>GATGGCGCTGT	16-GATGGCGCTGT	10.803408	-19.926501	0	T:61.0(0.98%),B:18.5(0.24%),P:1e-8	Tpos:125.8,Tstd:73.4,Bpos:129.9,Bstd:57.2,StrandBias:0.2,Multiplicity:1.02
0.001	0.001	0.997	0.001
0.803	0.032	0.164	0.001
0.032	0.001	0.040	0.927
0.001	0.001	0.997	0.001
0.001	0.001	0.967	0.031
0.032	0.870	0.001	0.097
0.195	0.032	0.758	0.015
0.031	0.967	0.001	0.001
0.001	0.001	0.031	0.967
0.032	0.014	0.953	0.001
0.032	0.097	0.001	0.870
>AAGCGGGGCGA	17-AAGCGGGGCGA	11.029234	-19.587463	0	T:24.0(0.39%),B:0.0(0.00%),P:1e-8	Tpos:133.1,Tstd:86.4,Bpos:0.0,Bstd:0.0,StrandBias:-0.7,Multiplicity:1.00
0.833	0.001	0.165	0.001
0.834	0.001	0.164	0.001
0.001	0.087	0.911	0.001
0.001	0.653	0.227	0.119
0.001	0.150	0.848	0.001
0.097	0.151	0.751	0.001
0.150	0.001	0.848	0.001
0.001	0.001	0.997	0.001
0.302	0.696	0.001	0.001
0.154	0.150	0.695	0.001
0.772	0.001	0.226	0.001
>GTGCCWGCCTG	18-GTGCCWGCCTG	9.844945	-18.929587	0	T:172.0(2.76%),B:109.7(1.40%),P:1e-8	Tpos:135.7,Tstd:83.6,Bpos:156.4,Bstd:124.8,StrandBias:-0.3,Multiplicity:1.06
0.001	0.217	0.760	0.022
0.336	0.001	0.001	0.662
0.003	0.024	0.797	0.176
0.001	0.997	0.001	0.001
0.045	0.866	0.067	0.022
0.538	0.047	0.022	0.393
0.024	0.217	0.737	0.022
0.069	0.552	0.378	0.001
0.001	0.897	0.001	0.101
0.001	0.001	0.025	0.973
0.068	0.057	0.873	0.002
>CTCTCYCCCTC	19-CTCTCYCCCTC	8.960573	-18.631230	0	T:230.0(3.69%),B:164.5(2.10%),P:1e-8	Tpos:159.8,Tstd:106.4,Bpos:151.8,Bstd:102.0,StrandBias:0.5,Multiplicity:1.13
0.067	0.672	0.234	0.027
0.185	0.102	0.222	0.491
0.044	0.757	0.034	0.165
0.046	0.274	0.232	0.448
0.015	0.699	0.045	0.241
0.072	0.370	0.064	0.495
0.027	0.850	0.085	0.038
0.032	0.686	0.062	0.220
0.023	0.828	0.068	0.081
0.014	0.041	0.268	0.677
0.079	0.710	0.060	0.151
>TTACCGTTTAA	20-TTACCGTTTAA	9.388174	-18.301518	0	T:45.0(0.72%),B:10.7(0.14%),P:1e-7	Tpos:157.3,Tstd:102.7,Bpos:146.7,Bstd:100.3,StrandBias:-0.6,Multiplicity:1.00
0.022	0.088	0.044	0.846
0.044	0.088	0.022	0.846
0.824	0.088	0.044	0.044
0.024	0.777	0.155	0.044
0.073	0.720	0.066	0.141
0.044	0.155	0.666	0.135
0.022	0.068	0.022	0.888
0.022	0.066	0.044	0.868
0.088	0.066	0.002	0.844
0.931	0.001	0.046	0.022
0.823	0.044	0.111	0.022
>GGGAGTCTCGG	21-GGGAGTCTCGG	8.141507	-17.847508	0	T:51.0(0.82%),B:14.6(0.19%),P:1e-7	Tpos:137.7,Tstd:74.7,Bpos:152.0,Bstd:71.3,StrandBias:0.3,Multiplicity:1.00
0.116	0.095	0.683	0.106
0.116	0.082	0.700	0.102
0.110	0.140	0.668	0.082
0.600	0.125	0.158	0.117
0.104	0.126	0.670	0.100
0.122	0.162	0.167	0.549
0.085	0.671	0.143	0.101
0.116	0.152	0.140	0.592
0.122	0.568	0.179	0.131
0.143	0.106	0.600	0.151
0.101	0.101	0.699	0.099
>ARTGGARTGGA	22-ARTGGARTGGA	8.933425	-14.733993	0	T:44.0(0.71%),B:13.8(0.18%),P:1e-6	Tpos:127.1,Tstd:77.3,Bpos:116.0,Bstd:56.5,StrandBias:1.1,Multiplicity:10.59
0.710	0.073	0.122	0.095
0.442	0.063	0.424	0.070
0.165	0.013	0.162	0.660
0.077	0.065	0.772	0.086
0.119	0.111	0.663	0.107
0.764	0.069	0.109	0.058
0.456	0.062	0.434	0.048
0.153	0.080	0.150	0.617
0.097	0.074	0.749	0.080
0.127	0.120	0.653	0.100
0.654	0.153	0.074	0.119
>TGGGCTGAGAT	23-TGGGCTGAGAT	8.550966	-13.697120	0	T:234.0(3.76%),B:186.9(2.38%),P:1e-5	Tpos:142.8,Tstd:94.2,Bpos:150.9,Bstd:100.4,StrandBias:-0.4,Multiplicity:1.24
0.019	0.067	0.093	0.821
0.042	0.050	0.871	0.037
0.103	0.025	0.855	0.017
0.033	0.041	0.849	0.077
0.043	0.785	0.139	0.033
0.084	0.017	0.050	0.849
0.050	0.048	0.860	0.042
0.743	0.067	0.131	0.059
0.146	0.025	0.787	0.042
0.775	0.117	0.071	0.037
0.048	0.056	0.080	0.816
>TAGGGTTAGGG	24-TAGGGTTAGGG	10.608235	-6.101774	0	T:15.0(0.24%),B:4.9(0.06%),P:1e-2	Tpos:140.4,Tstd:70.2,Bpos:260.3,Bstd:87.6,StrandBias:-0.2,Multiplicity:6.20
0.038	0.001	0.050	0.911
0.985	0.001	0.013	0.001
0.001	0.001	0.997	0.001
0.001	0.012	0.986	0.001
0.001	0.001	0.997	0.001
0.001	0.012	0.001	0.986
0.001	0.012	0.001	0.986
0.946	0.001	0.052	0.001
0.001	0.012	0.986	0.001
0.001	0.001	0.997	0.001
0.001	0.001	0.997	0.001
>ATAYATRTATA	25-ATAYATRTATA	6.163110	-3.230439	0	T:723.0(11.61%),B:836.9(10.67%),P:1e-1	Tpos:141.4,Tstd:95.2,Bpos:133.6,Bstd:95.8,StrandBias:-0.0,Multiplicity:1.40
0.568	0.128	0.303	0.001
0.031	0.351	0.022	0.596
0.646	0.030	0.323	0.001
0.040	0.351	0.130	0.480
0.577	0.009	0.386	0.028
0.090	0.281	0.070	0.559
0.529	0.001	0.384	0.086
0.004	0.375	0.013	0.608
0.548	0.001	0.352	0.099
0.001	0.357	0.001	0.641
0.644	0.030	0.325	0.001
>CCKCCGSGSCCC	1-CCKCCGSGSCCC	11.749355	-39.418260	0	T:89.0(1.43%),B:16.9(0.22%),P:1e-17	Tpos:165.1,Tstd:104.5,Bpos:89.2,Bstd:37.9,StrandBias:-0.2,Multiplicity:1.09
0.001	0.997	0.001	0.001
0.001	0.780	0.218	0.001
0.001	0.001	0.519	0.479
0.001	0.997	0.001	0.001
0.001	0.997	0.001	0.001
0.001	0.001	0.997	0.001
0.001	0.487	0.511	0.001
0.001	0.001	0.997	0.001
0.001	0.489	0.509	0.001
0.001	0.716	0.001	0.282
0.001	0.858	0.140	0.001
0.001	0.819	0.179	0.001
>GTCCCGCGGCGG	2-GTCCCGCGGCGG	11.393645	-32.674546	0	T:40.0(0.64%),B:0.6(0.01%),P:1e-14	Tpos:148.6,Tstd:89.0,Bpos:324.0,Bstd:0.0,StrandBias:0.2,Multiplicity:1.00
0.027	0.097	0.808	0.068
0.083	0.085	0.167	0.665
0.027	0.903	0.055	0.015
0.027	0.904	0.055	0.014
0.028	0.862	0.042	0.068
0.027	0.068	0.850	0.055
0.055	0.712	0.206	0.027
0.055	0.069	0.862	0.014
0.015	0.138	0.820	0.027
0.055	0.904	0.027	0.014
0.041	0.041	0.822	0.096
0.001	0.068	0.904	0.027
>CGCTCGCCCCCC	3-CGCTCGCCCCCC	10.032985	-31.772974	0	T:164.0(2.63%),B:75.3(0.96%),P:1e-13	Tpos:165.3,Tstd:112.1,Bpos:150.0,Bstd:167.3,StrandBias:0.7,Multiplicity:1.28
0.037	0.709	0.181	0.073
0.001	0.282	0.661	0.056
0.001	0.963	0.018	0.018
0.018	0.104	0.123	0.755
0.001	0.946	0.035	0.018
0.001	0.001	0.997	0.001
0.018	0.936	0.037	0.009
0.054	0.837	0.055	0.054
0.001	0.803	0.107	0.089
0.036	0.783	0.126	0.055
0.021	0.507	0.248	0.224
0.073	0.497	0.225	0.205
>TGCGCCCTCCCG	4-TGCGCCCTCCCG	10.516660	-31.037398	0	T:38.0(0.61%),B:0.7(0.01%),P:1e-13	Tpos:161.6,Tstd:110.2,Bpos:194.0,Bstd:0.0,StrandBias:-0.5,Multiplicity:1.05
0.012	0.140	0.105	0.743
0.012	0.059	0.894	0.035
0.059	0.824	0.059	0.058
0.046	0.078	0.853	0.023
0.001	0.908	0.057	0.034
0.012	0.884	0.046	0.058
0.001	0.907	0.046	0.046
0.081	0.058	0.069	0.792
0.012	0.896	0.069	0.023
0.012	0.907	0.012	0.069
0.104	0.722	0.069	0.105
0.092	0.135	0.678	0.095
>GCCACGCGCGGC	5-GCCACGCGCGGC	11.230439	-29.617861	0	T:56.0(0.90%),B:7.7(0.10%),P:1e-12	Tpos:125.1,Tstd:82.5,Bpos:136.9,Bstd:54.1,StrandBias:-0.2,Multiplicity:1.05
0.001	0.104	0.791	0.104
0.001	0.727	0.271	0.001
0.052	0.843	0.104	0.001
0.671	0.270	0.058	0.001
0.063	0.722	0.214	0.001
0.001	0.330	0.668	0.001
0.001	0.994	0.001	0.004
0.052	0.001	0.936	0.011
0.057	0.941	0.001	0.001
0.110	0.006	0.830	0.054
0.001	0.117	0.881	0.001
0.104	0.839	0.052	0.005
>ACCACYAGAGGG	6-ACCACYAGAGGG	8.523691	-29.121407	0	T:300.0(4.82%),B:198.7(2.53%),P:1e-12	Tpos:130.3,Tstd:67.6,Bpos:137.0,Bstd:69.8,StrandBias:0.2,Multiplicity:1.03
0.524	0.167	0.235	0.074
0.177	0.602	0.103	0.118
0.006	0.818	0.061	0.115
0.658	0.165	0.089	0.088
0.051	0.615	0.228	0.106
0.212	0.311	0.063	0.414
0.512	0.078	0.184	0.226
0.093	0.111	0.650	0.146
0.550	0.007	0.343	0.100
0.079	0.063	0.702	0.156
0.189	0.040	0.646	0.125
0.075	0.200	0.651	0.074
>CGGGCGCGGGGG	7-CGGGCGCGGGGG	12.243416	-28.977075	0	T:48.0(0.77%),B:4.8(0.06%),P:1e-12	Tpos:157.1,Tstd:101.9,Bpos:171.0,Bstd:0.0,StrandBias:-0.7,Multiplicity:1.11
0.001	0.981	0.017	0.001
0.001	0.291	0.543	0.165
0.001	0.337	0.661	0.001
0.001	0.008	0.990	0.001
0.260	0.738	0.001	0.001
0.001	0.001	0.997	0.001
0.001	0.997	0.001	0.001
0.001	0.001	0.997	0.001
0.001	0.006	0.992	0.001
0.001	0.017	0.981	0.001
0.142	0.229	0.628	0.001
0.001	0.001	0.997	0.001
>GCCGCCGGGGAC	8-GCCGCCGGGGAC	10.843586	-26.946107	0	T:33.0(0.53%),B:0.0(0.00%),P:1e-11	Tpos:158.4,Tstd:110.3,Bpos:0.0,Bstd:0.0,StrandBias:-0.3,Multiplicity:1.00
0.011	0.055	0.891	0.043
0.065	0.782	0.141	0.012
0.108	0.727	0.088	0.077
0.043	0.043	0.859	0.055
0.011	0.857	0.110	0.022
0.043	0.793	0.066	0.098
0.076	0.055	0.814	0.055
0.033	0.076	0.880	0.011
0.011	0.033	0.912	0.044
0.054	0.086	0.859	0.001
0.836	0.077	0.065	0.022
0.034	0.803	0.141	0.022
>CGGGTYCGCYGS	9-CGGGTYCGCYGS	8.854720	-25.767240	0	T:299.0(4.80%),B:207.4(2.64%),P:1e-11	Tpos:154.6,Tstd:100.4,Bpos:151.7,Bstd:165.5,StrandBias:-0.0,Multiplicity:1.24
0.290	0.682	0.001	0.027
0.223	0.001	0.775	0.001
0.001	0.331	0.667	0.001
0.001	0.222	0.776	0.001
0.041	0.099	0.320	0.540
0.111	0.474	0.001	0.414
0.053	0.945	0.001	0.001
0.001	0.001	0.997	0.001
0.001	0.884	0.114	0.001
0.001	0.467	0.095	0.437
0.001	0.169	0.748	0.082
0.001	0.572	0.426	0.001
>CCGCGGCCGGAC	10-CCGCGGCCGGAC	10.409522	-22.857071	0	T:28.0(0.45%),B:0.0(0.00%),P:1e-9	Tpos:170.9,Tstd:115.5,Bpos:0.0,Bstd:0.0,StrandBias:0.1,Multiplicity:1.05
0.100	0.700	0.100	0.100
0.100	0.700	0.100	0.100
0.100	0.100	0.700	0.100
0.100	0.700	0.100	0.100
0.100	0.100	0.700	0.100
0.100	0.100	0.700	0.100
0.100	0.700	0.100	0.100
0.100	0.700	0.100	0.100
0.100	0.100	0.700	0.100
0.100	0.100	0.700	0.100
0.700	0.100	0.100	0.100
0.100	0.700	0.100	0.100
>CGGCCGCCCCCM	11-CGGCCGCCCCCM	10.436667	-22.804593	0	T:148.0(2.38%),B:79.7(1.02%),P:1e-9	Tpos:156.4,Tstd:106.3,Bpos:157.3,Bstd:176.4,StrandBias:0.4,Multiplicity:1.05
0.001	0.713	0.259	0.027
0.192	0.001	0.734	0.073
0.001	0.001	0.937	0.061
0.061	0.937	0.001	0.001
0.001	0.795	0.203	0.001
0.062	0.142	0.645	0.151
0.006	0.765	0.228	0.001
0.002	0.996	0.001	0.001
0.001	0.586	0.352	0.061
0.061	0.937	0.001	0.001
0.061	0.937	0.001	0.001
0.394	0.275	0.191	0.140
>GGCCCCTGCGCG	12-GGCCCCTGCGCG	11.858920	-22.039534	0	T:27.0(0.43%),B:0.0(0.00%),P:1e-9	Tpos:128.9,Tstd:92.3,Bpos:0.0,Bstd:0.0,StrandBias:-0.4,Multiplicity:1.00
0.001	0.031	0.937	0.031
0.001	0.236	0.762	0.001
0.031	0.937	0.031	0.001
0.001	0.762	0.236	0.001
0.001	0.973	0.001	0.025
0.001	0.997	0.001	0.001
0.001	0.031	0.031	0.937
0.001	0.001	0.997	0.001
0.001	0.762	0.236	0.001
0.001	0.001	0.997	0.001
0.001	0.997	0.001	0.001
0.001	0.031	0.937	0.031
>CTCTGGAGACCC	13-CTCTGGAGACCC	10.128540	-20.156348	0	T:31.0(0.50%),B:3.0(0.04%),P:1e-8	Tpos:141.2,Tstd:103.5,Bpos:60.7,Bstd:51.4,StrandBias:0.2,Multiplicity:1.00
0.050	0.729	0.121	0.100
0.068	0.122	0.110	0.700
0.004	0.854	0.114	0.028
0.064	0.096	0.079	0.761
0.107	0.004	0.846	0.043
0.107	0.159	0.663	0.071
0.707	0.053	0.119	0.121
0.078	0.082	0.829	0.011
0.592	0.140	0.143	0.125
0.082	0.841	0.059	0.018
0.114	0.738	0.064	0.084
0.089	0.736	0.043	0.132
>CCCGAGCCCGAG	14-CCCGAGCCCGAG	10.409522	-19.399607	0	T:30.0(0.48%),B:2.3(0.03%),P:1e-8	Tpos:175.0,Tstd:99.2,Bpos:119.1,Bstd:81.7,StrandBias:0.2,Multiplicity:1.29
0.100	0.700	0.100	0.100
0.100	0.700	0.100	0.100
0.100	0.700	0.100	0.100
0.100	0.100	0.700	0.100
0.700	0.100	0.100	0.100
0.100	0.100	0.700	0.100
0.100	0.700	0.100	0.100
0.100	0.700	0.100	0.100
0.100	0.700	0.100	0.100
0.100	0.100	0.700	0.100
0.700	0.100	0.100	0.100
0.100	0.100	0.700	0.100
>SNKNSSGHYCBN	15-SNKNSSGHYCBN	5.489485	-17.953199	0	T:22.0(0.35%),B:0.0(0.00%),P:1e-7	Tpos:145.2,Tstd:109.1,Bpos:0.0,Bstd:0.0,StrandBias:0.3,Multiplicity:1.09
0.151	0.348	0.322	0.179
0.275	0.326	0.180	0.220
0.092	0.154	0.382	0.372
0.208	0.317	0.281	0.193
0.032	0.493	0.461	0.013
0.011	0.551	0.435	0.003
0.046	0.382	0.571	0.001
0.354	0.303	0.077	0.267
0.070	0.478	0.049	0.404
0.068	0.498	0.136	0.298
0.150	0.261	0.339	0.250
0.177	0.284	0.277	0.262
>TTATTATTATTA	16-TTATTATTATTA	-4.451696	-16.950553	0	T:1231.0(19.76%),B:1277.0(16.28%),P:1e-7	Tpos:152.6,Tstd:101.7,Bpos:143.3,Bstd:108.9,StrandBias:-0.1,Multiplicity:1.33
0.001	0.001	0.001	0.997
0.001	0.186	0.001	0.812
0.997	0.001	0.001	0.001
0.001	0.001	0.001	0.997
0.001	0.001	0.001	0.997
0.997	0.001	0.001	0.001
0.001	0.001	0.061	0.937
0.001	0.001	0.001	0.997
0.997	0.001	0.001	0.001
0.124	0.001	0.001	0.874
0.001	0.001	0.001	0.997
0.997	0.001	0.001	0.001
>GTGGKGTGAGMT	17-GTGGKGTGAGMT	9.772675	-14.733993	0	T:44.0(0.71%),B:13.2(0.17%),P:1e-6	Tpos:137.3,Tstd:84.9,Bpos:178.0,Bstd:126.7,StrandBias:-0.7,Multiplicity:1.60
0.004	0.197	0.776	0.023
0.023	0.158	0.046	0.773
0.003	0.001	0.958	0.038
0.008	0.099	0.643	0.250
0.056	0.019	0.515	0.410
0.008	0.404	0.571	0.017
0.202	0.046	0.277	0.475
0.011	0.188	0.774	0.027
0.543	0.008	0.143	0.306
0.117	0.099	0.605	0.179
0.427	0.292	0.262	0.019
0.019	0.172	0.221	0.588
>KTTGTTGTTGTT	18-KTTGTTGTTGTT	10.117925	-14.148692	0	T:118.0(1.89%),B:73.4(0.94%),P:1e-6	Tpos:139.6,Tstd:101.6,Bpos:147.2,Bstd:131.9,StrandBias:0.5,Multiplicity:1.07
0.039	0.099	0.413	0.449
0.039	0.122	0.047	0.792
0.008	0.001	0.117	0.874
0.039	0.039	0.828	0.094
0.001	0.001	0.040	0.958
0.001	0.038	0.061	0.900
0.078	0.001	0.856	0.065
0.039	0.056	0.001	0.904
0.039	0.001	0.086	0.874
0.039	0.097	0.794	0.070
0.001	0.194	0.001	0.804
0.077	0.001	0.001	0.921
>GCAGACGCCAGG	19-GCAGACGCCAGG	10.716002	-14.109238	0	T:33.0(0.53%),B:7.5(0.10%),P:1e-6	Tpos:158.5,Tstd:88.4,Bpos:91.2,Bstd:80.5,StrandBias:-0.1,Multiplicity:1.00
0.027	0.013	0.907	0.053
0.027	0.852	0.094	0.027
0.893	0.041	0.053	0.013
0.053	0.046	0.861	0.040
0.756	0.118	0.060	0.066
0.109	0.698	0.094	0.099
0.080	0.077	0.749	0.094
0.040	0.852	0.041	0.067
0.040	0.880	0.027	0.053
0.814	0.093	0.066	0.027
0.066	0.013	0.867	0.054
0.033	0.053	0.887	0.027
>ACAGCCTGGATC	20-ACAGCCTGGATC	10.498289	-13.933746	0	T:57.0(0.92%),B:23.3(0.30%),P:1e-6	Tpos:130.0,Tstd:87.2,Bpos:144.1,Bstd:85.0,StrandBias:0.3,Multiplicity:1.21
0.782	0.094	0.005	0.119
0.039	0.959	0.001	0.001
0.881	0.001	0.039	0.079
0.001	0.001	0.880	0.118
0.040	0.796	0.124	0.040
0.001	0.954	0.044	0.001
0.258	0.001	0.001	0.740
0.078	0.001	0.920	0.001
0.039	0.001	0.921	0.039
0.749	0.040	0.092	0.119
0.130	0.089	0.090	0.691
0.001	0.722	0.158	0.119
>GAATGGAATGGA	21-GAATGGAATGGA	11.405223	-13.872730	0	T:44.0(0.71%),B:14.8(0.19%),P:1e-6	Tpos:127.5,Tstd:76.7,Bpos:114.5,Bstd:60.4,StrandBias:1.0,Multiplicity:4.68
0.062	0.075	0.788	0.075
0.931	0.005	0.021	0.043
0.638	0.026	0.321	0.015
0.094	0.032	0.019	0.855
0.043	0.039	0.880	0.038
0.020	0.022	0.910	0.048
0.941	0.021	0.022	0.016
0.607	0.041	0.336	0.016
0.081	0.051	0.027	0.841
0.081	0.070	0.830	0.019
0.061	0.056	0.835	0.048
0.951	0.011	0.016	0.022
>TCTCTCCCTCYC	22-TCTCTCCCTCYC	11.465409	-13.052873	0	T:129.0(2.07%),B:86.1(1.10%),P:1e-5	Tpos:156.3,Tstd:94.3,Bpos:156.6,Bstd:103.7,StrandBias:0.7,Multiplicity:1.15
0.001	0.001	0.001	0.997
0.001	0.997	0.001	0.001
0.001	0.283	0.001	0.715
0.001	0.997	0.001	0.001
0.001	0.001	0.205	0.793
0.001	0.997	0.001	0.001
0.001	0.654	0.001	0.344
0.001	0.601	0.001	0.397
0.001	0.001	0.099	0.899
0.001	0.870	0.001	0.128
0.001	0.409	0.159	0.430
0.001	0.997	0.001	0.001
>GGGARGTGGGCG	23-GGGARGTGGGCG	10.303477	-11.965756	0	T:36.0(0.58%),B:11.9(0.15%),P:1e-5	Tpos:103.8,Tstd:80.7,Bpos:194.3,Bstd:191.4,StrandBias:0.8,Multiplicity:1.03
0.130	0.103	0.715	0.052
0.170	0.089	0.670	0.071
0.121	0.133	0.745	0.001
0.520	0.219	0.180	0.081
0.458	0.142	0.336	0.064
0.026	0.142	0.806	0.026
0.110	0.160	0.253	0.477
0.003	0.001	0.904	0.092
0.057	0.108	0.765	0.070
0.084	0.059	0.835	0.022
0.273	0.433	0.166	0.127
0.114	0.069	0.702	0.115
>TRTRTRTRTRTA	24-TRTRTRTRTRTA	5.672362	-7.514387	0	T:388.0(6.23%),B:388.9(4.96%),P:1e-3	Tpos:142.0,Tstd:95.0,Bpos:137.6,Bstd:105.9,StrandBias:-0.1,Multiplicity:1.59
0.001	0.125	0.001	0.873
0.429	0.001	0.569	0.001
0.001	0.049	0.001	0.949
0.448	0.001	0.550	0.001
0.001	0.001	0.001	0.997
0.443	0.001	0.544	0.012
0.001	0.001	0.001	0.997
0.485	0.001	0.513	0.001
0.001	0.036	0.001	0.962
0.555	0.001	0.443	0.001
0.001	0.195	0.001	0.803
0.565	0.001	0.383	0.051
>NAGGGTTAGGGN	25-NAGGGTTAGGGN	5.342298	-5.959133	0	T:1721.0(27.63%),B:2002.5(25.52%),P:1e-2	Tpos:147.9,Tstd:96.8,Bpos:145.7,Bstd:114.8,StrandBias:-0.1,Multiplicity:1.37
0.211	0.252	0.247	0.290
0.606	0.095	0.161	0.138
0.114	0.073	0.708	0.105
0.116	0.083	0.679	0.122
0.110	0.129	0.641	0.120
0.118	0.146	0.144	0.592
0.112	0.151	0.177	0.560
0.596	0.106	0.156	0.142
0.123	0.082	0.686	0.109
0.130	0.080	0.665	0.125
0.121	0.122	0.639	0.118
0.209	0.210	0.241	0.340
>TTAATA	1-TTAATA	6.334467	-49.136170	0	T:1392.0(22.35%),B:1252.6(15.97%),P:1e-21	Tpos:149.8,Tstd:99.7,Bpos:143.1,Bstd:112.9,StrandBias:-0.0,Multiplicity:1.38
0.001	0.218	0.001	0.780
0.001	0.001	0.001	0.997
0.997	0.001	0.001	0.001
0.745	0.001	0.001	0.253
0.001	0.001	0.001	0.997
0.855	0.001	0.001	0.143
>ADTCGG	2-ADTCGG	5.377365	-23.050668	0	T:1755.0(28.17%),B:1839.3(23.44%),P:1e-10	Tpos:147.2,Tstd:98.7,Bpos:140.8,Bstd:113.7,StrandBias:0.0,Multiplicity:1.22
0.842	0.074	0.001	0.083
0.265	0.092	0.366	0.277
0.075	0.186	0.001	0.738
0.278	0.438	0.283	0.001
0.001	0.118	0.880	0.001
0.065	0.001	0.933	0.001
>TAATTA	3-TAATTA	6.177716	-19.643135	0	T:355.0(5.70%),B:284.7(3.63%),P:1e-8	Tpos:154.1,Tstd:104.0,Bpos:150.7,Bstd:102.4,StrandBias:0.0,Multiplicity:1.06
0.100	0.100	0.100	0.700
0.700	0.100	0.100	0.100
0.700	0.100	0.100	0.100
0.100	0.100	0.100	0.700
0.100	0.100	0.100	0.700
0.700	0.100	0.100	0.100
>TCTGCA	4-TCTGCA	5.197428	-16.358581	0	T:3637.0(58.39%),B:4233.3(53.95%),P:1e-7	Tpos:147.7,Tstd:100.2,Bpos:142.4,Bstd:109.7,StrandBias:0.0,Multiplicity:1.70
0.001	0.001	0.204	0.794
0.001	0.997	0.001	0.001
0.219	0.001	0.126	0.654
0.001	0.001	0.997	0.001
0.001	0.997	0.001	0.001
0.997	0.001	0.001	0.001
>CGTCGC	5-CGTCGC	5.533545	-15.177540	0	T:404.0(6.49%),B:356.7(4.55%),P:1e-6	Tpos:150.8,Tstd:98.7,Bpos:129.3,Bstd:166.1,StrandBias:-0.0,Multiplicity:1.17
0.001	0.997	0.001	0.001
0.001	0.001	0.997	0.001
0.309	0.001	0.001	0.689
0.001	0.887	0.001	0.111
0.001	0.001	0.997	0.001
0.102	0.793	0.104	0.001
>CGCGGC	6-CGCGGC	7.821476	-7.997404	0	T:628.0(10.08%),B:660.0(8.41%),P:1e-3	Tpos:158.4,Tstd:99.5,Bpos:146.6,Bstd:174.5,StrandBias:0.0,Multiplicity:1.85
0.001	0.997	0.001	0.001
0.001	0.001	0.997	0.001
0.001	0.997	0.001	0.001
0.001	0.380	0.618	0.001
0.001	0.001	0.997	0.001
0.001	0.997	0.001	0.001
>CGCACA	7-CGCACA	4.297874	-5.187625	0	T:2706.0(43.44%),B:3240.8(41.31%),P:1e-2	Tpos:145.3,Tstd:97.6,Bpos:141.8,Bstd:104.6,StrandBias:-0.0,Multiplicity:1.53
0.001	0.997	0.001	0.001
0.236	0.001	0.762	0.001
0.001	0.921	0.077	0.001
0.997	0.001	0.001	0.001
0.001	0.997	0.001	0.001
0.997	0.001	0.001	0.001
>TCCATT	8-TCCATT	7.068311	-2.038474	0	T:1576.0(25.30%),B:1919.0(24.46%),P:1e0	Tpos:141.4,Tstd:96.8,Bpos:144.0,Bstd:104.0,StrandBias:-0.3,Multiplicity:1.69
0.001	0.001	0.001	0.997
0.001	0.997	0.001	0.001
0.001	0.997	0.001	0.001
0.997	0.001	0.001	0.001
0.001	0.291	0.001	0.707
0.001	0.001	0.001	0.997
>CTAATDA	1-CTAATDA	5.809916	-45.043978	0	T:1467.0(23.55%),B:1357.6(17.30%),P:1e-19	Tpos:146.6,Tstd:98.5,Bpos:148.4,Bstd:99.5,StrandBias:0.1,Multiplicity:1.22
0.013	0.625	0.001	0.361
0.169	0.085	0.001	0.745
0.829	0.014	0.001	0.156
0.986	0.001	0.001	0.012
0.001	0.001	0.213	0.785
0.255	0.001	0.346	0.398
0.503	0.341	0.150	0.006
>TATTAAT	2-TATTAAT	6.205011	-41.648490	0	T:942.0(15.12%),B:799.6(10.19%),P:1e-18	Tpos:146.7,Tstd:98.6,Bpos:145.8,Bstd:118.1,StrandBias:-0.1,Multiplicity:1.25
0.069	0.038	0.001	0.892
0.878	0.051	0.070	0.001
0.173	0.023	0.021	0.783
0.001	0.001	0.001	0.997
0.966	0.001	0.001	0.032
0.871	0.034	0.028	0.067
0.075	0.103	0.085	0.737
>CGCTAAT	3-CGCTAAT	4.862514	-35.658267	0	T:1072.0(17.21%),B:969.6(12.36%),P:1e-15	Tpos:151.7,Tstd:101.3,Bpos:143.3,Bstd:105.2,StrandBias:-0.0,Multiplicity:1.07
0.109	0.714	0.045	0.132
0.068	0.214	0.659	0.059
0.049	0.799	0.033	0.119
0.070	0.095	0.172	0.663
0.789	0.049	0.059	0.103
0.707	0.054	0.089	0.150
0.093	0.167	0.066	0.674
>CGCGMGA	4-CGCGMGA	5.984118	-24.703637	0	T:463.0(7.43%),B:373.7(4.76%),P:1e-10	Tpos:146.8,Tstd:92.7,Bpos:138.1,Bstd:142.4,StrandBias:0.1,Multiplicity:1.15
0.001	0.828	0.170	0.001
0.001	0.001	0.926	0.072
0.385	0.613	0.001	0.001
0.001	0.078	0.744	0.177
0.499	0.399	0.001	0.101
0.193	0.001	0.765	0.041
0.897	0.001	0.001	0.101
>CCGTAGA	5-CCGTAGA	3.764763	-19.490921	0	T:406.0(6.52%),B:337.8(4.31%),P:1e-8	Tpos:153.1,Tstd:94.7,Bpos:151.5,Bstd:137.4,StrandBias:0.0,Multiplicity:1.10
0.001	0.712	0.286	0.001
0.001	0.997	0.001	0.001
0.001	0.001	0.997	0.001
0.001	0.001	0.001	0.997
0.693	0.293	0.001	0.013
0.001	0.001	0.997	0.001
0.710	0.288	0.001	0.001
>TCTGCAG	6-TCTGCAG	6.085106	-17.106966	0	T:2390.0(38.37%),B:2665.5(33.97%),P:1e-7	Tpos:145.4,Tstd:98.5,Bpos:142.7,Bstd:114.7,StrandBias:-0.0,Multiplicity:1.33
0.168	0.112	0.081	0.639
0.001	0.933	0.001	0.065
0.001	0.001	0.037	0.961
0.001	0.083	0.915	0.001
0.001	0.925	0.001	0.073
0.997	0.001	0.001	0.001
0.001	0.082	0.796	0.121
>TCGATTC	7-TCGATTC	5.070640	-15.510915	0	T:1616.0(25.94%),B:1745.3(22.24%),P:1e-6	Tpos:144.0,Tstd:96.0,Bpos:140.4,Bstd:111.8,StrandBias:-0.4,Multiplicity:1.64
0.001	0.265	0.001	0.733
0.001	0.997	0.001	0.001
0.001	0.213	0.785	0.001
0.850	0.001	0.148	0.001
0.001	0.267	0.001	0.731
0.254	0.166	0.001	0.579
0.001	0.997	0.001	0.001
>ACACACA	8-ACACACA	6.697805	-14.090642	0	T:1579.0(25.35%),B:1716.4(21.88%),P:1e-6	Tpos:145.7,Tstd:94.9,Bpos:142.4,Bstd:98.8,StrandBias:-0.1,Multiplicity:1.37
0.837	0.001	0.071	0.091
0.001	0.937	0.001	0.061
0.939	0.001	0.059	0.001
0.001	0.882	0.116	0.001
0.746	0.207	0.046	0.001
0.001	0.997	0.001	0.001
0.942	0.001	0.056	0.001
>CCGCGGC	9-CCGCGGC	8.840903	-7.762877	0	T:313.0(5.02%),B:302.2(3.85%),P:1e-3	Tpos:160.7,Tstd:104.3,Bpos:158.2,Bstd:180.3,StrandBias:0.1,Multiplicity:1.27
0.001	0.815	0.129	0.055
0.001	0.860	0.138	0.001
0.028	0.069	0.902	0.001
0.001	0.964	0.001	0.034
0.001	0.213	0.785	0.001
0.019	0.044	0.936	0.001
0.001	0.942	0.056	0.001
>ATTGGGG	10-ATTGGGG	4.607486	-6.913502	0	T:974.0(15.64%),B:1080.6(13.77%),P:1e-3	Tpos:140.8,Tstd:93.4,Bpos:143.3,Bstd:118.0,StrandBias:-0.1,Multiplicity:1.25
0.780	0.001	0.218	0.001
0.001	0.001	0.001	0.997
0.001	0.063	0.001	0.935
0.126	0.001	0.872	0.001
0.001	0.001	0.997	0.001
0.001	0.001	0.997	0.001
0.001	0.001	0.997	0.001
>TATTAATA	1-TATTAATA	3.807634	-46.535653	0	T:1540.0(24.72%),B:1431.8(18.25%),P:1e-20	Tpos:149.5,Tstd:99.2,Bpos:142.3,Bstd:108.8,StrandBias:0.0,Multiplicity:1.34
0.211	0.158	0.047	0.584
0.476	0.088	0.311	0.125
0.001	0.299	0.001	0.699
0.001	0.001	0.001	0.997
0.997	0.001	0.001	0.001
0.602	0.001	0.001	0.396
0.001	0.001	0.001	0.997
0.997	0.001	0.001	0.001
>MVYTAATT	2-MVYTAATT	5.461233	-40.171965	0	T:2002.0(32.14%),B:2002.2(25.52%),P:1e-17	Tpos:147.2,Tstd:100.7,Bpos:143.4,Bstd:102.7,StrandBias:-0.1,Multiplicity:1.32
0.333	0.377	0.084	0.206
0.351	0.323	0.325	0.001
0.034	0.456	0.001	0.509
0.001	0.026	0.003	0.970
0.865	0.084	0.002	0.049
0.676	0.056	0.001	0.267
0.001	0.185	0.001	0.813
0.173	0.001	0.262	0.564
>GGTGCTAA	3-GGTGCTAA	4.926039	-28.075862	0	T:2660.0(42.70%),B:2887.5(36.80%),P:1e-12	Tpos:146.2,Tstd:96.6,Bpos:140.3,Bstd:110.7,StrandBias:0.1,Multiplicity:1.36
0.133	0.091	0.709	0.067
0.049	0.175	0.767	0.009
0.092	0.058	0.050	0.800
0.067	0.049	0.816	0.068
0.052	0.831	0.022	0.095
0.092	0.129	0.158	0.621
0.754	0.087	0.113	0.046
0.710	0.113	0.104	0.073
>TCTCCCCC	4-TCTCCCCC	7.319783	-26.688604	0	T:842.0(13.52%),B:766.7(9.77%),P:1e-11	Tpos:147.8,Tstd:104.4,Bpos:151.7,Bstd:129.4,StrandBias:-0.1,Multiplicity:1.12
0.001	0.001	0.190	0.808
0.029	0.969	0.001	0.001
0.001	0.044	0.045	0.910
0.001	0.885	0.057	0.057
0.035	0.851	0.077	0.037
0.035	0.890	0.001	0.074
0.038	0.808	0.105	0.049
0.036	0.927	0.036	0.001
>CTCGACTC	5-CTCGACTC	5.082880	-23.915604	0	T:1848.0(29.67%),B:1942.8(24.76%),P:1e-10	Tpos:143.9,Tstd:96.1,Bpos:139.6,Bstd:114.6,StrandBias:-0.2,Multiplicity:1.30
0.001	0.838	0.125	0.036
0.072	0.206	0.001	0.721
0.068	0.930	0.001	0.001
0.001	0.039	0.574	0.386
0.915	0.001	0.004	0.080
0.007	0.981	0.001	0.011
0.087	0.137	0.200	0.576
0.001	0.997	0.001	0.001
>ACGTCCGT	6-ACGTCCGT	7.258939	-22.421172	0	T:153.0(2.46%),B:84.7(1.08%),P:1e-9	Tpos:150.7,Tstd:93.7,Bpos:156.1,Bstd:94.3,StrandBias:0.0,Multiplicity:1.05
0.642	0.176	0.181	0.001
0.001	0.941	0.034	0.024
0.001	0.001	0.910	0.088
0.019	0.001	0.001	0.979
0.012	0.903	0.064	0.021
0.001	0.881	0.059	0.059
0.011	0.001	0.912	0.076
0.001	0.019	0.151	0.829
>GACGAAGT	7-GACGAAGT	3.732461	-18.804239	0	T:241.0(3.87%),B:174.9(2.23%),P:1e-8	Tpos:144.2,Tstd:94.4,Bpos:153.3,Bstd:124.3,StrandBias:0.1,Multiplicity:1.03
0.001	0.001	0.997	0.001
0.997	0.001	0.001	0.001
0.001	0.997	0.001	0.001
0.001	0.001	0.997	0.001
0.997	0.001	0.001	0.001
0.802	0.001	0.196	0.001
