>CCKCCGSGSCCC	1-CCKCCGSGSCCC	11.749355	-39.418260	0	T:89.0(1.43%),B:16.9(0.22%),P:1e-17	Tpos:165.1,Tstd:104.5,Bpos:89.2,Bstd:37.9,StrandBias:-0.2,Multiplicity:1.09
0.001	0.997	0.001	0.001
0.001	0.780	0.218	0.001
0.001	0.001	0.519	0.479
0.001	0.997	0.001	0.001
0.001	0.997	0.001	0.001
0.001	0.001	0.997	0.001
0.001	0.487	0.511	0.001
0.001	0.001	0.997	0.001
0.001	0.489	0.509	0.001
0.001	0.716	0.001	0.282
0.001	0.858	0.140	0.001
0.001	0.819	0.179	0.001
>GTCCCGCGGCGG	2-GTCCCGCGGCGG	11.393645	-32.674546	0	T:40.0(0.64%),B:0.6(0.01%),P:1e-14	Tpos:148.6,Tstd:89.0,Bpos:324.0,Bstd:0.0,StrandBias:0.2,Multiplicity:1.00
0.027	0.097	0.808	0.068
0.083	0.085	0.167	0.665
0.027	0.903	0.055	0.015
0.027	0.904	0.055	0.014
0.028	0.862	0.042	0.068
0.027	0.068	0.850	0.055
0.055	0.712	0.206	0.027
0.055	0.069	0.862	0.014
0.015	0.138	0.820	0.027
0.055	0.904	0.027	0.014
0.041	0.041	0.822	0.096
0.001	0.068	0.904	0.027
>CGCTCGCCCCCC	3-CGCTCGCCCCCC	10.032985	-31.772974	0	T:164.0(2.63%),B:75.3(0.96%),P:1e-13	Tpos:165.3,Tstd:112.1,Bpos:150.0,Bstd:167.3,StrandBias:0.7,Multiplicity:1.28
0.037	0.709	0.181	0.073
0.001	0.282	0.661	0.056
0.001	0.963	0.018	0.018
0.018	0.104	0.123	0.755
0.001	0.946	0.035	0.018
0.001	0.001	0.997	0.001
0.018	0.936	0.037	0.009
0.054	0.837	0.055	0.054
0.001	0.803	0.107	0.089
0.036	0.783	0.126	0.055
0.021	0.507	0.248	0.224
0.073	0.497	0.225	0.205
>TGCGCCCTCCCG	4-TGCGCCCTCCCG	10.516660	-31.037398	0	T:38.0(0.61%),B:0.7(0.01%),P:1e-13	Tpos:161.6,Tstd:110.2,Bpos:194.0,Bstd:0.0,StrandBias:-0.5,Multiplicity:1.05
0.012	0.140	0.105	0.743
0.012	0.059	0.894	0.035
0.059	0.824	0.059	0.058
0.046	0.078	0.853	0.023
0.001	0.908	0.057	0.034
0.012	0.884	0.046	0.058
0.001	0.907	0.046	0.046
0.081	0.058	0.069	0.792
0.012	0.896	0.069	0.023
0.012	0.907	0.012	0.069
0.104	0.722	0.069	0.105
0.092	0.135	0.678	0.095
>GCCACGCGCGGC	5-GCCACGCGCGGC	11.230439	-29.617861	0	T:56.0(0.90%),B:7.7(0.10%),P:1e-12	Tpos:125.1,Tstd:82.5,Bpos:136.9,Bstd:54.1,StrandBias:-0.2,Multiplicity:1.05
0.001	0.104	0.791	0.104
0.001	0.727	0.271	0.001
0.052	0.843	0.104	0.001
0.671	0.270	0.058	0.001
0.063	0.722	0.214	0.001
0.001	0.330	0.668	0.001
0.001	0.994	0.001	0.004
0.052	0.001	0.936	0.011
0.057	0.941	0.001	0.001
0.110	0.006	0.830	0.054
0.001	0.117	0.881	0.001
0.104	0.839	0.052	0.005
>ACCACYAGAGGG	6-ACCACYAGAGGG	8.523691	-29.121407	0	T:300.0(4.82%),B:198.7(2.53%),P:1e-12	Tpos:130.3,Tstd:67.6,Bpos:137.0,Bstd:69.8,StrandBias:0.2,Multiplicity:1.03
0.524	0.167	0.235	0.074
0.177	0.602	0.103	0.118
0.006	0.818	0.061	0.115
0.658	0.165	0.089	0.088
0.051	0.615	0.228	0.106
0.212	0.311	0.063	0.414
0.512	0.078	0.184	0.226
0.093	0.111	0.650	0.146
0.550	0.007	0.343	0.100
0.079	0.063	0.702	0.156
0.189	0.040	0.646	0.125
0.075	0.200	0.651	0.074
>CGGGCGCGGGGG	7-CGGGCGCGGGGG	12.243416	-28.977075	0	T:48.0(0.77%),B:4.8(0.06%),P:1e-12	Tpos:157.1,Tstd:101.9,Bpos:171.0,Bstd:0.0,StrandBias:-0.7,Multiplicity:1.11
0.001	0.981	0.017	0.001
0.001	0.291	0.543	0.165
0.001	0.337	0.661	0.001
0.001	0.008	0.990	0.001
0.260	0.738	0.001	0.001
0.001	0.001	0.997	0.001
0.001	0.997	0.001	0.001
0.001	0.001	0.997	0.001
0.001	0.006	0.992	0.001
0.001	0.017	0.981	0.001
0.142	0.229	0.628	0.001
0.001	0.001	0.997	0.001
>GCCGCCGGGGAC	8-GCCGCCGGGGAC	10.843586	-26.946107	0	T:33.0(0.53%),B:0.0(0.00%),P:1e-11	Tpos:158.4,Tstd:110.3,Bpos:0.0,Bstd:0.0,StrandBias:-0.3,Multiplicity:1.00
0.011	0.055	0.891	0.043
0.065	0.782	0.141	0.012
0.108	0.727	0.088	0.077
0.043	0.043	0.859	0.055
0.011	0.857	0.110	0.022
0.043	0.793	0.066	0.098
0.076	0.055	0.814	0.055
0.033	0.076	0.880	0.011
0.011	0.033	0.912	0.044
0.054	0.086	0.859	0.001
0.836	0.077	0.065	0.022
0.034	0.803	0.141	0.022
>CGGGTYCGCYGS	9-CGGGTYCGCYGS	8.854720	-25.767240	0	T:299.0(4.80%),B:207.4(2.64%),P:1e-11	Tpos:154.6,Tstd:100.4,Bpos:151.7,Bstd:165.5,StrandBias:-0.0,Multiplicity:1.24
0.290	0.682	0.001	0.027
0.223	0.001	0.775	0.001
0.001	0.331	0.667	0.001
0.001	0.222	0.776	0.001
0.041	0.099	0.320	0.540
0.111	0.474	0.001	0.414
0.053	0.945	0.001	0.001
0.001	0.001	0.997	0.001
0.001	0.884	0.114	0.001
0.001	0.467	0.095	0.437
0.001	0.169	0.748	0.082
0.001	0.572	0.426	0.001
>CCGCGGCCGGAC	10-CCGCGGCCGGAC	10.409522	-22.857071	0	T:28.0(0.45%),B:0.0(0.00%),P:1e-9	Tpos:170.9,Tstd:115.5,Bpos:0.0,Bstd:0.0,StrandBias:0.1,Multiplicity:1.05
0.100	0.700	0.100	0.100
0.100	0.700	0.100	0.100
0.100	0.100	0.700	0.100
0.100	0.700	0.100	0.100
0.100	0.100	0.700	0.100
0.100	0.100	0.700	0.100
0.100	0.700	0.100	0.100
0.100	0.700	0.100	0.100
0.100	0.100	0.700	0.100
0.100	0.100	0.700	0.100
0.700	0.100	0.100	0.100
0.100	0.700	0.100	0.100
>CGGCCGCCCCCM	11-CGGCCGCCCCCM	10.436667	-22.804593	0	T:148.0(2.38%),B:79.7(1.02%),P:1e-9	Tpos:156.4,Tstd:106.3,Bpos:157.3,Bstd:176.4,StrandBias:0.4,Multiplicity:1.05
0.001	0.713	0.259	0.027
0.192	0.001	0.734	0.073
0.001	0.001	0.937	0.061
0.061	0.937	0.001	0.001
0.001	0.795	0.203	0.001
0.062	0.142	0.645	0.151
0.006	0.765	0.228	0.001
0.002	0.996	0.001	0.001
0.001	0.586	0.352	0.061
0.061	0.937	0.001	0.001
0.061	0.937	0.001	0.001
0.394	0.275	0.191	0.140
>GGCCCCTGCGCG	12-GGCCCCTGCGCG	11.858920	-22.039534	0	T:27.0(0.43%),B:0.0(0.00%),P:1e-9	Tpos:128.9,Tstd:92.3,Bpos:0.0,Bstd:0.0,StrandBias:-0.4,Multiplicity:1.00
0.001	0.031	0.937	0.031
0.001	0.236	0.762	0.001
0.031	0.937	0.031	0.001
0.001	0.762	0.236	0.001
0.001	0.973	0.001	0.025
0.001	0.997	0.001	0.001
0.001	0.031	0.031	0.937
0.001	0.001	0.997	0.001
0.001	0.762	0.236	0.001
0.001	0.001	0.997	0.001
0.001	0.997	0.001	0.001
0.001	0.031	0.937	0.031
>CTCTGGAGACCC	13-CTCTGGAGACCC	10.128540	-20.156348	0	T:31.0(0.50%),B:3.0(0.04%),P:1e-8	Tpos:141.2,Tstd:103.5,Bpos:60.7,Bstd:51.4,StrandBias:0.2,Multiplicity:1.00
0.050	0.729	0.121	0.100
0.068	0.122	0.110	0.700
0.004	0.854	0.114	0.028
0.064	0.096	0.079	0.761
0.107	0.004	0.846	0.043
0.107	0.159	0.663	0.071
0.707	0.053	0.119	0.121
0.078	0.082	0.829	0.011
0.592	0.140	0.143	0.125
0.082	0.841	0.059	0.018
0.114	0.738	0.064	0.084
0.089	0.736	0.043	0.132
>CCCGAGCCCGAG	14-CCCGAGCCCGAG	10.409522	-19.399607	0	T:30.0(0.48%),B:2.3(0.03%),P:1e-8	Tpos:175.0,Tstd:99.2,Bpos:119.1,Bstd:81.7,StrandBias:0.2,Multiplicity:1.29
0.100	0.700	0.100	0.100
0.100	0.700	0.100	0.100
0.100	0.700	0.100	0.100
0.100	0.100	0.700	0.100
0.700	0.100	0.100	0.100
0.100	0.100	0.700	0.100
0.100	0.700	0.100	0.100
0.100	0.700	0.100	0.100
0.100	0.700	0.100	0.100
0.100	0.100	0.700	0.100
0.700	0.100	0.100	0.100
0.100	0.100	0.700	0.100
>SNKNSSGHYCBN	15-SNKNSSGHYCBN	5.489485	-17.953199	0	T:22.0(0.35%),B:0.0(0.00%),P:1e-7	Tpos:145.2,Tstd:109.1,Bpos:0.0,Bstd:0.0,StrandBias:0.3,Multiplicity:1.09
0.151	0.348	0.322	0.179
0.275	0.326	0.180	0.220
0.092	0.154	0.382	0.372
0.208	0.317	0.281	0.193
0.032	0.493	0.461	0.013
0.011	0.551	0.435	0.003
0.046	0.382	0.571	0.001
0.354	0.303	0.077	0.267
0.070	0.478	0.049	0.404
0.068	0.498	0.136	0.298
0.150	0.261	0.339	0.250
0.177	0.284	0.277	0.262
>TTATTATTATTA	16-TTATTATTATTA	-4.451696	-16.950553	0	T:1231.0(19.76%),B:1277.0(16.28%),P:1e-7	Tpos:152.6,Tstd:101.7,Bpos:143.3,Bstd:108.9,StrandBias:-0.1,Multiplicity:1.33
0.001	0.001	0.001	0.997
0.001	0.186	0.001	0.812
0.997	0.001	0.001	0.001
0.001	0.001	0.001	0.997
0.001	0.001	0.001	0.997
0.997	0.001	0.001	0.001
0.001	0.001	0.061	0.937
0.001	0.001	0.001	0.997
0.997	0.001	0.001	0.001
0.124	0.001	0.001	0.874
0.001	0.001	0.001	0.997
0.997	0.001	0.001	0.001
>GTGGKGTGAGMT	17-GTGGKGTGAGMT	9.772675	-14.733993	0	T:44.0(0.71%),B:13.2(0.17%),P:1e-6	Tpos:137.3,Tstd:84.9,Bpos:178.0,Bstd:126.7,StrandBias:-0.7,Multiplicity:1.60
0.004	0.197	0.776	0.023
0.023	0.158	0.046	0.773
0.003	0.001	0.958	0.038
0.008	0.099	0.643	0.250
0.056	0.019	0.515	0.410
0.008	0.404	0.571	0.017
0.202	0.046	0.277	0.475
0.011	0.188	0.774	0.027
0.543	0.008	0.143	0.306
0.117	0.099	0.605	0.179
0.427	0.292	0.262	0.019
0.019	0.172	0.221	0.588
>KTTGTTGTTGTT	18-KTTGTTGTTGTT	10.117925	-14.148692	0	T:118.0(1.89%),B:73.4(0.94%),P:1e-6	Tpos:139.6,Tstd:101.6,Bpos:147.2,Bstd:131.9,StrandBias:0.5,Multiplicity:1.07
0.039	0.099	0.413	0.449
0.039	0.122	0.047	0.792
0.008	0.001	0.117	0.874
0.039	0.039	0.828	0.094
0.001	0.001	0.040	0.958
0.001	0.038	0.061	0.900
0.078	0.001	0.856	0.065
0.039	0.056	0.001	0.904
0.039	0.001	0.086	0.874
0.039	0.097	0.794	0.070
0.001	0.194	0.001	0.804
0.077	0.001	0.001	0.921
>GCAGACGCCAGG	19-GCAGACGCCAGG	10.716002	-14.109238	0	T:33.0(0.53%),B:7.5(0.10%),P:1e-6	Tpos:158.5,Tstd:88.4,Bpos:91.2,Bstd:80.5,StrandBias:-0.1,Multiplicity:1.00
0.027	0.013	0.907	0.053
0.027	0.852	0.094	0.027
0.893	0.041	0.053	0.013
0.053	0.046	0.861	0.040
0.756	0.118	0.060	0.066
0.109	0.698	0.094	0.099
0.080	0.077	0.749	0.094
0.040	0.852	0.041	0.067
0.040	0.880	0.027	0.053
0.814	0.093	0.066	0.027
0.066	0.013	0.867	0.054
0.033	0.053	0.887	0.027
>ACAGCCTGGATC	20-ACAGCCTGGATC	10.498289	-13.933746	0	T:57.0(0.92%),B:23.3(0.30%),P:1e-6	Tpos:130.0,Tstd:87.2,Bpos:144.1,Bstd:85.0,StrandBias:0.3,Multiplicity:1.21
0.782	0.094	0.005	0.119
0.039	0.959	0.001	0.001
0.881	0.001	0.039	0.079
0.001	0.001	0.880	0.118
0.040	0.796	0.124	0.040
0.001	0.954	0.044	0.001
0.258	0.001	0.001	0.740
0.078	0.001	0.920	0.001
0.039	0.001	0.921	0.039
0.749	0.040	0.092	0.119
0.130	0.089	0.090	0.691
0.001	0.722	0.158	0.119
>GAATGGAATGGA	21-GAATGGAATGGA	11.405223	-13.872730	0	T:44.0(0.71%),B:14.8(0.19%),P:1e-6	Tpos:127.5,Tstd:76.7,Bpos:114.5,Bstd:60.4,StrandBias:1.0,Multiplicity:4.68
0.062	0.075	0.788	0.075
0.931	0.005	0.021	0.043
0.638	0.026	0.321	0.015
0.094	0.032	0.019	0.855
0.043	0.039	0.880	0.038
0.020	0.022	0.910	0.048
0.941	0.021	0.022	0.016
0.607	0.041	0.336	0.016
0.081	0.051	0.027	0.841
0.081	0.070	0.830	0.019
0.061	0.056	0.835	0.048
0.951	0.011	0.016	0.022
>TCTCTCCCTCYC	22-TCTCTCCCTCYC	11.465409	-13.052873	0	T:129.0(2.07%),B:86.1(1.10%),P:1e-5	Tpos:156.3,Tstd:94.3,Bpos:156.6,Bstd:103.7,StrandBias:0.7,Multiplicity:1.15
0.001	0.001	0.001	0.997
0.001	0.997	0.001	0.001
0.001	0.283	0.001	0.715
0.001	0.997	0.001	0.001
0.001	0.001	0.205	0.793
0.001	0.997	0.001	0.001
0.001	0.654	0.001	0.344
0.001	0.601	0.001	0.397
0.001	0.001	0.099	0.899
0.001	0.870	0.001	0.128
0.001	0.409	0.159	0.430
0.001	0.997	0.001	0.001
>GGGARGTGGGCG	23-GGGARGTGGGCG	10.303477	-11.965756	0	T:36.0(0.58%),B:11.9(0.15%),P:1e-5	Tpos:103.8,Tstd:80.7,Bpos:194.3,Bstd:191.4,StrandBias:0.8,Multiplicity:1.03
0.130	0.103	0.715	0.052
0.170	0.089	0.670	0.071
0.121	0.133	0.745	0.001
0.520	0.219	0.180	0.081
0.458	0.142	0.336	0.064
0.026	0.142	0.806	0.026
0.110	0.160	0.253	0.477
0.003	0.001	0.904	0.092
0.057	0.108	0.765	0.070
0.084	0.059	0.835	0.022
0.273	0.433	0.166	0.127
0.114	0.069	0.702	0.115
>TRTRTRTRTRTA	24-TRTRTRTRTRTA	5.672362	-7.514387	0	T:388.0(6.23%),B:388.9(4.96%),P:1e-3	Tpos:142.0,Tstd:95.0,Bpos:137.6,Bstd:105.9,StrandBias:-0.1,Multiplicity:1.59
0.001	0.125	0.001	0.873
0.429	0.001	0.569	0.001
0.001	0.049	0.001	0.949
0.448	0.001	0.550	0.001
0.001	0.001	0.001	0.997
0.443	0.001	0.544	0.012
0.001	0.001	0.001	0.997
0.485	0.001	0.513	0.001
0.001	0.036	0.001	0.962
0.555	0.001	0.443	0.001
0.001	0.195	0.001	0.803
0.565	0.001	0.383	0.051
>NAGGGTTAGGGN	25-NAGGGTTAGGGN	5.342298	-5.959133	0	T:1721.0(27.63%),B:2002.5(25.52%),P:1e-2	Tpos:147.9,Tstd:96.8,Bpos:145.7,Bstd:114.8,StrandBias:-0.1,Multiplicity:1.37
0.211	0.252	0.247	0.290
0.606	0.095	0.161	0.138
0.114	0.073	0.708	0.105
0.116	0.083	0.679	0.122
0.110	0.129	0.641	0.120
0.118	0.146	0.144	0.592
0.112	0.151	0.177	0.560
0.596	0.106	0.156	0.142
0.123	0.082	0.686	0.109
0.130	0.080	0.665	0.125
0.121	0.122	0.639	0.118
0.209	0.210	0.241	0.340
