>TATTAATAAT	1-TATTAATAAT	6.289861	-55.458142	0	T:817.0(13.12%),B:615.5(7.85%),P:1e-24	Tpos:153.0,Tstd:97.9,Bpos:143.9,Bstd:116.3,StrandBias:-0.1,Multiplicity:1.18
0.226	0.217	0.039	0.518
0.737	0.013	0.232	0.018
0.234	0.152	0.169	0.444
0.008	0.006	0.008	0.978
0.635	0.086	0.002	0.277
0.528	0.145	0.147	0.180
0.079	0.004	0.178	0.739
0.535	0.083	0.018	0.364
0.572	0.025	0.245	0.158
0.162	0.302	0.025	0.511
>GCGGACGCTG	2-GCGGACGCTG	8.992506	-31.785826	0	T:119.0(1.91%),B:42.1(0.54%),P:1e-13	Tpos:139.8,Tstd:97.1,Bpos:176.8,Bstd:161.9,StrandBias:0.2,Multiplicity:1.03
0.041	0.020	0.938	0.001
0.001	0.875	0.104	0.020
0.001	0.020	0.892	0.087
0.021	0.021	0.937	0.021
0.803	0.080	0.076	0.041
0.001	0.872	0.126	0.001
0.001	0.053	0.926	0.020
0.020	0.938	0.041	0.001
0.001	0.037	0.062	0.900
0.001	0.040	0.958	0.001
>CGCGTCGGGT	3-CGCGTCGGGT	7.737787	-31.037398	0	T:38.0(0.61%),B:0.0(0.00%),P:1e-13	Tpos:175.7,Tstd:108.6,Bpos:0.0,Bstd:0.0,StrandBias:0.2,Multiplicity:1.00
0.280	0.621	0.087	0.012
0.033	0.054	0.718	0.195
0.048	0.626	0.278	0.048
0.023	0.234	0.559	0.184
0.156	0.053	0.234	0.557
0.033	0.655	0.092	0.220
0.034	0.033	0.685	0.248
0.037	0.041	0.881	0.041
0.025	0.229	0.500	0.246
0.224	0.047	0.155	0.574
>TTCGCCCCCC	4-TTCGCCCCCC	9.386532	-30.267536	0	T:73.0(1.17%),B:15.4(0.20%),P:1e-13	Tpos:160.7,Tstd:97.9,Bpos:159.8,Bstd:80.1,StrandBias:0.8,Multiplicity:1.01
0.031	0.054	0.001	0.914
0.001	0.112	0.106	0.781
0.032	0.902	0.034	0.032
0.001	0.095	0.890	0.014
0.001	0.997	0.001	0.001
0.063	0.810	0.032	0.095
0.001	0.954	0.031	0.014
0.001	0.936	0.062	0.001
0.001	0.904	0.094	0.001
0.031	0.937	0.001	0.031
>CGCCGCSCMY	5-CGCCGCSCMY	8.183514	-29.370956	0	T:62.0(1.00%),B:10.8(0.14%),P:1e-12	Tpos:131.1,Tstd:84.0,Bpos:296.3,Bstd:287.2,StrandBias:-0.6,Multiplicity:1.04
0.068	0.689	0.139	0.104
0.081	0.156	0.668	0.095
0.043	0.865	0.072	0.020
0.073	0.689	0.149	0.089
0.095	0.142	0.687	0.076
0.045	0.655	0.215	0.085
0.053	0.384	0.476	0.087
0.093	0.688	0.195	0.024
0.393	0.298	0.222	0.087
0.122	0.277	0.215	0.386
>AACAACARCT	6-AACAACARCT	9.379707	-26.407398	0	T:175.0(2.81%),B:94.9(1.21%),P:1e-11	Tpos:137.0,Tstd:89.9,Bpos:159.1,Bstd:123.6,StrandBias:-0.3,Multiplicity:1.07
0.925	0.001	0.073	0.001
0.622	0.115	0.001	0.262
0.001	0.997	0.001	0.001
0.997	0.001	0.001	0.001
0.881	0.001	0.001	0.117
0.273	0.532	0.001	0.194
0.867	0.001	0.131	0.001
0.510	0.001	0.488	0.001
0.001	0.740	0.258	0.001
0.251	0.075	0.147	0.527
>CCCCACTGBC	7-CCCCACTGBC	6.327111	-25.318323	0	T:382.0(6.13%),B:289.9(3.69%),P:1e-10	Tpos:150.3,Tstd:97.7,Bpos:161.3,Bstd:143.0,StrandBias:0.1,Multiplicity:1.09
0.263	0.489	0.177	0.072
0.014	0.853	0.033	0.100
0.068	0.791	0.051	0.090
0.306	0.537	0.012	0.145
0.471	0.257	0.266	0.006
0.257	0.549	0.100	0.094
0.158	0.062	0.254	0.526
0.153	0.141	0.490	0.216
0.108	0.272	0.364	0.255
0.267	0.459	0.124	0.150
>ACGAGGTGTC	8-ACGAGGTGTC	8.191884	-21.603604	0	T:113.0(1.81%),B:53.8(0.69%),P:1e-9	Tpos:132.8,Tstd:80.3,Bpos:155.5,Bstd:148.1,StrandBias:-0.1,Multiplicity:1.05
0.805	0.049	0.070	0.076
0.143	0.612	0.141	0.104
0.109	0.070	0.762	0.059
0.775	0.043	0.050	0.132
0.066	0.029	0.871	0.034
0.043	0.057	0.862	0.038
0.122	0.057	0.022	0.799
0.054	0.042	0.856	0.048
0.023	0.064	0.055	0.858
0.043	0.807	0.073	0.077
>RCTTAATTAG	9-RCTTAATTAG	7.694505	-21.414154	0	T:235.0(3.77%),B:160.2(2.04%),P:1e-9	Tpos:153.0,Tstd:109.4,Bpos:149.3,Bstd:92.5,StrandBias:-0.2,Multiplicity:1.03
0.347	0.001	0.489	0.163
0.067	0.772	0.026	0.135
0.001	0.113	0.112	0.774
0.190	0.001	0.060	0.749
0.743	0.001	0.175	0.081
0.943	0.055	0.001	0.001
0.001	0.142	0.001	0.856
0.192	0.001	0.001	0.806
0.858	0.001	0.001	0.140
0.001	0.056	0.935	0.008
>GCTGCGATTT	10-GCTGCGATTT	8.288604	-21.077342	0	T:146.0(2.34%),B:82.0(1.04%),P:1e-9	Tpos:138.3,Tstd:97.7,Bpos:186.1,Bstd:120.0,StrandBias:0.0,Multiplicity:1.01
0.042	0.036	0.890	0.032
0.031	0.831	0.022	0.116
0.045	0.032	0.042	0.881
0.076	0.036	0.832	0.056
0.126	0.694	0.099	0.081
0.081	0.117	0.667	0.135
0.675	0.151	0.124	0.050
0.052	0.078	0.051	0.819
0.015	0.041	0.047	0.897
0.016	0.060	0.104	0.820
>TTCGGGCGCC	11-TTCGGGCGCC	8.263718	-20.990982	0	T:96.0(1.54%),B:41.8(0.53%),P:1e-9	Tpos:147.6,Tstd:89.5,Bpos:156.6,Bstd:131.3,StrandBias:0.1,Multiplicity:1.07
0.036	0.048	0.101	0.815
0.061	0.169	0.087	0.683
0.056	0.797	0.091	0.056
0.052	0.068	0.779	0.101
0.018	0.058	0.866	0.058
0.036	0.115	0.820	0.029
0.106	0.794	0.078	0.022
0.028	0.085	0.772	0.115
0.051	0.835	0.056	0.058
0.036	0.849	0.072	0.043
>AGCACCATCA	12-AGCACCATCA	9.031021	-20.624135	0	T:146.0(2.34%),B:82.2(1.05%),P:1e-8	Tpos:146.2,Tstd:90.4,Bpos:131.5,Bstd:71.3,StrandBias:-0.3,Multiplicity:1.05
0.951	0.010	0.038	0.001
0.001	0.048	0.859	0.092
0.001	0.975	0.001	0.023
0.881	0.001	0.066	0.052
0.001	0.893	0.068	0.038
0.001	0.997	0.001	0.001
0.844	0.130	0.001	0.025
0.111	0.001	0.037	0.851
0.044	0.932	0.001	0.023
0.808	0.001	0.022	0.169
>TACGCACGGG	13-TACGCACGGG	8.161602	-20.620872	0	T:59.0(0.95%),B:16.1(0.20%),P:1e-8	Tpos:143.5,Tstd:97.4,Bpos:140.9,Bstd:78.1,StrandBias:0.4,Multiplicity:1.02
0.030	0.093	0.102	0.775
0.691	0.074	0.173	0.062
0.021	0.816	0.086	0.077
0.091	0.092	0.722	0.095
0.030	0.899	0.051	0.020
0.797	0.051	0.101	0.051
0.030	0.844	0.085	0.041
0.127	0.051	0.737	0.085
0.031	0.061	0.815	0.093
0.030	0.021	0.919	0.030
>GACCCTGACC	14-GACCCTGACC	9.039380	-20.582280	0	T:103.0(1.65%),B:47.4(0.60%),P:1e-8	Tpos:147.5,Tstd:101.2,Bpos:150.3,Bstd:91.6,StrandBias:0.1,Multiplicity:1.14
0.001	0.057	0.941	0.001
0.830	0.053	0.047	0.070
0.103	0.895	0.001	0.001
0.001	0.978	0.020	0.001
0.001	0.997	0.001	0.001
0.140	0.086	0.001	0.773
0.001	0.122	0.857	0.020
0.997	0.001	0.001	0.001
0.001	0.902	0.035	0.062
0.022	0.968	0.009	0.001
>SGCGCGCGCC	15-SGCGCGCGCC	8.688169	-20.135054	0	T:295.0(4.74%),B:222.5(2.84%),P:1e-8	Tpos:163.3,Tstd:107.0,Bpos:135.2,Bstd:202.6,StrandBias:-0.2,Multiplicity:1.26
0.001	0.526	0.437	0.036
0.322	0.074	0.503	0.101
0.285	0.713	0.001	0.001
0.001	0.228	0.770	0.001
0.001	0.997	0.001	0.001
0.001	0.001	0.831	0.167
0.001	0.997	0.001	0.001
0.001	0.035	0.963	0.001
0.001	0.826	0.172	0.001
0.001	0.997	0.001	0.001
>GGTCTCGGGC	16-GGTCTCGGGC	9.387552	-20.081880	0	T:98.0(1.57%),B:44.6(0.57%),P:1e-8	Tpos:150.6,Tstd:97.8,Bpos:136.3,Bstd:86.5,StrandBias:0.2,Multiplicity:1.04
0.001	0.061	0.937	0.001
0.030	0.001	0.968	0.001
0.033	0.001	0.157	0.809
0.001	0.997	0.001	0.001
0.001	0.098	0.031	0.870
0.061	0.826	0.112	0.001
0.042	0.061	0.896	0.001
0.001	0.001	0.997	0.001
0.031	0.092	0.876	0.001
0.092	0.893	0.001	0.014
>GCSGCGGCSG	17-GCSGCGGCSG	9.258588	-19.369465	0	T:281.0(4.51%),B:211.1(2.69%),P:1e-8	Tpos:162.5,Tstd:107.1,Bpos:148.2,Bstd:184.7,StrandBias:0.1,Multiplicity:1.40
0.001	0.060	0.915	0.024
0.001	0.937	0.061	0.001
0.001	0.500	0.403	0.096
0.001	0.001	0.997	0.001
0.061	0.906	0.032	0.001
0.095	0.077	0.827	0.001
0.001	0.082	0.900	0.017
0.001	0.876	0.120	0.003
0.001	0.512	0.486	0.001
0.203	0.122	0.674	0.001
>AGCTGCACTG	18-AGCTGCACTG	9.575332	-18.541925	0	T:137.0(2.20%),B:79.8(1.02%),P:1e-8	Tpos:145.3,Tstd:100.4,Bpos:166.7,Bstd:164.7,StrandBias:0.3,Multiplicity:1.04
0.851	0.092	0.056	0.001
0.033	0.016	0.950	0.001
0.001	0.997	0.001	0.001
0.087	0.036	0.001	0.876
0.031	0.001	0.912	0.056
0.024	0.932	0.032	0.012
0.884	0.041	0.001	0.074
0.022	0.933	0.033	0.012
0.001	0.047	0.110	0.842
0.008	0.031	0.960	0.001
>TCTACCCACT	19-TCTACCCACT	10.707604	-16.615307	0	T:52.0(0.83%),B:16.5(0.21%),P:1e-7	Tpos:132.2,Tstd:77.1,Bpos:183.9,Bstd:146.6,StrandBias:0.1,Multiplicity:1.00
0.001	0.001	0.016	0.982
0.393	0.605	0.001	0.001
0.001	0.001	0.001	0.997
0.997	0.001	0.001	0.001
0.001	0.997	0.001	0.001
0.263	0.735	0.001	0.001
0.001	0.845	0.153	0.001
0.997	0.001	0.001	0.001
0.001	0.997	0.001	0.001
0.001	0.001	0.001	0.997
>ACGAGAGCCT	20-ACGAGAGCCT	9.592647	-16.459025	0	T:47.0(0.75%),B:13.4(0.17%),P:1e-7	Tpos:152.1,Tstd:101.8,Bpos:148.2,Bstd:115.2,StrandBias:0.0,Multiplicity:1.11
0.838	0.121	0.040	0.001
0.001	0.677	0.153	0.169
0.001	0.001	0.895	0.103
0.880	0.040	0.040	0.040
0.039	0.001	0.959	0.001
0.916	0.001	0.043	0.040
0.001	0.001	0.959	0.039
0.001	0.997	0.001	0.001
0.001	0.959	0.039	0.001
0.001	0.043	0.001	0.955
>TCTCTCCCSC	21-TCTCTCCCSC	7.789250	-15.633737	0	T:615.0(9.87%),B:583.7(7.44%),P:1e-6	Tpos:152.3,Tstd:102.1,Bpos:145.7,Bstd:118.4,StrandBias:0.2,Multiplicity:1.18
0.015	0.143	0.032	0.810
0.001	0.746	0.143	0.110
0.036	0.138	0.197	0.629
0.001	0.785	0.184	0.030
0.030	0.153	0.057	0.760
0.035	0.903	0.001	0.061
0.063	0.606	0.170	0.161
0.001	0.964	0.034	0.001
0.014	0.361	0.389	0.237
0.001	0.997	0.001	0.001
>CCACTCCACT	22-CCACTCCACT	8.563925	-14.150735	0	T:155.0(2.49%),B:107.5(1.37%),P:1e-6	Tpos:136.9,Tstd:112.2,Bpos:143.3,Bstd:98.4,StrandBias:-0.7,Multiplicity:1.43
0.028	0.708	0.126	0.138
0.200	0.643	0.001	0.156
0.599	0.324	0.042	0.035
0.048	0.841	0.056	0.055
0.182	0.007	0.108	0.703
0.091	0.716	0.001	0.192
0.149	0.613	0.001	0.237
0.765	0.001	0.001	0.233
0.020	0.862	0.001	0.117
0.096	0.168	0.039	0.697
>AATGGAATGG	23-AATGGAATGG	9.408740	-13.288773	0	T:81.0(1.30%),B:43.7(0.56%),P:1e-5	Tpos:130.2,Tstd:80.5,Bpos:128.6,Bstd:94.1,StrandBias:0.8,Multiplicity:6.98
0.997	0.001	0.001	0.001
0.827	0.018	0.154	0.001
0.027	0.013	0.017	0.943
0.001	0.018	0.953	0.028
0.001	0.044	0.933	0.022
0.969	0.001	0.012	0.018
0.876	0.015	0.084	0.025
0.021	0.028	0.038	0.913
0.023	0.027	0.949	0.001
0.001	0.028	0.970	0.001
>ACACACACAY	24-ACACACACAY	7.830789	-11.660822	0	T:355.0(5.70%),B:323.7(4.13%),P:1e-5	Tpos:150.5,Tstd:95.2,Bpos:149.8,Bstd:112.2,StrandBias:0.0,Multiplicity:1.41
0.639	0.067	0.256	0.038
0.001	0.544	0.139	0.316
0.749	0.001	0.238	0.012
0.001	0.648	0.039	0.312
0.614	0.216	0.158	0.012
0.080	0.502	0.078	0.340
0.833	0.052	0.067	0.048
0.001	0.665	0.001	0.333
0.707	0.135	0.157	0.001
0.001	0.540	0.001	0.458
>AGGGATAGGG	25-AGGGATAGGG	10.391906	-7.948750	0	T:18.0(0.29%),B:4.6(0.06%),P:1e-3	Tpos:142.8,Tstd:71.2,Bpos:230.3,Bstd:125.8,StrandBias:-0.4,Multiplicity:5.11
0.997	0.001	0.001	0.001
0.001	0.188	0.810	0.001
0.001	0.001	0.997	0.001
0.001	0.001	0.997	0.001
0.768	0.001	0.001	0.230
0.001	0.001	0.001	0.997
0.810	0.188	0.001	0.001
0.001	0.001	0.997	0.001
0.001	0.103	0.895	0.001
0.001	0.188	0.608	0.203
