>AGGCCGGGGACT	9-AGGCCGGGGACT	10.723758	-40.635619	0	T:14.0(0.59%),B:2.0(0.03%),P:1e-17
0.853	0.042	0.104	0.001
0.001	0.083	0.894	0.022
0.063	0.084	0.748	0.105
0.021	0.936	0.001	0.042
0.064	0.830	0.063	0.043
0.084	0.063	0.789	0.064
0.042	0.043	0.873	0.042
0.021	0.042	0.895	0.042
0.063	0.105	0.811	0.021
0.704	0.126	0.085	0.085
0.042	0.789	0.106	0.063
0.042	0.043	0.022	0.893
