>GGGAAGRGCATT	7-AATGCYCTTCCC	9.328263	-40.740835	0	T:17.0(0.72%),B:2.8(0.04%),P:1e-17
0.162	0.004	0.721	0.113
0.174	0.011	0.699	0.116
0.019	0.091	0.826	0.064
0.598	0.322	0.008	0.072
0.586	0.008	0.187	0.219
0.075	0.102	0.812	0.011
0.420	0.045	0.286	0.249
0.172	0.151	0.666	0.011
0.180	0.561	0.174	0.085
0.537	0.211	0.104	0.148
0.185	0.315	0.023	0.478
0.019	0.239	0.232	0.510
