>CTGGGCGCGCCT	13-CTGGGCGCGCCT,BestGuess:PB0009.1_E2F3_1/Jaspar(0.733)	10.305879	-30.913501	0	T:19.0(0.81%),B:5.8(0.08%),P:1e-13
0.026	0.828	0.097	0.049
0.072	0.153	0.090	0.685
0.035	0.090	0.843	0.032
0.067	0.138	0.725	0.070
0.055	0.067	0.811	0.067
0.078	0.689	0.172	0.061
0.075	0.114	0.736	0.075
0.070	0.783	0.101	0.046
0.058	0.113	0.740	0.089
0.048	0.757	0.137	0.058
0.046	0.811	0.068	0.075
0.087	0.169	0.150	0.594
