>CGGCGCCGAAGC	6-GCTTCGGCGCCG	11.260291	-40.740835	0	T:17.0(0.72%),B:2.9(0.04%),P:1e-17
0.001	0.902	0.073	0.024
0.074	0.159	0.693	0.074
0.001	0.024	0.951	0.024
0.073	0.792	0.134	0.001
0.001	0.122	0.828	0.049
0.025	0.898	0.052	0.025
0.049	0.874	0.074	0.003
0.074	0.052	0.871	0.003
0.606	0.134	0.159	0.101
0.797	0.052	0.126	0.025
0.025	0.025	0.925	0.025
0.025	0.876	0.074	0.025
