>ACAWAMCYACAC	21-ACAWAMCYACAC,BestGuess:KLF10(Zf)/HEK293-KLF10.GFP-ChIP-Seq(GSE58341)/Homer(0.590)	9.481062	-17.559754	0	T:12.0(0.51%),B:5.0(0.07%),P:1e-7
0.761	0.001	0.036	0.202
0.018	0.634	0.018	0.330
0.817	0.083	0.018	0.082
0.331	0.156	0.082	0.431
0.660	0.046	0.285	0.009
0.403	0.394	0.009	0.193
0.046	0.615	0.165	0.174
0.009	0.504	0.009	0.478
0.643	0.229	0.092	0.036
0.247	0.524	0.220	0.009
0.633	0.228	0.001	0.138
0.166	0.623	0.156	0.055
