>AWGGTGDGRAWD	5-AWGGTGDGRAWD	7.434873	-48.671225	0	T:107.0(4.55%),B:107.7(1.56%),P:1e-21
0.428	0.174	0.208	0.189
0.438	0.022	0.232	0.308
0.165	0.025	0.573	0.237
0.103	0.309	0.564	0.024
0.055	0.035	0.042	0.868
0.031	0.044	0.872	0.053
0.268	0.018	0.305	0.409
0.180	0.152	0.635	0.033
0.533	0.029	0.400	0.038
0.498	0.201	0.274	0.027
0.400	0.196	0.078	0.327
0.308	0.165	0.326	0.201
