>GCCCCGACCTCG	2-GCCCCGACCTCG,BestGuess:Sp1(Zf)/Promoter/Homer(0.728)	11.325951	-64.295142	0	T:20.0(0.85%),B:1.5(0.02%),P:1e-27
0.031	0.060	0.894	0.015
0.015	0.954	0.001	0.030
0.030	0.692	0.233	0.045
0.044	0.594	0.303	0.059
0.074	0.853	0.029	0.044
0.066	0.323	0.582	0.029
0.497	0.089	0.340	0.074
0.015	0.882	0.074	0.029
0.076	0.850	0.059	0.015
0.103	0.198	0.116	0.583
0.001	0.759	0.226	0.014
0.074	0.148	0.748	0.030
