>TATATATACATA	25-TATGTATATATA	9.779730	-4.722508	0	T:31.0(1.32%),B:57.7(0.83%),P:1e-2
0.001	0.093	0.001	0.905
0.775	0.001	0.223	0.001
0.001	0.348	0.001	0.650
0.786	0.001	0.212	0.001
0.001	0.365	0.001	0.633
0.922	0.001	0.076	0.001
0.001	0.410	0.001	0.588
0.747	0.001	0.251	0.001
0.001	0.680	0.001	0.318
0.765	0.001	0.233	0.001
0.001	0.085	0.001	0.913
0.645	0.001	0.353	0.001
