>NBACAGGGCANN	24-NBACAGGGCANN	7.228134	-9.472277	0	T:6.0(0.25%),B:2.4(0.04%),P:1e-4
0.308	0.215	0.270	0.207
0.187	0.228	0.242	0.343
0.556	0.177	0.140	0.127
0.128	0.611	0.130	0.131
0.552	0.190	0.153	0.105
0.120	0.182	0.582	0.116
0.108	0.177	0.603	0.112
0.106	0.141	0.630	0.123
0.115	0.590	0.150	0.145
0.558	0.146	0.177	0.119
0.193	0.270	0.209	0.327
0.219	0.228	0.341	0.211
