>ACACTACCTGAC	20-ACACTACCTGAC	9.230660	-19.585334	0	T:10.0(0.42%),B:2.2(0.03%),P:1e-8
0.611	0.161	0.104	0.124
0.092	0.731	0.100	0.077
0.697	0.124	0.076	0.103
0.075	0.686	0.134	0.105
0.131	0.165	0.083	0.621
0.507	0.171	0.161	0.161
0.110	0.680	0.107	0.103
0.095	0.757	0.058	0.090
0.139	0.075	0.062	0.724
0.077	0.133	0.714	0.076
0.603	0.150	0.145	0.102
0.105	0.672	0.122	0.101
