>GGCCTGCCACTC	22-GAGTGGCAGGCC	9.300191	-16.887986	0	T:9.0(0.38%),B:2.7(0.04%),P:1e-7
0.105	0.119	0.664	0.112
0.099	0.125	0.688	0.088
0.093	0.682	0.142	0.083
0.078	0.744	0.089	0.089
0.116	0.140	0.124	0.620
0.065	0.144	0.691	0.100
0.077	0.673	0.143	0.107
0.107	0.689	0.121	0.083
0.557	0.178	0.132	0.133
0.069	0.708	0.141	0.082
0.107	0.165	0.124	0.604
0.066	0.681	0.136	0.117
