>GAGTGGCAGGCC	22-GAGTGGCAGGCC,BestGuess:PBX3/MA1114.1/Jaspar(0.740)	9.300191	-16.887986	0	T:9.0(0.38%),B:2.7(0.04%),P:1e-7
0.117	0.136	0.681	0.066
0.604	0.124	0.165	0.107
0.082	0.141	0.708	0.069
0.133	0.132	0.178	0.557
0.083	0.121	0.689	0.107
0.107	0.143	0.673	0.077
0.100	0.691	0.144	0.065
0.620	0.124	0.140	0.116
0.089	0.089	0.744	0.078
0.083	0.142	0.682	0.093
0.088	0.688	0.125	0.099
0.112	0.664	0.119	0.105
