>CGTGACCCGGCC	17-GGCCGGGTCACG	10.656271	-27.470996	0	T:29.0(1.23%),B:16.9(0.24%),P:1e-11
0.032	0.774	0.162	0.032
0.032	0.063	0.869	0.036
0.001	0.031	0.141	0.827
0.001	0.062	0.936	0.001
0.870	0.031	0.098	0.001
0.001	0.937	0.031	0.031
0.001	0.901	0.067	0.031
0.066	0.932	0.001	0.001
0.032	0.126	0.670	0.172
0.063	0.172	0.733	0.032
0.095	0.778	0.095	0.032
0.032	0.796	0.109	0.063
