>AGTGGCYCACGG	15-AGTGGCYCACGG,BestGuess:Zac1(Zf)/Neuro2A-Plagl1-ChIP-Seq(GSE75942)/Homer(0.702)	9.236587	-28.214285	0	T:13.0(0.55%),B:3.0(0.04%),P:1e-12
0.456	0.137	0.286	0.122
0.050	0.102	0.834	0.014
0.195	0.175	0.193	0.437
0.014	0.075	0.739	0.172
0.006	0.108	0.875	0.011
0.069	0.765	0.158	0.008
0.116	0.365	0.029	0.490
0.155	0.629	0.210	0.006
0.438	0.281	0.173	0.108
0.103	0.457	0.276	0.164
0.184	0.006	0.580	0.230
0.011	0.115	0.707	0.167
