>GATCCAGGCTGT	20-ACAGCCTGGATC	10.498289	-13.933746	0	T:57.0(0.92%),B:23.3(0.30%),P:1e-6
0.119	0.158	0.722	0.001
0.691	0.090	0.089	0.130
0.119	0.092	0.040	0.749
0.039	0.921	0.001	0.039
0.001	0.920	0.001	0.078
0.740	0.001	0.001	0.258
0.001	0.044	0.954	0.001
0.040	0.124	0.796	0.040
0.118	0.880	0.001	0.001
0.079	0.039	0.001	0.881
0.001	0.001	0.959	0.039
0.119	0.005	0.094	0.782
