>GGGTCTCCAGAG	13-CTCTGGAGACCC	10.128540	-20.156348	0	T:31.0(0.50%),B:3.0(0.04%),P:1e-8
0.132	0.043	0.736	0.089
0.084	0.064	0.738	0.114
0.018	0.059	0.841	0.082
0.125	0.143	0.140	0.592
0.011	0.829	0.082	0.078
0.121	0.119	0.053	0.707
0.071	0.663	0.159	0.107
0.043	0.846	0.004	0.107
0.761	0.079	0.096	0.064
0.028	0.114	0.854	0.004
0.700	0.110	0.122	0.068
0.100	0.121	0.729	0.050
