>SNKNSSGHYCBN	15-SNKNSSGHYCBN,BestGuess:PB0052.1_Plagl1_1/Jaspar(0.590)	5.489485	-17.953199	0	T:22.0(0.35%),B:0.0(0.00%),P:1e-7
0.151	0.348	0.322	0.179
0.275	0.326	0.180	0.220
0.092	0.154	0.382	0.372
0.208	0.317	0.281	0.193
0.032	0.493	0.461	0.013
0.011	0.551	0.435	0.003
0.046	0.382	0.571	0.001
0.354	0.303	0.077	0.267
0.070	0.478	0.049	0.404
0.068	0.498	0.136	0.298
0.150	0.261	0.339	0.250
0.177	0.284	0.277	0.262
