>ACCACYAGAGGG	6-ACCACYAGAGGG,BestGuess:CTCF/MA0139.1/Jaspar(0.813)	8.523691	-29.121407	0	T:300.0(4.82%),B:198.7(2.53%),P:1e-12
0.524	0.167	0.235	0.074
0.177	0.602	0.103	0.118
0.006	0.818	0.061	0.115
0.658	0.165	0.089	0.088
0.051	0.615	0.228	0.106
0.212	0.311	0.063	0.414
0.512	0.078	0.184	0.226
0.093	0.111	0.650	0.146
0.550	0.007	0.343	0.100
0.079	0.063	0.702	0.156
0.189	0.040	0.646	0.125
0.075	0.200	0.651	0.074
