>ACAGCCTGGATC	20-ACAGCCTGGATC,BestGuess:ZNF341/MA1655.1/Jaspar(0.636)	10.498289	-13.933746	0	T:57.0(0.92%),B:23.3(0.30%),P:1e-6
0.782	0.094	0.005	0.119
0.039	0.959	0.001	0.001
0.881	0.001	0.039	0.079
0.001	0.001	0.880	0.118
0.040	0.796	0.124	0.040
0.001	0.954	0.044	0.001
0.258	0.001	0.001	0.740
0.078	0.001	0.920	0.001
0.039	0.001	0.921	0.039
0.749	0.040	0.092	0.119
0.130	0.089	0.090	0.691
0.001	0.722	0.158	0.119
