>GTGGKGTGAGMT	17-GTGGKGTGAGMT,BestGuess:Srebp2(bHLH)/HepG2-Srebp2-ChIP-Seq(GSE31477)/Homer(0.775)	9.772675	-14.733993	0	T:44.0(0.71%),B:13.2(0.17%),P:1e-6
0.004	0.197	0.776	0.023
0.023	0.158	0.046	0.773
0.003	0.001	0.958	0.038
0.008	0.099	0.643	0.250
0.056	0.019	0.515	0.410
0.008	0.404	0.571	0.017
0.202	0.046	0.277	0.475
0.011	0.188	0.774	0.027
0.543	0.008	0.143	0.306
0.117	0.099	0.605	0.179
0.427	0.292	0.262	0.019
0.019	0.172	0.221	0.588
