>GCCGCCGGGGAC	8-GCCGCCGGGGAC	10.843586	-26.946107	0	T:33.0(0.53%),B:0.0(0.00%),P:1e-11
0.011	0.055	0.891	0.043
0.065	0.782	0.141	0.012
0.108	0.727	0.088	0.077
0.043	0.043	0.859	0.055
0.011	0.857	0.110	0.022
0.043	0.793	0.066	0.098
0.076	0.055	0.814	0.055
0.033	0.076	0.880	0.011
0.011	0.033	0.912	0.044
0.054	0.086	0.859	0.001
0.836	0.077	0.065	0.022
0.034	0.803	0.141	0.022
