>CCCTCTRGTGGT	6-ACCACYAGAGGG	8.523691	-29.121407	0	T:300.0(4.82%),B:198.7(2.53%),P:1e-12
0.074	0.651	0.200	0.075
0.125	0.646	0.040	0.189
0.156	0.702	0.063	0.079
0.100	0.343	0.007	0.550
0.146	0.650	0.111	0.093
0.226	0.184	0.078	0.512
0.414	0.063	0.311	0.212
0.106	0.228	0.615	0.051
0.088	0.089	0.165	0.658
0.115	0.061	0.818	0.006
0.118	0.103	0.602	0.177
0.074	0.235	0.167	0.524
