>GTCCCGCGGCGG	2-GTCCCGCGGCGG	11.393645	-32.674546	0	T:40.0(0.64%),B:0.6(0.01%),P:1e-14
0.027	0.097	0.808	0.068
0.083	0.085	0.167	0.665
0.027	0.903	0.055	0.015
0.027	0.904	0.055	0.014
0.028	0.862	0.042	0.068
0.027	0.068	0.850	0.055
0.055	0.712	0.206	0.027
0.055	0.069	0.862	0.014
0.015	0.138	0.820	0.027
0.055	0.904	0.027	0.014
0.041	0.041	0.822	0.096
0.001	0.068	0.904	0.027
