>NAGGGTTAGGGN	25-NAGGGTTAGGGN	5.342298	-5.959133	0	T:1721.0(27.63%),B:2002.5(25.52%),P:1e-2
0.211	0.252	0.247	0.290
0.606	0.095	0.161	0.138
0.114	0.073	0.708	0.105
0.116	0.083	0.679	0.122
0.110	0.129	0.641	0.120
0.118	0.146	0.144	0.592
0.112	0.151	0.177	0.560
0.596	0.106	0.156	0.142
0.123	0.082	0.686	0.109
0.130	0.080	0.665	0.125
0.121	0.122	0.639	0.118
0.209	0.210	0.241	0.340
