>NVGRDCSSNMNS	15-SNKNSSGHYCBN	5.489485	-17.953199	0	T:22.0(0.35%),B:0.0(0.00%),P:1e-7
0.262	0.277	0.284	0.177
0.250	0.339	0.261	0.150
0.298	0.136	0.498	0.068
0.404	0.049	0.478	0.070
0.267	0.077	0.303	0.354
0.001	0.571	0.382	0.046
0.003	0.435	0.551	0.011
0.013	0.461	0.493	0.032
0.193	0.281	0.317	0.208
0.372	0.382	0.154	0.092
0.220	0.180	0.326	0.275
0.179	0.322	0.348	0.151
