>AKCTCACMCCAC	17-GTGGKGTGAGMT	9.772675	-14.733993	0	T:44.0(0.71%),B:13.2(0.17%),P:1e-6
0.588	0.221	0.172	0.019
0.019	0.262	0.292	0.427
0.179	0.605	0.099	0.117
0.306	0.143	0.008	0.543
0.027	0.774	0.188	0.011
0.475	0.277	0.046	0.202
0.017	0.571	0.404	0.008
0.410	0.515	0.019	0.056
0.250	0.643	0.099	0.008
0.038	0.958	0.001	0.003
0.773	0.046	0.158	0.023
0.023	0.776	0.197	0.004
