>TGCGCCCTCCCG	4-TGCGCCCTCCCG	10.516660	-31.037398	0	T:38.0(0.61%),B:0.7(0.01%),P:1e-13
0.012	0.140	0.105	0.743
0.012	0.059	0.894	0.035
0.059	0.824	0.059	0.058
0.046	0.078	0.853	0.023
0.001	0.908	0.057	0.034
0.012	0.884	0.046	0.058
0.001	0.907	0.046	0.046
0.081	0.058	0.069	0.792
0.012	0.896	0.069	0.023
0.012	0.907	0.012	0.069
0.104	0.722	0.069	0.105
0.092	0.135	0.678	0.095
