>GGGARGTGGGCG	23-GGGARGTGGGCG	10.303477	-11.965756	0	T:36.0(0.58%),B:11.9(0.15%),P:1e-5
0.130	0.103	0.715	0.052
0.170	0.089	0.670	0.071
0.121	0.133	0.745	0.001
0.520	0.219	0.180	0.081
0.458	0.142	0.336	0.064
0.026	0.142	0.806	0.026
0.110	0.160	0.253	0.477
0.003	0.001	0.904	0.092
0.057	0.108	0.765	0.070
0.084	0.059	0.835	0.022
0.273	0.433	0.166	0.127
0.114	0.069	0.702	0.115
