>GAATGGAATGGA	21-GAATGGAATGGA	11.405223	-13.872730	0	T:44.0(0.71%),B:14.8(0.19%),P:1e-6
0.062	0.075	0.788	0.075
0.931	0.005	0.021	0.043
0.638	0.026	0.321	0.015
0.094	0.032	0.019	0.855
0.043	0.039	0.880	0.038
0.020	0.022	0.910	0.048
0.941	0.021	0.022	0.016
0.607	0.041	0.336	0.016
0.081	0.051	0.027	0.841
0.081	0.070	0.830	0.019
0.061	0.056	0.835	0.048
0.951	0.011	0.016	0.022
