>GCAGACGCCAGG	19-GCAGACGCCAGG,BestGuess:Smad4(MAD)/ESC-SMAD4-ChIP-Seq(GSE29422)/Homer(0.637)	10.716002	-14.109238	0	T:33.0(0.53%),B:7.5(0.10%),P:1e-6
0.027	0.013	0.907	0.053
0.027	0.852	0.094	0.027
0.893	0.041	0.053	0.013
0.053	0.046	0.861	0.040
0.756	0.118	0.060	0.066
0.109	0.698	0.094	0.099
0.080	0.077	0.749	0.094
0.040	0.852	0.041	0.067
0.040	0.880	0.027	0.053
0.814	0.093	0.066	0.027
0.066	0.013	0.867	0.054
0.033	0.053	0.887	0.027
