>CCACTGCGGTGC	3-CCACTGCGGTGC,BestGuess:Zic2/MA1629.1/Jaspar(0.651)	10.898867	-49.602809	0	T:18.0(2.15%),B:1.5(0.09%),P:1e-21
0.001	0.871	0.097	0.031
0.001	0.964	0.034	0.001
0.594	0.094	0.156	0.156
0.062	0.906	0.001	0.031
0.125	0.062	0.031	0.782
0.001	0.062	0.875	0.062
0.001	0.871	0.031	0.097
0.031	0.001	0.875	0.093
0.001	0.066	0.902	0.031
0.160	0.066	0.125	0.649
0.035	0.062	0.868	0.035
0.001	0.875	0.093	0.031
