>GCACCGCAGTGG	3-CCACTGCGGTGC	10.898867	-49.602809	0	T:18.0(2.15%),B:1.5(0.09%),P:1e-21
0.031	0.093	0.875	0.001
0.035	0.868	0.062	0.035
0.649	0.125	0.066	0.160
0.031	0.902	0.066	0.001
0.093	0.875	0.001	0.031
0.097	0.031	0.871	0.001
0.062	0.875	0.062	0.001
0.782	0.031	0.062	0.125
0.031	0.001	0.906	0.062
0.156	0.156	0.094	0.594
0.001	0.034	0.964	0.001
0.031	0.097	0.871	0.001
