>TGAGACCCCGCC	20-TGAGACCCCGCC	10.706280	-23.386520	0	T:15.0(1.79%),B:3.9(0.23%),P:1e-10
0.111	0.074	0.044	0.771
0.001	0.001	0.962	0.036
0.815	0.074	0.037	0.074
0.001	0.036	0.962	0.001
0.618	0.111	0.154	0.117
0.037	0.808	0.044	0.111
0.074	0.851	0.001	0.074
0.001	0.888	0.074	0.037
0.147	0.815	0.001	0.037
0.044	0.111	0.734	0.111
0.001	0.888	0.037	0.074
0.001	0.925	0.073	0.001
