>AGGTGTGTAGGA	25-AGGTGTGTAGGA	9.053357	-11.786288	0	T:11.0(1.31%),B:4.4(0.26%),P:1e-5
0.635	0.070	0.196	0.099
0.064	0.056	0.815	0.065
0.082	0.144	0.724	0.050
0.129	0.114	0.182	0.575
0.067	0.095	0.760	0.078
0.138	0.098	0.222	0.542
0.050	0.134	0.759	0.057
0.134	0.163	0.236	0.468
0.569	0.084	0.257	0.090
0.082	0.048	0.805	0.065
0.115	0.102	0.747	0.036
0.601	0.130	0.160	0.109
