>CTCCTTCCCGGG	15-CTCCTTCCCGGG	11.221629	-26.643390	0	T:20.0(2.39%),B:5.9(0.35%),P:1e-11
0.001	0.882	0.116	0.001
0.166	0.173	0.190	0.471
0.006	0.753	0.240	0.001
0.006	0.876	0.112	0.006
0.001	0.295	0.056	0.648
0.001	0.234	0.056	0.709
0.055	0.889	0.055	0.001
0.001	0.883	0.006	0.110
0.283	0.544	0.061	0.112
0.006	0.001	0.875	0.118
0.055	0.056	0.834	0.055
0.001	0.110	0.888	0.001
