>GCCAGGSCAGSA	5-TSCTGSCCTGGC	10.686491	-40.559408	0	T:19.0(2.27%),B:3.0(0.18%),P:1e-17
0.062	0.065	0.808	0.065
0.031	0.779	0.128	0.062
0.001	0.872	0.096	0.031
0.575	0.356	0.065	0.004
0.065	0.031	0.903	0.001
0.033	0.031	0.874	0.062
0.062	0.457	0.449	0.031
0.099	0.641	0.259	0.001
0.574	0.094	0.096	0.236
0.031	0.066	0.764	0.139
0.064	0.388	0.486	0.062
0.511	0.326	0.130	0.033
