>TSCTGSCCTGGC	5-TSCTGSCCTGGC,BestGuess:p53(p53)/mES-cMyc-ChIP-Seq(GSE11431)/Homer(0.693)	10.686491	-40.559408	0	T:19.0(2.27%),B:3.0(0.18%),P:1e-17
0.033	0.130	0.326	0.511
0.062	0.486	0.388	0.064
0.139	0.764	0.066	0.031
0.236	0.096	0.094	0.574
0.001	0.259	0.641	0.099
0.031	0.449	0.457	0.062
0.062	0.874	0.031	0.033
0.001	0.903	0.031	0.065
0.004	0.065	0.356	0.575
0.031	0.096	0.872	0.001
0.062	0.128	0.779	0.031
0.065	0.808	0.065	0.062
