>GGCGCGCAGCGA	17-GGCGCGCAGCGA	10.457628	-26.030660	0	T:18.0(2.15%),B:4.0(0.24%),P:1e-11
0.040	0.141	0.755	0.064
0.040	0.068	0.872	0.020
0.075	0.699	0.167	0.059
0.047	0.095	0.808	0.050
0.056	0.754	0.135	0.055
0.052	0.091	0.769	0.088
0.040	0.780	0.133	0.047
0.629	0.107	0.127	0.137
0.016	0.080	0.884	0.020
0.095	0.698	0.167	0.040
0.064	0.121	0.768	0.047
0.587	0.141	0.205	0.067
