>CTGCGGAGGGCG	12-CTGCGGAGGGCG,BestGuess:BORIS(Zf)/K562-CTCFL-ChIP-Seq(GSE32465)/Homer(0.643)	10.828743	-32.173024	0	T:13.0(1.55%),B:1.7(0.10%),P:1e-13
0.014	0.845	0.106	0.035
0.067	0.153	0.151	0.629
0.014	0.078	0.851	0.057
0.089	0.706	0.152	0.053
0.089	0.114	0.691	0.106
0.050	0.089	0.815	0.046
0.632	0.125	0.169	0.074
0.078	0.092	0.780	0.050
0.064	0.139	0.755	0.042
0.032	0.130	0.796	0.042
0.075	0.733	0.114	0.078
0.071	0.078	0.770	0.081
