>CCACCGCCGGGA	19-CCACCGCCGGGA	9.683114	-23.804148	0	T:17.0(2.03%),B:4.1(0.24%),P:1e-10
0.075	0.710	0.148	0.067
0.071	0.757	0.114	0.058
0.482	0.176	0.214	0.128
0.065	0.695	0.183	0.057
0.115	0.675	0.116	0.094
0.083	0.172	0.616	0.129
0.065	0.763	0.118	0.054
0.105	0.661	0.139	0.095
0.114	0.132	0.657	0.097
0.087	0.132	0.729	0.052
0.069	0.137	0.749	0.045
0.507	0.210	0.184	0.099
