>GCCGGGGACGCT	16-AGCGTCCCCGGC	10.970052	-26.279027	0	T:14.0(1.67%),B:2.8(0.17%),P:1e-11
0.055	0.055	0.889	0.001
0.028	0.861	0.083	0.028
0.001	0.823	0.060	0.116
0.028	0.055	0.834	0.083
0.083	0.028	0.861	0.028
0.055	0.001	0.943	0.001
0.027	0.166	0.806	0.001
0.690	0.116	0.139	0.055
0.055	0.857	0.060	0.028
0.028	0.083	0.834	0.055
0.001	0.855	0.143	0.001
0.116	0.083	0.028	0.773
