>AGYCCCGGGCCT	14-AGYCCCGGGCCT,BestGuess:Zfx/MA0146.2/Jaspar(0.688)	11.920550	-29.011881	0	T:15.0(1.79%),B:2.5(0.15%),P:1e-12
0.889	0.001	0.001	0.109
0.109	0.001	0.889	0.001
0.001	0.560	0.001	0.438
0.109	0.889	0.001	0.001
0.109	0.889	0.001	0.001
0.001	0.773	0.225	0.001
0.017	0.088	0.885	0.010
0.029	0.001	0.941	0.029
0.003	0.001	0.886	0.110
0.127	0.862	0.001	0.010
0.029	0.860	0.001	0.110
0.001	0.110	0.110	0.779
