>GGCACCTGGCGG	9-GGCACCTGGCGG,BestGuess:TCF4/MA0830.2/Jaspar(0.698)	11.510986	-35.527472	0	T:14.0(1.67%),B:2.0(0.12%),P:1e-15
0.053	0.106	0.788	0.053
0.001	0.026	0.972	0.001
0.121	0.692	0.186	0.001
0.507	0.159	0.228	0.106
0.053	0.854	0.066	0.027
0.026	0.920	0.053	0.001
0.058	0.005	0.133	0.804
0.001	0.052	0.946	0.001
0.027	0.032	0.914	0.027
0.027	0.840	0.053	0.080
0.079	0.001	0.867	0.053
0.026	0.053	0.920	0.001
