>TCTCCTCCCTGC	12-TCTCCTCCCTGC	10.034287	-49.898632	0	T:84.0(4.82%),B:11.7(1.44%),P:1e-21
0.056	0.041	0.056	0.847
0.001	0.891	0.052	0.056
0.097	0.056	0.034	0.813
0.011	0.847	0.075	0.067
0.022	0.900	0.022	0.056
0.041	0.034	0.056	0.869
0.011	0.786	0.064	0.139
0.041	0.861	0.001	0.097
0.011	0.888	0.056	0.045
0.142	0.056	0.045	0.757
0.011	0.180	0.742	0.067
0.034	0.891	0.019	0.056
