>CTCAGGCTGCTG	16-CTCAGGCTGCTG	10.556703	-42.306514	0	T:40.0(2.29%),B:3.8(0.47%),P:1e-18
0.001	0.922	0.046	0.031
0.109	0.182	0.135	0.574
0.016	0.833	0.104	0.047
0.813	0.047	0.062	0.078
0.026	0.031	0.927	0.016
0.046	0.088	0.865	0.001
0.031	0.922	0.046	0.001
0.062	0.073	0.047	0.818
0.031	0.057	0.870	0.042
0.031	0.906	0.016	0.047
0.120	0.047	0.042	0.791
0.016	0.042	0.895	0.047
