>CGCCACCTGCAG	18-CGCCACCTGCAG	8.431768	-38.574268	0	T:24.0(1.38%),B:2.0(0.24%),P:1e-16
0.195	0.389	0.222	0.193
0.125	0.200	0.555	0.120
0.116	0.636	0.140	0.108
0.107	0.672	0.114	0.107
0.527	0.180	0.143	0.150
0.095	0.654	0.143	0.108
0.093	0.711	0.088	0.108
0.138	0.158	0.128	0.576
0.094	0.177	0.622	0.107
0.103	0.688	0.130	0.079
0.526	0.165	0.147	0.162
0.151	0.259	0.449	0.142
