>DNDDTVKANDND	21-HNHNTMBAHHNH	3.693992	-33.990282	0	T:59.0(3.38%),B:8.0(0.99%),P:1e-14
0.331	0.105	0.289	0.274
0.273	0.266	0.259	0.202
0.278	0.147	0.254	0.322
0.337	0.138	0.237	0.288
0.194	0.129	0.094	0.583
0.312	0.240	0.319	0.130
0.143	0.142	0.413	0.302
0.568	0.112	0.066	0.254
0.270	0.200	0.301	0.229
0.262	0.160	0.240	0.338
0.342	0.246	0.219	0.194
0.318	0.152	0.268	0.262
