>HNHNTMBAHHNH	21-HNHNTMBAHHNH,BestGuess:NFAT(RHD)/Jurkat-NFATC1-ChIP-Seq(Jolma_et_al.)/Homer(0.629)	3.693992	-33.990282	0	T:59.0(3.38%),B:8.0(0.99%),P:1e-14
0.262	0.268	0.152	0.318
0.194	0.219	0.246	0.342
0.338	0.240	0.160	0.262
0.229	0.301	0.200	0.270
0.254	0.066	0.112	0.568
0.302	0.413	0.142	0.143
0.130	0.319	0.240	0.312
0.583	0.094	0.129	0.194
0.288	0.237	0.138	0.337
0.322	0.254	0.147	0.278
0.202	0.259	0.266	0.273
0.274	0.289	0.105	0.331
