>GGCTGGGGCCAG	24-GGCTGGGGCCAG	11.134823	-26.765896	0	T:36.0(2.06%),B:4.4(0.54%),P:1e-11
0.074	0.043	0.820	0.063
0.022	0.043	0.892	0.043
0.043	0.781	0.165	0.011
0.054	0.122	0.054	0.770
0.001	0.021	0.935	0.043
0.074	0.052	0.809	0.065
0.065	0.020	0.863	0.052
0.043	0.076	0.829	0.052
0.074	0.764	0.119	0.043
0.041	0.851	0.076	0.032
0.873	0.041	0.032	0.054
0.043	0.022	0.903	0.032
