>GGAGAGGAAGAG	20-GGAGAGGAAGAG	10.515932	-35.198536	0	T:30.0(1.72%),B:2.4(0.30%),P:1e-15
0.097	0.050	0.792	0.061
0.103	0.095	0.747	0.055
0.709	0.075	0.157	0.059
0.090	0.074	0.808	0.028
0.712	0.062	0.177	0.049
0.082	0.035	0.821	0.062
0.088	0.056	0.837	0.019
0.656	0.149	0.153	0.042
0.675	0.046	0.208	0.071
0.070	0.065	0.837	0.028
0.640	0.085	0.180	0.095
0.095	0.073	0.778	0.054
