>CTGAGAGGGGGC	23-CTGAGAGGGGGC	10.531867	-27.564755	0	T:26.0(1.49%),B:2.3(0.28%),P:1e-11
0.061	0.758	0.133	0.048
0.097	0.109	0.165	0.629
0.020	0.097	0.838	0.045
0.628	0.093	0.218	0.061
0.067	0.073	0.836	0.024
0.695	0.106	0.113	0.086
0.073	0.060	0.809	0.058
0.075	0.061	0.813	0.051
0.124	0.097	0.716	0.063
0.107	0.071	0.763	0.059
0.073	0.094	0.790	0.043
0.086	0.743	0.117	0.054
