>HTAWTARG	1-HTAWTARG	5.940182	-40.350899	0	T:1017.0(24.52%),B:832.5(17.12%),P:1e-17	Tpos:151.6,Tstd:100.6,Bpos:144.4,Bstd:111.8,StrandBias:-0.1,Multiplicity:1.31
0.355	0.335	0.001	0.309
0.207	0.001	0.001	0.791
0.997	0.001	0.001	0.001
0.517	0.001	0.001	0.481
0.001	0.001	0.001	0.997
0.657	0.001	0.001	0.341
0.430	0.045	0.498	0.027
0.109	0.132	0.457	0.302
>ATTAGCAC	2-ATTAGCAC	6.168020	-32.683934	0	T:529.0(12.75%),B:380.0(7.82%),P:1e-14	Tpos:148.9,Tstd:100.7,Bpos:148.8,Bstd:99.4,StrandBias:-0.2,Multiplicity:1.08
0.964	0.034	0.001	0.001
0.038	0.001	0.062	0.899
0.032	0.145	0.001	0.822
0.884	0.114	0.001	0.001
0.001	0.049	0.870	0.080
0.199	0.711	0.017	0.073
0.968	0.030	0.001	0.001
0.069	0.929	0.001	0.001
>GTTAATTA	3-GTTAATTA	6.717293	-25.427200	0	T:488.0(11.76%),B:368.4(7.58%),P:1e-11	Tpos:146.5,Tstd:91.8,Bpos:150.1,Bstd:103.4,StrandBias:-0.0,Multiplicity:1.09
0.049	0.038	0.854	0.059
0.034	0.033	0.085	0.848
0.001	0.021	0.064	0.914
0.890	0.049	0.022	0.039
0.934	0.001	0.001	0.064
0.001	0.057	0.001	0.941
0.042	0.030	0.065	0.863
0.812	0.044	0.087	0.057
>TGACGCTG	4-TGACGCTG	6.298716	-24.235194	0	T:599.0(14.44%),B:482.7(9.93%),P:1e-10	Tpos:147.7,Tstd:103.2,Bpos:146.9,Bstd:107.2,StrandBias:0.0,Multiplicity:1.12
0.001	0.057	0.040	0.902
0.012	0.001	0.905	0.082
0.975	0.001	0.001	0.023
0.080	0.773	0.087	0.060
0.091	0.031	0.877	0.001
0.001	0.933	0.045	0.021
0.070	0.132	0.018	0.780
0.003	0.057	0.939	0.001
>CCCCACTA	5-CCCCACTA	5.555430	-23.502653	0	T:989.0(23.84%),B:889.4(18.29%),P:1e-10	Tpos:142.5,Tstd:96.3,Bpos:138.5,Bstd:116.8,StrandBias:-0.3,Multiplicity:1.21
0.081	0.738	0.095	0.086
0.069	0.698	0.112	0.121
0.061	0.832	0.084	0.023
0.080	0.762	0.109	0.049
0.765	0.100	0.067	0.068
0.044	0.784	0.087	0.085
0.040	0.063	0.090	0.807
0.622	0.191	0.141	0.046
>GAAGCGGG	6-GAAGCGGG	6.594948	-23.085778	0	T:752.0(18.13%),B:643.2(13.23%),P:1e-10	Tpos:150.0,Tstd:98.0,Bpos:140.7,Bstd:128.5,StrandBias:-0.0,Multiplicity:1.21
0.058	0.027	0.914	0.001
0.938	0.032	0.029	0.001
0.728	0.076	0.182	0.014
0.096	0.037	0.839	0.028
0.001	0.890	0.001	0.108
0.062	0.073	0.835	0.030
0.001	0.061	0.924	0.014
0.046	0.001	0.930	0.023
>GCGTCGCC	7-GCGTCGCC	7.220950	-22.745783	0	T:66.0(1.59%),B:17.0(0.35%),P:1e-9	Tpos:165.3,Tstd:85.8,Bpos:86.4,Bstd:99.9,StrandBias:-0.3,Multiplicity:1.03
0.001	0.001	0.997	0.001
0.001	0.997	0.001	0.001
0.001	0.001	0.997	0.001
0.279	0.001	0.001	0.719
0.001	0.997	0.001	0.001
0.001	0.001	0.997	0.001
0.086	0.912	0.001	0.001
0.001	0.883	0.115	0.001
>GACGCKCT	8-GACGCKCT	7.145198	-22.711453	0	T:389.0(9.38%),B:284.7(5.86%),P:1e-9	Tpos:163.3,Tstd:101.3,Bpos:138.7,Bstd:135.3,StrandBias:0.2,Multiplicity:1.13
0.003	0.001	0.812	0.184
0.476	0.166	0.254	0.105
0.003	0.799	0.196	0.002
0.110	0.003	0.883	0.004
0.126	0.805	0.067	0.002
0.136	0.225	0.260	0.380
0.001	0.975	0.023	0.001
0.001	0.001	0.001	0.997
>CCGTTGTT	9-CCGTTGTT	6.643950	-22.182517	0	T:355.0(8.56%),B:254.0(5.22%),P:1e-9	Tpos:143.0,Tstd:98.1,Bpos:159.4,Bstd:112.9,StrandBias:0.1,Multiplicity:1.04
0.080	0.888	0.001	0.031
0.084	0.797	0.032	0.087
0.001	0.081	0.830	0.088
0.001	0.038	0.001	0.960
0.001	0.019	0.023	0.957
0.078	0.051	0.810	0.061
0.012	0.046	0.080	0.862
0.012	0.058	0.039	0.891
>GCCGTGGG	10-GCCGTGGG	4.678957	-21.993764	0	T:260.0(6.27%),B:168.3(3.46%),P:1e-9	Tpos:144.7,Tstd:92.9,Bpos:147.2,Bstd:104.0,StrandBias:-0.2,Multiplicity:1.07
0.001	0.001	0.960	0.038
0.001	0.997	0.001	0.001
0.044	0.954	0.001	0.001
0.001	0.001	0.997	0.001
0.001	0.001	0.001	0.997
0.046	0.001	0.952	0.001
0.001	0.001	0.997	0.001
0.001	0.001	0.997	0.001
>CGGMGCGT	11-CGGMGCGT	7.991926	-21.513683	0	T:88.0(2.12%),B:31.1(0.64%),P:1e-9	Tpos:161.5,Tstd:106.2,Bpos:204.6,Bstd:124.8,StrandBias:-0.1,Multiplicity:1.03
0.001	0.997	0.001	0.001
0.001	0.223	0.775	0.001
0.001	0.190	0.808	0.001
0.569	0.429	0.001	0.001
0.106	0.221	0.659	0.014
0.003	0.760	0.236	0.001
0.085	0.001	0.884	0.030
0.001	0.001	0.001	0.997
>ACATCGTC	12-ACATCGTC	6.350063	-17.273840	0	T:277.0(6.68%),B:199.2(4.10%),P:1e-7	Tpos:136.0,Tstd:91.0,Bpos:145.2,Bstd:101.7,StrandBias:0.3,Multiplicity:1.04
0.928	0.026	0.034	0.012
0.001	0.872	0.022	0.105
0.833	0.042	0.009	0.116
0.087	0.023	0.001	0.889
0.001	0.930	0.001	0.068
0.001	0.105	0.799	0.095
0.001	0.042	0.023	0.934
0.001	0.853	0.023	0.123
>ATGGGCCT	13-ATGGGCCT	8.493626	-16.020529	0	T:151.0(3.64%),B:90.8(1.87%),P:1e-6	Tpos:135.0,Tstd:100.1,Bpos:147.6,Bstd:105.7,StrandBias:0.3,Multiplicity:1.04
0.768	0.001	0.230	0.001
0.001	0.001	0.001	0.997
0.001	0.114	0.884	0.001
0.001	0.001	0.997	0.001
0.001	0.001	0.864	0.134
0.001	0.997	0.001	0.001
0.001	0.997	0.001	0.001
0.001	0.001	0.001	0.997
>TGACAACA	14-TGACAACA	8.440016	-15.957695	0	T:276.0(6.65%),B:203.0(4.18%),P:1e-6	Tpos:140.3,Tstd:92.8,Bpos:129.7,Bstd:75.7,StrandBias:0.0,Multiplicity:1.08
0.001	0.104	0.166	0.729
0.001	0.001	0.997	0.001
0.997	0.001	0.001	0.001
0.001	0.997	0.001	0.001
0.997	0.001	0.001	0.001
0.849	0.001	0.001	0.149
0.186	0.812	0.001	0.001
0.997	0.001	0.001	0.001
>AACCCCGG	15-AACCCCGG	8.236954	-15.584623	0	T:31.0(0.75%),B:4.8(0.10%),P:1e-6	Tpos:164.6,Tstd:88.5,Bpos:90.2,Bstd:31.2,StrandBias:-0.2,Multiplicity:1.00
0.700	0.100	0.100	0.100
0.700	0.100	0.100	0.100
0.100	0.700	0.100	0.100
0.100	0.700	0.100	0.100
0.100	0.700	0.100	0.100
0.100	0.700	0.100	0.100
0.100	0.100	0.700	0.100
0.100	0.100	0.700	0.100
>GTAATAGC	16-GTAATAGC	9.616888	-14.878402	0	T:50.0(1.21%),B:15.7(0.32%),P:1e-6	Tpos:151.4,Tstd:120.1,Bpos:158.2,Bstd:91.7,StrandBias:0.2,Multiplicity:1.00
0.001	0.001	0.997	0.001
0.001	0.001	0.234	0.764
0.997	0.001	0.001	0.001
0.997	0.001	0.001	0.001
0.001	0.001	0.001	0.997
0.997	0.001	0.001	0.001
0.001	0.001	0.997	0.001
0.001	0.997	0.001	0.001
>CCGCGGCG	17-CCGCGGCG	7.092133	-11.778927	0	T:396.0(9.55%),B:341.2(7.02%),P:1e-5	Tpos:164.8,Tstd:107.3,Bpos:151.9,Bstd:189.4,StrandBias:0.1,Multiplicity:1.67
0.020	0.833	0.072	0.075
0.001	0.817	0.143	0.039
0.034	0.001	0.942	0.023
0.026	0.935	0.038	0.001
0.001	0.159	0.839	0.001
0.032	0.001	0.932	0.035
0.046	0.917	0.036	0.001
0.001	0.147	0.851	0.001
>GCCGCGCG	18-GCCGCGCG	9.871994	-10.532238	0	T:108.0(2.60%),B:68.3(1.41%),P:1e-4	Tpos:170.5,Tstd:91.1,Bpos:136.7,Bstd:144.4,StrandBias:0.1,Multiplicity:1.12
0.001	0.001	0.997	0.001
0.001	0.696	0.001	0.302
0.001	0.997	0.001	0.001
0.001	0.001	0.997	0.001
0.001	0.997	0.001	0.001
0.001	0.001	0.997	0.001
0.001	0.997	0.001	0.001
0.001	0.001	0.997	0.001
>CACACACA	19-CACACACA	5.705541	-9.819444	0	T:758.0(18.27%),B:739.6(15.21%),P:1e-4	Tpos:148.2,Tstd:97.1,Bpos:140.8,Bstd:113.7,StrandBias:-0.1,Multiplicity:1.36
0.001	0.932	0.001	0.066
0.955	0.001	0.043	0.001
0.001	0.932	0.066	0.001
0.856	0.087	0.001	0.056
0.001	0.997	0.001	0.001
0.952	0.001	0.046	0.001
0.001	0.914	0.001	0.084
0.917	0.001	0.081	0.001
