>CTCGCGCGGGCG	1-CTCGCGCGGGCG	7.713877	-34.096914	0	T:63.0(1.52%),B:6.7(0.14%),P:1e-14	Tpos:162.8,Tstd:92.3,Bpos:86.0,Bstd:0.0,StrandBias:-0.5,Multiplicity:1.06
0.001	0.997	0.001	0.001
0.001	0.085	0.233	0.681
0.001	0.766	0.232	0.001
0.001	0.131	0.867	0.001
0.001	0.997	0.001	0.001
0.001	0.001	0.997	0.001
0.001	0.997	0.001	0.001
0.001	0.001	0.997	0.001
0.001	0.001	0.997	0.001
0.001	0.001	0.997	0.001
0.001	0.766	0.232	0.001
0.001	0.001	0.997	0.001
>GCCGCCGGGGAS	2-GCCGCCGGGGAS	10.382114	-33.468756	0	T:43.0(1.04%),B:0.9(0.02%),P:1e-14	Tpos:142.1,Tstd:101.8,Bpos:219.0,Bstd:0.0,StrandBias:0.5,Multiplicity:1.00
0.104	0.232	0.564	0.100
0.044	0.801	0.142	0.013
0.118	0.628	0.141	0.113
0.030	0.083	0.787	0.100
0.022	0.865	0.087	0.026
0.100	0.690	0.144	0.066
0.087	0.113	0.726	0.074
0.035	0.044	0.903	0.018
0.022	0.022	0.934	0.022
0.026	0.122	0.839	0.013
0.476	0.261	0.219	0.044
0.131	0.381	0.406	0.083
>CGGGCTGCGAGC	3-CGGGCTGCGAGC	10.787166	-31.036824	0	T:44.0(1.06%),B:1.7(0.04%),P:1e-13	Tpos:151.2,Tstd:88.4,Bpos:230.3,Bstd:24.1,StrandBias:0.1,Multiplicity:1.02
0.032	0.778	0.158	0.032
0.095	0.016	0.857	0.032
0.032	0.017	0.919	0.032
0.016	0.112	0.856	0.016
0.016	0.872	0.080	0.032
0.047	0.111	0.096	0.746
0.016	0.080	0.888	0.016
0.112	0.697	0.142	0.049
0.016	0.065	0.886	0.033
0.711	0.177	0.080	0.032
0.065	0.032	0.887	0.016
0.001	0.920	0.078	0.001
>TTATTATTAWTA	4-TTATTATTAWTA	6.311688	-29.872699	0	T:840.0(20.25%),B:699.2(14.38%),P:1e-12	Tpos:150.7,Tstd:101.9,Bpos:138.6,Bstd:108.9,StrandBias:-0.0,Multiplicity:1.30
0.281	0.009	0.032	0.678
0.064	0.114	0.196	0.626
0.719	0.057	0.087	0.137
0.125	0.060	0.014	0.801
0.046	0.036	0.064	0.854
0.804	0.027	0.068	0.101
0.158	0.078	0.175	0.589
0.212	0.014	0.036	0.738
0.689	0.041	0.142	0.128
0.411	0.036	0.018	0.535
0.046	0.041	0.027	0.886
0.671	0.046	0.192	0.091
>GCTGGGMGGCSG	5-GCTGGGMGGCSG	10.751707	-29.711546	0	T:74.0(1.78%),B:14.5(0.30%),P:1e-12	Tpos:165.6,Tstd:112.5,Bpos:140.7,Bstd:91.5,StrandBias:0.1,Multiplicity:1.04
0.001	0.001	0.975	0.023
0.097	0.898	0.004	0.001
0.004	0.004	0.292	0.700
0.001	0.001	0.995	0.003
0.001	0.096	0.902	0.001
0.001	0.096	0.902	0.001
0.462	0.536	0.001	0.001
0.001	0.001	0.997	0.001
0.001	0.001	0.997	0.001
0.001	0.991	0.007	0.001
0.265	0.440	0.293	0.001
0.001	0.193	0.805	0.001
>CCCGGCCGGCCC	6-CCCGGCCGGCCC	11.256251	-29.320569	0	T:63.0(1.52%),B:9.1(0.19%),P:1e-12	Tpos:130.3,Tstd:76.7,Bpos:228.4,Bstd:37.5,StrandBias:-0.0,Multiplicity:1.07
0.001	0.739	0.167	0.093
0.001	0.997	0.001	0.001
0.005	0.552	0.346	0.097
0.001	0.001	0.913	0.085
0.081	0.001	0.751	0.167
0.001	0.997	0.001	0.001
0.092	0.721	0.005	0.182
0.001	0.001	0.748	0.250
0.005	0.269	0.721	0.005
0.001	0.897	0.101	0.001
0.001	0.979	0.015	0.005
0.086	0.827	0.086	0.001
>CCAGGGCGGGCA	7-CCAGGGCGGGCA	11.116140	-26.851334	0	T:50.0(1.21%),B:5.5(0.11%),P:1e-11	Tpos:121.1,Tstd:82.2,Bpos:184.3,Bstd:65.9,StrandBias:0.3,Multiplicity:1.00
0.001	0.870	0.128	0.001
0.001	0.997	0.001	0.001
0.883	0.001	0.115	0.001
0.001	0.001	0.997	0.001
0.001	0.001	0.997	0.001
0.001	0.245	0.745	0.009
0.117	0.881	0.001	0.001
0.116	0.174	0.695	0.015
0.004	0.178	0.817	0.001
0.116	0.241	0.642	0.001
0.178	0.808	0.013	0.001
0.683	0.005	0.187	0.125
>GGGAGCSGGAGA	8-GGGAGCSGGAGA	12.315162	-26.492310	0	T:38.0(0.92%),B:1.3(0.03%),P:1e-11	Tpos:127.1,Tstd:76.7,Bpos:106.4,Bstd:36.3,StrandBias:-0.6,Multiplicity:1.11
0.001	0.187	0.811	0.001
0.001	0.001	0.997	0.001
0.001	0.001	0.997	0.001
0.716	0.182	0.101	0.001
0.001	0.001	0.997	0.001
0.172	0.502	0.325	0.001
0.081	0.454	0.439	0.025
0.101	0.081	0.817	0.001
0.001	0.001	0.997	0.001
0.750	0.248	0.001	0.001
0.001	0.001	0.997	0.001
0.804	0.175	0.020	0.001
>GCCCGCCTGCTG	9-GCCCGCCTGCTG	10.450622	-26.285681	0	T:41.0(0.99%),B:2.6(0.05%),P:1e-11	Tpos:147.2,Tstd:91.6,Bpos:232.4,Bstd:176.1,StrandBias:0.7,Multiplicity:1.03
0.024	0.084	0.832	0.060
0.012	0.893	0.059	0.036
0.043	0.843	0.085	0.029
0.101	0.754	0.073	0.072
0.071	0.101	0.773	0.055
0.036	0.825	0.127	0.012
0.017	0.935	0.012	0.036
0.077	0.095	0.049	0.779
0.036	0.120	0.784	0.060
0.012	0.940	0.024	0.024
0.091	0.084	0.079	0.746
0.012	0.049	0.915	0.024
>SGCSGCGGCGGC	10-SGCSGCGGCGGC	10.360749	-25.529651	0	T:199.0(4.80%),B:107.4(2.21%),P:1e-11	Tpos:169.9,Tstd:112.8,Bpos:176.6,Bstd:164.0,StrandBias:0.1,Multiplicity:1.35
0.001	0.484	0.514	0.001
0.001	0.163	0.835	0.001
0.025	0.802	0.130	0.043
0.094	0.421	0.484	0.001
0.001	0.001	0.997	0.001
0.095	0.825	0.001	0.079
0.001	0.374	0.624	0.001
0.001	0.001	0.997	0.001
0.036	0.924	0.001	0.039
0.001	0.243	0.660	0.096
0.001	0.249	0.749	0.001
0.062	0.902	0.035	0.001
>GAGCCGCCCCTG	11-GAGCCGCCCCTG	10.192493	-24.111447	0	T:46.0(1.11%),B:5.4(0.11%),P:1e-10	Tpos:127.6,Tstd:85.7,Bpos:210.2,Bstd:129.0,StrandBias:-0.3,Multiplicity:1.00
0.064	0.229	0.661	0.046
0.554	0.168	0.208	0.070
0.006	0.183	0.772	0.039
0.023	0.845	0.109	0.023
0.146	0.617	0.127	0.110
0.017	0.147	0.597	0.239
0.040	0.801	0.104	0.055
0.023	0.843	0.081	0.053
0.081	0.722	0.076	0.121
0.040	0.853	0.070	0.037
0.087	0.110	0.101	0.702
0.023	0.158	0.755	0.064
>CCCGCCCGAGCC	12-CCCGCCCGAGCC	10.825455	-24.104236	0	T:31.0(0.75%),B:0.6(0.01%),P:1e-10	Tpos:139.9,Tstd:103.9,Bpos:247.0,Bstd:0.0,StrandBias:0.0,Multiplicity:1.07
0.038	0.792	0.106	0.064
0.034	0.814	0.094	0.058
0.104	0.706	0.121	0.069
0.079	0.126	0.688	0.107
0.030	0.823	0.110	0.037
0.037	0.821	0.091	0.051
0.089	0.730	0.106	0.075
0.075	0.180	0.683	0.062
0.539	0.208	0.192	0.061
0.054	0.124	0.769	0.053
0.051	0.799	0.093	0.057
0.042	0.835	0.058	0.065
>CGCGCCCGGAGG	13-CGCGCCCGGAGG	12.727936	-24.104236	0	T:31.0(0.75%),B:0.0(0.00%),P:1e-10	Tpos:118.0,Tstd:78.4,Bpos:0.0,Bstd:0.0,StrandBias:0.3,Multiplicity:1.03
0.001	0.946	0.052	0.001
0.001	0.052	0.946	0.001
0.001	0.894	0.104	0.001
0.001	0.052	0.895	0.052
0.001	0.946	0.001	0.052
0.001	0.946	0.052	0.001
0.053	0.841	0.053	0.053
0.052	0.052	0.895	0.001
0.052	0.001	0.946	0.001
0.946	0.052	0.001	0.001
0.001	0.052	0.895	0.052
0.001	0.052	0.946	0.001
>GAAGTGGGAGTG	14-GAAGTGGGAGTG	12.643819	-23.477545	0	T:34.0(0.82%),B:1.7(0.03%),P:1e-10	Tpos:139.0,Tstd:83.9,Bpos:149.3,Bstd:86.0,StrandBias:-0.2,Multiplicity:1.06
0.001	0.001	0.949	0.049
0.849	0.001	0.149	0.001
0.949	0.001	0.049	0.001
0.050	0.050	0.899	0.001
0.050	0.001	0.050	0.899
0.001	0.001	0.997	0.001
0.001	0.001	0.949	0.049
0.001	0.001	0.997	0.001
0.800	0.100	0.050	0.050
0.001	0.049	0.949	0.001
0.050	0.001	0.050	0.899
0.001	0.050	0.899	0.050
>GCGCGGGGCGWG	15-GCGCGGGGCGWG	12.610510	-22.770987	0	T:39.0(0.94%),B:3.8(0.08%),P:1e-9	Tpos:146.4,Tstd:90.4,Bpos:156.4,Bstd:23.8,StrandBias:0.5,Multiplicity:1.05
0.001	0.047	0.951	0.001
0.001	0.723	0.237	0.039
0.001	0.124	0.874	0.001
0.001	0.878	0.120	0.001
0.040	0.046	0.874	0.040
0.040	0.045	0.913	0.002
0.042	0.085	0.833	0.040
0.001	0.080	0.918	0.001
0.079	0.761	0.159	0.001
0.001	0.045	0.953	0.001
0.398	0.062	0.223	0.316
0.001	0.078	0.920	0.001
>GGCCCCAGGTGG	16-GGCCCCAGGTGG	9.939977	-22.405629	0	T:48.0(1.16%),B:7.7(0.16%),P:1e-9	Tpos:167.1,Tstd:125.8,Bpos:189.5,Bstd:91.8,StrandBias:0.2,Multiplicity:1.00
0.081	0.050	0.772	0.097
0.061	0.138	0.731	0.070
0.058	0.754	0.116	0.072
0.069	0.751	0.083	0.097
0.075	0.752	0.097	0.076
0.073	0.775	0.088	0.064
0.680	0.081	0.116	0.123
0.072	0.061	0.813	0.054
0.069	0.121	0.763	0.047
0.125	0.106	0.140	0.629
0.045	0.050	0.832	0.073
0.072	0.103	0.747	0.078
>AGCCGGGGCGCG	17-AGCCGGGGCGCG	10.949640	-21.901644	0	T:35.0(0.84%),B:2.4(0.05%),P:1e-9	Tpos:153.0,Tstd:100.3,Bpos:0.0,Bstd:0.0,StrandBias:-0.3,Multiplicity:1.12
0.689	0.156	0.154	0.001
0.001	0.051	0.947	0.001
0.001	0.894	0.104	0.001
0.001	0.889	0.084	0.026
0.001	0.104	0.817	0.078
0.130	0.160	0.709	0.001
0.026	0.001	0.972	0.001
0.001	0.082	0.916	0.001
0.001	0.861	0.082	0.056
0.157	0.052	0.713	0.078
0.026	0.835	0.113	0.026
0.135	0.001	0.756	0.108
>CTCAGCAGTTTT	18-CTCAGCAGTTTT	9.923791	-21.359452	0	T:67.0(1.62%),B:18.4(0.38%),P:1e-9	Tpos:154.6,Tstd:87.1,Bpos:194.7,Bstd:193.1,StrandBias:0.0,Multiplicity:1.00
0.033	0.898	0.033	0.036
0.116	0.050	0.017	0.817
0.018	0.847	0.051	0.084
0.883	0.033	0.018	0.066
0.068	0.083	0.783	0.066
0.050	0.865	0.035	0.050
0.868	0.033	0.033	0.066
0.100	0.017	0.716	0.167
0.033	0.068	0.033	0.866
0.051	0.033	0.051	0.865
0.033	0.066	0.066	0.835
0.051	0.136	0.033	0.780
>CTCCGGGGAGGA	19-CTCCGGGGAGGA	10.085903	-20.265743	0	T:65.0(1.57%),B:18.3(0.38%),P:1e-8	Tpos:133.0,Tstd:88.3,Bpos:127.6,Bstd:80.6,StrandBias:0.2,Multiplicity:1.03
0.069	0.846	0.051	0.034
0.051	0.105	0.034	0.810
0.037	0.739	0.121	0.103
0.086	0.826	0.037	0.051
0.154	0.054	0.741	0.051
0.034	0.034	0.931	0.001
0.051	0.017	0.863	0.069
0.068	0.139	0.792	0.001
0.861	0.088	0.017	0.034
0.017	0.054	0.928	0.001
0.051	0.069	0.846	0.034
0.839	0.020	0.104	0.037
>GGCCTCGGGCTC	20-GGCCTCGGGCTC	10.549960	-19.072389	0	T:56.0(1.35%),B:14.6(0.30%),P:1e-8	Tpos:140.9,Tstd:84.9,Bpos:164.1,Bstd:137.4,StrandBias:-0.4,Multiplicity:1.11
0.079	0.001	0.841	0.079
0.001	0.082	0.878	0.039
0.001	0.788	0.171	0.040
0.001	0.880	0.001	0.118
0.001	0.213	0.162	0.624
0.040	0.869	0.040	0.051
0.132	0.169	0.659	0.040
0.039	0.079	0.881	0.001
0.001	0.049	0.871	0.079
0.001	0.959	0.039	0.001
0.001	0.039	0.089	0.871
0.001	0.875	0.082	0.042
>CCCGGCTCGCCC	21-CCCGGCTCGCCC	10.409522	-18.621100	0	T:40.0(0.96%),B:6.5(0.13%),P:1e-8	Tpos:132.6,Tstd:94.2,Bpos:143.4,Bstd:47.5,StrandBias:0.4,Multiplicity:1.05
0.100	0.700	0.100	0.100
0.100	0.700	0.100	0.100
0.100	0.700	0.100	0.100
0.100	0.100	0.700	0.100
0.100	0.100	0.700	0.100
0.100	0.700	0.100	0.100
0.100	0.100	0.100	0.700
0.100	0.700	0.100	0.100
0.100	0.100	0.700	0.100
0.100	0.700	0.100	0.100
0.100	0.700	0.100	0.100
0.100	0.700	0.100	0.100
>ACACACACACAC	22-ACACACACACAC	6.901849	-14.036021	0	T:552.0(13.31%),B:488.4(10.05%),P:1e-6	Tpos:148.5,Tstd:97.3,Bpos:139.8,Bstd:89.8,StrandBias:-0.1,Multiplicity:1.28
0.711	0.112	0.098	0.079
0.082	0.770	0.062	0.086
0.738	0.096	0.075	0.091
0.073	0.768	0.080	0.079
0.752	0.098	0.081	0.069
0.075	0.745	0.091	0.089
0.779	0.087	0.046	0.088
0.072	0.764	0.082	0.082
0.770	0.099	0.053	0.078
0.080	0.759	0.074	0.087
0.742	0.117	0.064	0.077
0.082	0.704	0.102	0.112
>AGCTCAGCCCAG	23-AGCTCAGCCCAG	11.193961	-13.573315	0	T:32.0(0.77%),B:6.8(0.14%),P:1e-5	Tpos:163.1,Tstd:98.8,Bpos:141.8,Bstd:45.8,StrandBias:1.7,Multiplicity:1.44
0.962	0.036	0.001	0.001
0.037	0.037	0.889	0.037
0.001	0.925	0.001	0.073
0.037	0.222	0.037	0.704
0.001	0.997	0.001	0.001
0.997	0.001	0.001	0.001
0.036	0.001	0.962	0.001
0.001	0.997	0.001	0.001
0.001	0.777	0.001	0.221
0.001	0.997	0.001	0.001
0.925	0.001	0.001	0.073
0.001	0.001	0.962	0.036
>CGGGCCGTGCGG	24-CGGGCCGTGCGG	9.583820	-11.687142	0	T:27.0(0.65%),B:5.4(0.11%),P:1e-5	Tpos:155.0,Tstd:96.2,Bpos:0.0,Bstd:0.0,StrandBias:1.4,Multiplicity:1.04
0.114	0.603	0.175	0.108
0.104	0.107	0.678	0.111
0.073	0.116	0.746	0.065
0.059	0.127	0.753	0.061
0.073	0.706	0.161	0.060
0.122	0.608	0.141	0.129
0.078	0.211	0.624	0.087
0.107	0.181	0.201	0.511
0.046	0.108	0.803	0.043
0.112	0.605	0.188	0.095
0.121	0.115	0.639	0.125
0.062	0.144	0.726	0.068
>GAATGGAGTGGA	25-GAATGGAGTGGA	11.005462	-11.676852	0	T:25.0(0.60%),B:4.2(0.09%),P:1e-5	Tpos:118.0,Tstd:71.7,Bpos:113.3,Bstd:44.5,StrandBias:3.8,Multiplicity:2.64
0.278	0.001	0.720	0.001
0.730	0.001	0.204	0.065
0.754	0.001	0.244	0.001
0.038	0.001	0.001	0.960
0.063	0.001	0.873	0.063
0.001	0.001	0.997	0.001
0.806	0.001	0.128	0.065
0.142	0.128	0.729	0.001
0.001	0.001	0.063	0.935
0.063	0.001	0.935	0.001
0.204	0.215	0.570	0.011
0.935	0.001	0.063	0.001
