>HATTAGCAVC	1-HATTAGCAVC	5.961804	-42.749365	0	T:987.0(23.79%),B:791.5(16.28%),P:1e-18	Tpos:151.4,Tstd:99.7,Bpos:146.0,Bstd:95.8,StrandBias:0.0,Multiplicity:1.21
0.393	0.337	0.001	0.269
0.654	0.136	0.013	0.197
0.200	0.001	0.052	0.747
0.162	0.001	0.001	0.836
0.688	0.117	0.016	0.179
0.283	0.003	0.604	0.110
0.136	0.605	0.062	0.197
0.877	0.121	0.001	0.001
0.297	0.418	0.272	0.013
0.185	0.583	0.001	0.231
>MCGGSCCGCG	2-MCGGSCCGCG	8.933935	-40.406581	0	T:147.0(3.54%),B:46.0(0.95%),P:1e-17	Tpos:160.6,Tstd:98.8,Bpos:123.7,Bstd:141.5,StrandBias:0.2,Multiplicity:1.18
0.361	0.440	0.088	0.111
0.001	0.928	0.056	0.015
0.085	0.024	0.746	0.145
0.061	0.213	0.712	0.014
0.024	0.479	0.467	0.030
0.001	0.945	0.030	0.024
0.037	0.767	0.012	0.184
0.139	0.086	0.619	0.156
0.097	0.672	0.230	0.001
0.012	0.012	0.939	0.037
>GCGAGAACCG	3-GCGAGAACCG	6.330535	-34.708062	0	T:90.0(2.17%),B:18.8(0.39%),P:1e-15	Tpos:153.4,Tstd:94.9,Bpos:101.1,Bstd:134.4,StrandBias:-0.1,Multiplicity:1.06
0.105	0.142	0.648	0.105
0.129	0.584	0.154	0.133
0.138	0.154	0.605	0.103
0.574	0.135	0.181	0.110
0.120	0.136	0.656	0.088
0.578	0.170	0.156	0.096
0.549	0.165	0.183	0.103
0.102	0.639	0.156	0.103
0.144	0.584	0.136	0.136
0.133	0.149	0.583	0.135
>TAATATTAAT	4-TAATATTAAT	7.263706	-32.874211	0	T:296.0(7.14%),B:170.3(3.50%),P:1e-14	Tpos:157.7,Tstd:107.1,Bpos:144.1,Bstd:114.4,StrandBias:-0.0,Multiplicity:1.10
0.119	0.072	0.073	0.736
0.777	0.109	0.074	0.040
0.742	0.084	0.018	0.156
0.068	0.029	0.017	0.886
0.846	0.035	0.052	0.067
0.115	0.072	0.069	0.744
0.070	0.037	0.078	0.815
0.820	0.066	0.027	0.087
0.810	0.065	0.056	0.069
0.064	0.061	0.045	0.830
>CGGTCCGCCC	5-CGGTCCGCCC	8.743657	-32.672167	0	T:121.0(2.92%),B:38.7(0.80%),P:1e-14	Tpos:153.2,Tstd:105.4,Bpos:161.6,Bstd:157.7,StrandBias:0.6,Multiplicity:1.06
0.012	0.845	0.087	0.056
0.038	0.146	0.677	0.139
0.053	0.073	0.826	0.048
0.012	0.163	0.192	0.633
0.012	0.886	0.048	0.054
0.058	0.818	0.067	0.057
0.024	0.114	0.795	0.067
0.024	0.829	0.090	0.057
0.023	0.871	0.074	0.032
0.077	0.827	0.050	0.046
>TTCGCCCCCC	6-TTCGCCCCCC	9.421013	-32.606347	0	T:68.0(1.64%),B:9.8(0.20%),P:1e-14	Tpos:171.5,Tstd:90.4,Bpos:96.9,Bstd:83.4,StrandBias:0.9,Multiplicity:1.03
0.001	0.118	0.001	0.880
0.001	0.107	0.180	0.712
0.001	0.963	0.035	0.001
0.001	0.036	0.947	0.016
0.035	0.963	0.001	0.001
0.072	0.856	0.036	0.036
0.001	0.927	0.071	0.001
0.001	0.891	0.072	0.036
0.001	0.927	0.071	0.001
0.001	0.963	0.001	0.035
>GGACCGCGTC	7-GGACCGCGTC	8.649712	-31.715213	0	T:57.0(1.37%),B:5.6(0.11%),P:1e-13	Tpos:143.9,Tstd:90.8,Bpos:126.7,Bstd:28.1,StrandBias:-0.7,Multiplicity:1.04
0.043	0.043	0.852	0.062
0.036	0.079	0.835	0.050
0.699	0.088	0.120	0.093
0.029	0.728	0.200	0.043
0.043	0.797	0.100	0.060
0.029	0.055	0.880	0.036
0.079	0.796	0.089	0.036
0.036	0.050	0.866	0.048
0.036	0.144	0.128	0.692
0.029	0.864	0.064	0.043
>GCGGCCGCGG	8-GCGGCCGCGG	9.365794	-28.978557	0	T:222.0(5.35%),B:118.6(2.44%),P:1e-12	Tpos:164.0,Tstd:108.0,Bpos:168.9,Bstd:183.6,StrandBias:0.0,Multiplicity:1.32
0.001	0.042	0.947	0.010
0.031	0.816	0.023	0.130
0.001	0.147	0.851	0.001
0.040	0.029	0.911	0.020
0.020	0.917	0.053	0.010
0.103	0.787	0.109	0.001
0.001	0.001	0.997	0.001
0.051	0.947	0.001	0.001
0.085	0.001	0.894	0.020
0.001	0.001	0.959	0.039
>GCCCCCTACT	9-GCCCCCTACT	7.324411	-27.932179	0	T:259.0(6.24%),B:151.8(3.12%),P:1e-12	Tpos:143.8,Tstd:109.8,Bpos:150.2,Bstd:92.8,StrandBias:0.3,Multiplicity:1.06
0.080	0.133	0.652	0.135
0.082	0.743	0.089	0.086
0.136	0.723	0.057	0.084
0.156	0.587	0.139	0.118
0.075	0.786	0.038	0.101
0.065	0.791	0.075	0.069
0.105	0.248	0.088	0.559
0.544	0.193	0.125	0.138
0.091	0.682	0.116	0.111
0.123	0.072	0.107	0.698
>GCCTCCGGTC	10-GCCTCCGGTC	8.455961	-27.574211	0	T:117.0(2.82%),B:42.4(0.87%),P:1e-11	Tpos:144.1,Tstd:86.4,Bpos:160.0,Bstd:174.3,StrandBias:0.1,Multiplicity:1.05
0.063	0.098	0.759	0.080
0.026	0.852	0.103	0.019
0.031	0.881	0.015	0.073
0.053	0.073	0.055	0.819
0.034	0.849	0.092	0.025
0.057	0.827	0.066	0.050
0.041	0.084	0.844	0.031
0.033	0.166	0.764	0.037
0.033	0.122	0.214	0.631
0.029	0.779	0.100	0.092
>AGAGCCTCBT	11-AGAGCCTCBT	9.108974	-27.096091	0	T:132.0(3.18%),B:53.3(1.10%),P:1e-11	Tpos:150.9,Tstd:98.2,Bpos:158.0,Bstd:95.7,StrandBias:0.3,Multiplicity:1.01
0.997	0.001	0.001	0.001
0.001	0.001	0.964	0.034
0.964	0.034	0.001	0.001
0.001	0.295	0.703	0.001
0.001	0.964	0.001	0.034
0.001	0.997	0.001	0.001
0.079	0.001	0.138	0.782
0.001	0.691	0.307	0.001
0.100	0.241	0.367	0.292
0.242	0.048	0.111	0.599
>GGTCTCGGGC	12-GGTCTCGGGC	8.295084	-25.970634	0	T:221.0(5.33%),B:124.9(2.57%),P:1e-11	Tpos:153.4,Tstd:95.6,Bpos:133.5,Bstd:148.5,StrandBias:-0.1,Multiplicity:1.07
0.001	0.001	0.997	0.001
0.001	0.138	0.860	0.001
0.068	0.063	0.168	0.701
0.001	0.809	0.101	0.089
0.026	0.140	0.015	0.819
0.001	0.844	0.072	0.083
0.122	0.143	0.514	0.221
0.001	0.045	0.938	0.016
0.001	0.107	0.818	0.074
0.092	0.696	0.067	0.145
>AGYGGGTAGT	13-AGYGGGTAGT	9.315503	-24.763749	0	T:58.0(1.40%),B:10.9(0.22%),P:1e-10	Tpos:151.7,Tstd:82.5,Bpos:199.7,Bstd:122.6,StrandBias:-0.5,Multiplicity:1.02
0.991	0.001	0.007	0.001
0.051	0.047	0.855	0.047
0.004	0.516	0.004	0.476
0.052	0.098	0.625	0.225
0.001	0.181	0.817	0.001
0.007	0.134	0.600	0.259
0.048	0.047	0.001	0.904
0.551	0.001	0.053	0.395
0.026	0.004	0.789	0.181
0.389	0.004	0.001	0.606
>AGGTGYCCCC	14-AGGTGYCCCC	7.999710	-24.100572	0	T:252.0(6.08%),B:156.0(3.21%),P:1e-10	Tpos:170.9,Tstd:101.9,Bpos:141.7,Bstd:121.5,StrandBias:-0.0,Multiplicity:1.09
0.567	0.400	0.032	0.001
0.016	0.114	0.869	0.001
0.039	0.232	0.728	0.001
0.105	0.001	0.370	0.524
0.001	0.001	0.992	0.006
0.091	0.402	0.190	0.316
0.001	0.850	0.001	0.148
0.121	0.835	0.001	0.043
0.108	0.700	0.066	0.126
0.118	0.601	0.280	0.001
>GTCCAGGTCC	15-GTCCAGGTCC	10.197214	-23.514964	0	T:56.0(1.35%),B:10.7(0.22%),P:1e-10	Tpos:156.0,Tstd:94.0,Bpos:164.3,Bstd:82.4,StrandBias:0.1,Multiplicity:1.00
0.069	0.180	0.750	0.001
0.001	0.087	0.143	0.769
0.001	0.997	0.001	0.001
0.001	0.997	0.001	0.001
0.930	0.001	0.068	0.001
0.001	0.034	0.964	0.001
0.001	0.001	0.997	0.001
0.104	0.001	0.114	0.781
0.034	0.907	0.058	0.001
0.001	0.964	0.034	0.001
>HRCGCGCGSC	16-HRCGCGCGSC	8.690652	-21.754176	0	T:90.0(2.17%),B:32.1(0.66%),P:1e-9	Tpos:168.1,Tstd:110.6,Bpos:116.7,Bstd:175.1,StrandBias:-0.4,Multiplicity:1.12
0.207	0.302	0.165	0.326
0.481	0.114	0.345	0.059
0.337	0.641	0.001	0.021
0.001	0.001	0.900	0.098
0.066	0.653	0.241	0.040
0.001	0.176	0.763	0.060
0.001	0.997	0.001	0.001
0.001	0.301	0.598	0.100
0.001	0.454	0.544	0.001
0.001	0.997	0.001	0.001
>TGCGCTTHCC	17-TGCGCTTHCC	6.568887	-21.134093	0	T:78.0(1.88%),B:25.4(0.52%),P:1e-9	Tpos:138.6,Tstd:89.4,Bpos:131.3,Bstd:100.3,StrandBias:1.1,Multiplicity:1.05
0.210	0.266	0.050	0.474
0.075	0.206	0.693	0.026
0.105	0.586	0.094	0.215
0.162	0.120	0.533	0.185
0.078	0.623	0.182	0.117
0.078	0.255	0.118	0.549
0.078	0.263	0.188	0.472
0.340	0.246	0.110	0.303
0.079	0.640	0.132	0.149
0.135	0.603	0.130	0.132
>TACGGAGACC	18-TACGGAGACC	7.929459	-20.804692	0	T:82.0(1.98%),B:28.3(0.58%),P:1e-9	Tpos:122.6,Tstd:79.8,Bpos:127.7,Bstd:80.2,StrandBias:0.2,Multiplicity:1.00
0.068	0.184	0.056	0.692
0.744	0.085	0.072	0.099
0.054	0.717	0.101	0.128
0.046	0.045	0.792	0.117
0.055	0.074	0.858	0.013
0.862	0.046	0.055	0.037
0.030	0.091	0.870	0.009
0.814	0.075	0.079	0.032
0.068	0.818	0.077	0.037
0.050	0.845	0.046	0.059
>TCCGCTTGCG	19-TCCGCTTGCG	8.172980	-18.649985	0	T:62.0(1.49%),B:18.8(0.39%),P:1e-8	Tpos:149.5,Tstd:89.3,Bpos:78.7,Bstd:121.2,StrandBias:-0.0,Multiplicity:1.02
0.029	0.118	0.069	0.784
0.029	0.844	0.069	0.058
0.069	0.830	0.033	0.068
0.058	0.077	0.834	0.031
0.039	0.855	0.058	0.048
0.048	0.147	0.063	0.742
0.029	0.111	0.030	0.830
0.058	0.165	0.700	0.077
0.030	0.810	0.116	0.044
0.059	0.108	0.784	0.049
>CCGCCGCACT	20-CCGCCGCACT	8.878539	-17.536371	0	T:107.0(2.58%),B:51.9(1.07%),P:1e-7	Tpos:149.1,Tstd:88.2,Bpos:114.2,Bstd:202.8,StrandBias:-0.9,Multiplicity:1.13
0.001	0.997	0.001	0.001
0.026	0.922	0.026	0.026
0.011	0.001	0.936	0.052
0.001	0.997	0.001	0.001
0.001	0.894	0.001	0.104
0.026	0.247	0.661	0.066
0.001	0.947	0.051	0.001
0.764	0.001	0.130	0.105
0.001	0.973	0.001	0.025
0.001	0.001	0.045	0.953
>GGCCTACGGC	21-GGCCTACGGC	9.845900	-17.446943	0	T:46.0(1.11%),B:10.8(0.22%),P:1e-7	Tpos:164.1,Tstd:88.0,Bpos:98.5,Bstd:26.6,StrandBias:0.6,Multiplicity:1.09
0.001	0.001	0.976	0.022
0.001	0.050	0.948	0.001
0.001	0.997	0.001	0.001
0.001	0.948	0.050	0.001
0.051	0.089	0.051	0.809
0.672	0.305	0.001	0.022
0.001	0.847	0.101	0.051
0.001	0.001	0.948	0.050
0.001	0.001	0.997	0.001
0.001	0.897	0.051	0.051
>CACCTACGCG	22-CACCTACGCG	8.245499	-17.392291	0	T:58.0(1.40%),B:17.4(0.36%),P:1e-7	Tpos:136.0,Tstd:96.4,Bpos:161.0,Bstd:141.2,StrandBias:-0.5,Multiplicity:1.10
0.021	0.916	0.021	0.042
0.740	0.152	0.083	0.025
0.021	0.865	0.062	0.052
0.046	0.860	0.062	0.032
0.063	0.074	0.125	0.738
0.706	0.057	0.153	0.084
0.042	0.911	0.026	0.021
0.042	0.112	0.755	0.091
0.066	0.779	0.109	0.046
0.076	0.047	0.742	0.135
>TCCACTCCAC	23-TCCACTCCAC	9.497337	-17.161277	0	T:67.0(1.62%),B:23.4(0.48%),P:1e-7	Tpos:125.3,Tstd:82.8,Bpos:131.2,Bstd:79.8,StrandBias:-1.9,Multiplicity:2.31
0.001	0.067	0.001	0.931
0.001	0.941	0.020	0.038
0.029	0.959	0.011	0.001
0.891	0.107	0.001	0.001
0.005	0.826	0.012	0.157
0.001	0.097	0.001	0.901
0.011	0.931	0.001	0.057
0.020	0.967	0.001	0.012
0.963	0.001	0.011	0.025
0.001	0.870	0.001	0.128
>ACACACACAC	24-ACACACACAC	6.999963	-15.701559	0	T:550.0(13.26%),B:476.4(9.80%),P:1e-6	Tpos:146.2,Tstd:97.3,Bpos:139.5,Bstd:94.7,StrandBias:-0.1,Multiplicity:1.29
0.768	0.083	0.109	0.040
0.030	0.819	0.054	0.097
0.815	0.043	0.098	0.044
0.054	0.818	0.049	0.079
0.766	0.096	0.082	0.056
0.088	0.742	0.069	0.101
0.864	0.034	0.059	0.043
0.043	0.814	0.067	0.076
0.841	0.060	0.062	0.037
0.042	0.761	0.081	0.116
>GGCAGCTTTG	25-GGCAGCTTTG	7.978553	-15.186432	0	T:185.0(4.46%),B:122.7(2.52%),P:1e-6	Tpos:140.7,Tstd:90.3,Bpos:152.0,Bstd:101.8,StrandBias:0.3,Multiplicity:1.04
0.116	0.001	0.786	0.097
0.001	0.141	0.785	0.073
0.095	0.884	0.020	0.001
0.753	0.169	0.031	0.047
0.035	0.062	0.811	0.092
0.127	0.697	0.078	0.098
0.193	0.047	0.101	0.659
0.029	0.005	0.091	0.875
0.015	0.015	0.002	0.968
0.057	0.067	0.780	0.096
