>TATTAAT	1-TATTAAT	6.080212	-34.111212	0	T:778.0(18.76%),B:617.1(12.69%),P:1e-14	Tpos:142.1,Tstd:100.0,Bpos:148.7,Bstd:113.2,StrandBias:-0.1,Multiplicity:1.30
0.084	0.047	0.020	0.849
0.867	0.062	0.070	0.001
0.152	0.029	0.001	0.818
0.001	0.001	0.001	0.997
0.945	0.001	0.001	0.053
0.853	0.049	0.043	0.055
0.069	0.085	0.075	0.771
>CTAATTA	2-CTAATTA	6.193726	-32.782072	0	T:612.0(14.75%),B:459.5(9.45%),P:1e-14	Tpos:152.5,Tstd:100.9,Bpos:147.5,Bstd:95.2,StrandBias:-0.1,Multiplicity:1.14
0.042	0.768	0.068	0.122
0.001	0.001	0.021	0.977
0.943	0.001	0.001	0.055
0.978	0.001	0.020	0.001
0.033	0.001	0.066	0.900
0.075	0.110	0.041	0.774
0.858	0.062	0.036	0.044
>GGTGCTA	3-GGTGCTA	5.872914	-21.337935	0	T:968.0(23.34%),B:880.4(18.11%),P:1e-9	Tpos:145.6,Tstd:98.1,Bpos:138.8,Bstd:105.2,StrandBias:0.1,Multiplicity:1.17
0.105	0.001	0.893	0.001
0.001	0.174	0.792	0.033
0.001	0.094	0.034	0.871
0.001	0.069	0.929	0.001
0.001	0.925	0.036	0.038
0.038	0.103	0.049	0.810
0.836	0.001	0.162	0.001
>ACACACA	4-ACACACA	7.227758	-14.897218	0	T:920.0(22.18%),B:873.3(17.96%),P:1e-6	Tpos:144.8,Tstd:97.0,Bpos:141.3,Bstd:98.6,StrandBias:0.0,Multiplicity:1.30
0.997	0.001	0.001	0.001
0.001	0.997	0.001	0.001
0.997	0.001	0.001	0.001
0.001	0.849	0.149	0.001
0.835	0.163	0.001	0.001
0.001	0.997	0.001	0.001
0.878	0.001	0.120	0.001
>TCCACTC	5-TCCACTC	5.588438	-13.567176	0	T:1063.0(25.63%),B:1040.3(21.40%),P:1e-5	Tpos:142.8,Tstd:99.2,Bpos:150.0,Bstd:108.5,StrandBias:-0.5,Multiplicity:1.37
0.001	0.240	0.001	0.758
0.001	0.997	0.001	0.001
0.001	0.785	0.090	0.124
0.997	0.001	0.001	0.001
0.001	0.824	0.001	0.174
0.001	0.001	0.001	0.997
0.073	0.925	0.001	0.001
>GTCGACC	6-GTCGACC	7.122083	-13.561579	0	T:30.0(0.72%),B:5.7(0.12%),P:1e-5	Tpos:136.0,Tstd:89.5,Bpos:189.1,Bstd:66.3,StrandBias:-0.3,Multiplicity:1.00
0.001	0.001	0.997	0.001
0.001	0.001	0.001	0.997
0.001	0.997	0.001	0.001
0.001	0.001	0.997	0.001
0.997	0.001	0.001	0.001
0.001	0.997	0.001	0.001
0.001	0.615	0.077	0.307
>ACGTCTG	7-ACGTCTG	4.860310	-11.639499	0	T:251.0(6.05%),B:197.8(4.07%),P:1e-5	Tpos:154.6,Tstd:90.1,Bpos:137.0,Bstd:121.1,StrandBias:-0.2,Multiplicity:1.07
0.997	0.001	0.001	0.001
0.001	0.997	0.001	0.001
0.001	0.001	0.997	0.001
0.001	0.001	0.001	0.997
0.001	0.912	0.001	0.086
0.001	0.094	0.103	0.802
0.093	0.001	0.905	0.001
>CCGCGGC	8-CCGCGGC	1.886996	-5.381280	0	T:2198.0(52.99%),B:2441.5(50.22%),P:1e-2	Tpos:155.8,Tstd:102.9,Bpos:137.4,Bstd:166.9,StrandBias:-0.0,Multiplicity:5.96
0.001	0.812	0.136	0.051
0.001	0.844	0.154	0.001
0.061	0.091	0.847	0.001
0.001	0.997	0.001	0.001
0.001	0.177	0.821	0.001
0.044	0.049	0.906	0.001
0.043	0.904	0.052	0.001
>TCGCGCG	9-TCGCGCG	6.264665	-3.296430	0	T:178.0(4.29%),B:172.8(3.55%),P:1e-1	Tpos:153.0,Tstd:98.2,Bpos:124.4,Bstd:97.1,StrandBias:0.2,Multiplicity:1.00
0.001	0.001	0.001	0.997
0.119	0.879	0.001	0.001
0.212	0.001	0.786	0.001
0.001	0.997	0.001	0.001
0.001	0.047	0.951	0.001
0.001	0.997	0.001	0.001
0.001	0.001	0.997	0.001
