>CCCCCCGCGTC	1-CCCCCCGCGTC	10.285892	-50.310119	0	T:94.0(2.27%),B:9.5(0.19%),P:1e-21	Tpos:159.5,Tstd:95.8,Bpos:200.3,Bstd:98.9,StrandBias:0.2,Multiplicity:1.09
0.001	0.784	0.001	0.214
0.001	0.822	0.176	0.001
0.107	0.891	0.001	0.001
0.001	0.724	0.006	0.269
0.001	0.997	0.001	0.001
0.008	0.990	0.001	0.001
0.107	0.001	0.891	0.001
0.001	0.609	0.389	0.001
0.107	0.001	0.785	0.107
0.001	0.334	0.001	0.664
0.001	0.997	0.001	0.001
>CGGCCCGGGCG	2-CGGCCCGGGCG	9.129453	-33.455531	0	T:86.0(2.07%),B:17.5(0.36%),P:1e-14	Tpos:165.0,Tstd:104.0,Bpos:216.0,Bstd:0.0,StrandBias:0.0,Multiplicity:1.05
0.036	0.706	0.227	0.031
0.184	0.035	0.617	0.164
0.011	0.286	0.675	0.028
0.028	0.669	0.268	0.035
0.017	0.623	0.249	0.111
0.187	0.757	0.021	0.035
0.024	0.319	0.612	0.045
0.043	0.234	0.602	0.121
0.024	0.228	0.731	0.017
0.162	0.603	0.202	0.033
0.102	0.028	0.699	0.171
>CGGGCGCGCTC	3-CGGGCGCGCTC	10.696777	-33.118918	0	T:59.0(1.42%),B:5.1(0.11%),P:1e-14	Tpos:152.2,Tstd:98.1,Bpos:177.0,Bstd:0.0,StrandBias:0.3,Multiplicity:1.12
0.028	0.914	0.001	0.057
0.001	0.056	0.942	0.001
0.056	0.001	0.942	0.001
0.001	0.085	0.913	0.001
0.001	0.970	0.001	0.028
0.001	0.001	0.970	0.028
0.001	0.970	0.028	0.001
0.028	0.115	0.856	0.001
0.001	0.914	0.057	0.028
0.001	0.115	0.172	0.712
0.001	0.970	0.028	0.001
>CCACCGTCGCG	4-CCACCGTCGCG	9.458642	-29.845882	0	T:80.0(1.93%),B:17.3(0.36%),P:1e-12	Tpos:158.8,Tstd:110.2,Bpos:117.9,Bstd:39.6,StrandBias:-0.7,Multiplicity:1.08
0.014	0.856	0.058	0.072
0.029	0.928	0.029	0.014
0.622	0.159	0.101	0.118
0.014	0.955	0.017	0.014
0.029	0.856	0.072	0.043
0.043	0.115	0.710	0.132
0.087	0.176	0.058	0.679
0.014	0.842	0.101	0.043
0.036	0.101	0.774	0.089
0.043	0.885	0.043	0.029
0.029	0.057	0.913	0.001
>CCGCCGCGGCS	5-CCGCCGCGGCS	9.164919	-27.775540	0	T:297.0(7.16%),B:184.0(3.79%),P:1e-12	Tpos:165.2,Tstd:111.4,Bpos:152.9,Bstd:185.9,StrandBias:0.1,Multiplicity:1.46
0.024	0.773	0.130	0.073
0.071	0.567	0.361	0.001
0.036	0.036	0.795	0.133
0.001	0.904	0.071	0.024
0.070	0.757	0.100	0.073
0.024	0.060	0.815	0.101
0.012	0.963	0.001	0.024
0.071	0.280	0.494	0.155
0.001	0.001	0.997	0.001
0.001	0.828	0.159	0.012
0.048	0.425	0.514	0.013
>TCTGCTCCCCC	6-TCTGCTCCCCC	8.909114	-26.954414	0	T:147.0(3.54%),B:64.1(1.32%),P:1e-11	Tpos:146.8,Tstd:87.3,Bpos:112.3,Bstd:93.7,StrandBias:-0.1,Multiplicity:1.00
0.054	0.138	0.063	0.745
0.047	0.859	0.071	0.023
0.062	0.098	0.091	0.749
0.024	0.097	0.826	0.053
0.054	0.840	0.064	0.042
0.077	0.102	0.061	0.760
0.038	0.829	0.030	0.103
0.014	0.893	0.020	0.073
0.041	0.877	0.037	0.045
0.056	0.791	0.061	0.092
0.071	0.836	0.039	0.054
>CCGCCCCCTTT	7-CCGCCCCCTTT	10.407625	-26.336063	0	T:44.0(1.06%),B:3.4(0.07%),P:1e-11	Tpos:190.7,Tstd:101.8,Bpos:126.0,Bstd:88.8,StrandBias:0.3,Multiplicity:1.07
0.010	0.848	0.141	0.001
0.070	0.894	0.035	0.001
0.141	0.040	0.713	0.106
0.001	0.997	0.001	0.001
0.001	0.928	0.001	0.070
0.001	0.882	0.035	0.082
0.001	0.785	0.179	0.035
0.001	0.854	0.038	0.107
0.035	0.233	0.071	0.661
0.071	0.216	0.081	0.632
0.001	0.178	0.001	0.820
>GCGGTCTCGCC	8-GCGGTCTCGCC	10.001861	-26.163423	0	T:49.0(1.18%),B:5.9(0.12%),P:1e-11	Tpos:128.4,Tstd:97.8,Bpos:99.5,Bstd:92.0,StrandBias:-0.6,Multiplicity:1.00
0.001	0.001	0.997	0.001
0.001	0.997	0.001	0.001
0.167	0.076	0.681	0.076
0.001	0.075	0.923	0.001
0.001	0.246	0.152	0.601
0.038	0.958	0.001	0.003
0.076	0.077	0.076	0.771
0.001	0.666	0.239	0.094
0.228	0.077	0.600	0.095
0.113	0.885	0.001	0.001
0.001	0.961	0.037	0.001
>GCAAACCCGCT	9-GCAAACCCGCT	9.580848	-25.884164	0	T:51.0(1.23%),B:6.6(0.14%),P:1e-11	Tpos:136.2,Tstd:94.7,Bpos:61.4,Bstd:39.3,StrandBias:0.1,Multiplicity:1.00
0.059	0.049	0.891	0.001
0.101	0.703	0.098	0.098
0.706	0.098	0.049	0.147
0.724	0.201	0.070	0.005
0.931	0.015	0.053	0.001
0.049	0.901	0.049	0.001
0.050	0.939	0.001	0.010
0.202	0.744	0.049	0.005
0.216	0.148	0.570	0.066
0.001	0.997	0.001	0.001
0.055	0.060	0.001	0.884
>GGGGTCTCGGG	10-GGGGTCTCGGG	11.302310	-25.663672	0	T:33.0(0.80%),B:0.5(0.01%),P:1e-11	Tpos:138.8,Tstd:65.4,Bpos:136.0,Bstd:0.0,StrandBias:0.3,Multiplicity:1.03
0.001	0.052	0.946	0.001
0.105	0.001	0.842	0.052
0.001	0.001	0.997	0.001
0.001	0.001	0.997	0.001
0.001	0.001	0.157	0.841
0.001	0.946	0.052	0.001
0.001	0.210	0.052	0.737
0.001	0.946	0.001	0.052
0.001	0.001	0.894	0.104
0.052	0.001	0.946	0.001
0.001	0.001	0.946	0.052
>CGTGCCCCGGC	11-CGTGCCCCGGC	11.072068	-25.619808	0	T:43.0(1.04%),B:3.4(0.07%),P:1e-11	Tpos:133.5,Tstd:86.8,Bpos:184.0,Bstd:0.0,StrandBias:0.4,Multiplicity:1.05
0.086	0.912	0.001	0.001
0.001	0.086	0.912	0.001
0.043	0.174	0.087	0.696
0.043	0.001	0.913	0.043
0.001	0.956	0.042	0.001
0.001	0.956	0.042	0.001
0.001	0.956	0.001	0.042
0.043	0.913	0.043	0.001
0.001	0.001	0.956	0.042
0.001	0.129	0.869	0.001
0.001	0.997	0.001	0.001
>TCTCTCGCCCC	12-TCTCTCGCCCC	10.895096	-25.021352	0	T:52.0(1.25%),B:7.6(0.16%),P:1e-10	Tpos:151.9,Tstd:106.2,Bpos:171.2,Bstd:70.2,StrandBias:0.0,Multiplicity:1.04
0.074	0.037	0.037	0.852
0.001	0.962	0.036	0.001
0.111	0.148	0.037	0.704
0.001	0.997	0.001	0.001
0.001	0.110	0.001	0.888
0.001	0.960	0.038	0.001
0.001	0.001	0.889	0.109
0.001	0.888	0.074	0.037
0.001	0.925	0.037	0.037
0.001	0.962	0.036	0.001
0.001	0.997	0.001	0.001
>CCGGGGTCCAC	13-CCGGGGTCCAC	9.811810	-24.883888	0	T:32.0(0.77%),B:0.8(0.02%),P:1e-10	Tpos:138.0,Tstd:114.6,Bpos:32.0,Bstd:0.0,StrandBias:-0.7,Multiplicity:1.00
0.042	0.850	0.065	0.043
0.289	0.646	0.043	0.022
0.214	0.074	0.595	0.117
0.021	0.033	0.913	0.033
0.011	0.194	0.633	0.162
0.182	0.012	0.634	0.172
0.342	0.033	0.075	0.550
0.032	0.595	0.043	0.330
0.032	0.925	0.032	0.011
0.562	0.369	0.001	0.068
0.053	0.861	0.043	0.043
>CCCGCTTCCGC	14-CCCGCTTCCGC	9.379902	-24.162568	0	T:61.0(1.47%),B:12.4(0.26%),P:1e-10	Tpos:187.3,Tstd:124.0,Bpos:163.2,Bstd:66.5,StrandBias:0.7,Multiplicity:1.07
0.100	0.700	0.100	0.100
0.100	0.700	0.100	0.100
0.100	0.700	0.100	0.100
0.100	0.100	0.700	0.100
0.100	0.700	0.100	0.100
0.100	0.100	0.100	0.700
0.100	0.100	0.100	0.700
0.100	0.700	0.100	0.100
0.100	0.700	0.100	0.100
0.100	0.100	0.700	0.100
0.100	0.700	0.100	0.100
>CCGCTGGCGCT	15-CCGCTGGCGCT	11.519851	-24.104236	0	T:31.0(0.75%),B:0.5(0.01%),P:1e-10	Tpos:128.5,Tstd:110.1,Bpos:118.0,Bstd:0.0,StrandBias:0.1,Multiplicity:1.00
0.133	0.800	0.066	0.001
0.001	0.997	0.001	0.001
0.066	0.001	0.932	0.001
0.001	0.997	0.001	0.001
0.001	0.066	0.066	0.867
0.001	0.066	0.932	0.001
0.001	0.066	0.867	0.066
0.001	0.932	0.001	0.066
0.066	0.001	0.867	0.066
0.001	0.932	0.066	0.001
0.066	0.066	0.001	0.867
>CAGCGAAGCAG	16-CAGCGAAGCAG	7.718054	-19.726911	0	T:308.0(7.43%),B:219.9(4.52%),P:1e-8	Tpos:142.7,Tstd:97.0,Bpos:150.4,Bstd:78.9,StrandBias:0.1,Multiplicity:1.06
0.075	0.795	0.078	0.052
0.820	0.095	0.043	0.042
0.036	0.052	0.881	0.031
0.093	0.704	0.098	0.105
0.152	0.116	0.606	0.126
0.863	0.043	0.084	0.010
0.821	0.026	0.111	0.042
0.063	0.021	0.894	0.022
0.026	0.952	0.021	0.001
0.821	0.074	0.010	0.095
0.057	0.042	0.859	0.042
>AGGGTCTCCAG	17-AGGGTCTCCAG	8.998477	-19.511059	0	T:55.0(1.33%),B:13.5(0.28%),P:1e-8	Tpos:144.5,Tstd:94.5,Bpos:125.7,Bstd:58.6,StrandBias:-0.2,Multiplicity:1.00
0.811	0.069	0.055	0.065
0.068	0.011	0.843	0.078
0.039	0.077	0.792	0.092
0.072	0.073	0.763	0.092
0.068	0.079	0.131	0.722
0.039	0.816	0.048	0.097
0.077	0.053	0.019	0.851
0.039	0.844	0.064	0.053
0.039	0.911	0.010	0.040
0.804	0.040	0.098	0.058
0.058	0.040	0.854	0.048
>GCCGAGGGCGA	18-GCCGAGGGCGA	11.064735	-18.940002	0	T:36.0(0.87%),B:4.1(0.08%),P:1e-8	Tpos:139.2,Tstd:85.1,Bpos:127.0,Bstd:0.0,StrandBias:-0.2,Multiplicity:1.09
0.001	0.107	0.891	0.001
0.001	0.837	0.161	0.001
0.054	0.838	0.054	0.054
0.001	0.001	0.997	0.001
0.997	0.001	0.001	0.001
0.001	0.001	0.997	0.001
0.054	0.001	0.891	0.054
0.001	0.001	0.997	0.001
0.001	0.891	0.001	0.107
0.001	0.001	0.997	0.001
0.702	0.162	0.135	0.001
>ACACACACACA	19-ACACACACACA	7.705578	-18.329874	0	T:294.0(7.09%),B:211.5(4.35%),P:1e-7	Tpos:149.5,Tstd:97.0,Bpos:139.8,Bstd:89.4,StrandBias:-0.2,Multiplicity:1.29
0.476	0.231	0.254	0.038
0.081	0.550	0.021	0.348
0.662	0.168	0.169	0.001
0.045	0.658	0.072	0.225
0.627	0.282	0.088	0.003
0.003	0.654	0.108	0.235
0.768	0.123	0.053	0.056
0.003	0.632	0.066	0.299
0.571	0.265	0.124	0.040
0.001	0.692	0.076	0.231
0.565	0.287	0.051	0.097
>CCTGGACGCCG	20-CCTGGACGCCG	11.354347	-17.167973	0	T:31.0(0.75%),B:3.2(0.07%),P:1e-7	Tpos:132.6,Tstd:77.1,Bpos:365.2,Bstd:131.5,StrandBias:0.4,Multiplicity:1.00
0.001	0.940	0.058	0.001
0.001	0.940	0.058	0.001
0.001	0.001	0.117	0.881
0.058	0.058	0.883	0.001
0.058	0.001	0.940	0.001
0.940	0.001	0.058	0.001
0.058	0.706	0.235	0.001
0.001	0.001	0.997	0.001
0.001	0.997	0.001	0.001
0.001	0.940	0.058	0.001
0.059	0.059	0.823	0.059
>AATTATTATTA	21-AATTATTATTA	7.441596	-16.752207	0	T:368.0(8.87%),B:288.9(5.94%),P:1e-7	Tpos:156.4,Tstd:107.5,Bpos:147.8,Bstd:115.1,StrandBias:0.2,Multiplicity:1.10
0.714	0.096	0.081	0.109
0.722	0.080	0.090	0.108
0.095	0.065	0.077	0.763
0.111	0.088	0.095	0.706
0.714	0.084	0.087	0.115
0.091	0.079	0.079	0.751
0.101	0.074	0.095	0.730
0.724	0.086	0.064	0.126
0.107	0.081	0.083	0.729
0.106	0.085	0.096	0.713
0.735	0.078	0.075	0.112
>GAAGCCTCGCC	22-GAAGCCTCGCC	9.242819	-16.529583	0	T:48.0(1.16%),B:12.6(0.26%),P:1e-7	Tpos:134.1,Tstd:85.3,Bpos:163.4,Bstd:81.9,StrandBias:-0.1,Multiplicity:1.02
0.066	0.021	0.884	0.029
0.727	0.080	0.089	0.104
0.830	0.059	0.059	0.052
0.031	0.073	0.865	0.031
0.073	0.824	0.059	0.044
0.029	0.896	0.031	0.044
0.059	0.089	0.118	0.734
0.080	0.831	0.074	0.015
0.135	0.059	0.674	0.132
0.059	0.867	0.045	0.029
0.015	0.882	0.044	0.059
>AAGCGGGGCGA	23-AAGCGGGGCGA	9.738259	-15.536728	0	T:20.0(0.48%),B:0.0(0.00%),P:1e-6	Tpos:119.0,Tstd:71.8,Bpos:0.0,Bstd:0.0,StrandBias:-0.6,Multiplicity:1.00
0.778	0.018	0.203	0.001
0.577	0.054	0.351	0.018
0.018	0.251	0.719	0.012
0.053	0.621	0.048	0.278
0.060	0.217	0.699	0.024
0.197	0.255	0.518	0.030
0.219	0.012	0.721	0.048
0.030	0.047	0.911	0.012
0.328	0.550	0.081	0.041
0.036	0.303	0.619	0.042
0.820	0.060	0.071	0.049
>TGGGCTGAGAT	24-TGGGCTGAGAT	10.642076	-14.521325	0	T:63.0(1.52%),B:24.5(0.50%),P:1e-6	Tpos:142.0,Tstd:103.2,Bpos:132.7,Bstd:80.8,StrandBias:-0.3,Multiplicity:1.22
0.001	0.035	0.001	0.963
0.036	0.001	0.927	0.036
0.145	0.001	0.818	0.036
0.001	0.001	0.997	0.001
0.035	0.963	0.001	0.001
0.001	0.036	0.036	0.927
0.001	0.001	0.997	0.001
0.891	0.001	0.001	0.107
0.001	0.001	0.997	0.001
0.684	0.252	0.063	0.001
0.001	0.001	0.143	0.855
>TCCACTCCACT	25-TCCACTCCACT	10.396378	-10.294766	0	T:30.0(0.72%),B:8.5(0.18%),P:1e-4	Tpos:117.1,Tstd:70.0,Bpos:111.1,Bstd:50.8,StrandBias:-3.6,Multiplicity:5.23
0.001	0.044	0.001	0.954
0.001	0.954	0.015	0.030
0.044	0.954	0.001	0.001
0.939	0.059	0.001	0.001
0.006	0.779	0.001	0.214
0.001	0.025	0.001	0.973
0.015	0.929	0.026	0.030
0.045	0.924	0.001	0.030
0.997	0.001	0.001	0.001
0.001	0.842	0.015	0.142
0.001	0.014	0.001	0.984
