>CCTCCGGTC	1-CCTCCGGTC	6.894727	-36.380596	0	T:211.0(5.09%),B:95.2(1.96%),P:1e-15	Tpos:146.3,Tstd:98.9,Bpos:145.5,Bstd:117.3,StrandBias:0.2,Multiplicity:1.07
0.030	0.968	0.001	0.001
0.125	0.663	0.001	0.211
0.030	0.001	0.001	0.968
0.031	0.785	0.183	0.001
0.001	0.685	0.313	0.001
0.001	0.001	0.997	0.001
0.030	0.001	0.968	0.001
0.001	0.001	0.038	0.960
0.030	0.968	0.001	0.001
>ATAATTATT	2-ATAATTATT	6.045622	-36.279097	0	T:665.0(16.03%),B:497.3(10.23%),P:1e-15	Tpos:154.8,Tstd:108.1,Bpos:147.0,Bstd:121.0,StrandBias:0.0,Multiplicity:1.20
0.757	0.124	0.060	0.059
0.069	0.084	0.047	0.800
0.766	0.050	0.068	0.116
0.769	0.028	0.059	0.144
0.115	0.101	0.053	0.731
0.140	0.039	0.020	0.801
0.834	0.064	0.083	0.019
0.090	0.033	0.099	0.778
0.077	0.047	0.110	0.766
>CCCCCTACT	3-CCCCCTACT	6.293748	-35.157288	0	T:1018.0(24.54%),B:857.9(17.65%),P:1e-15	Tpos:144.5,Tstd:100.5,Bpos:155.8,Bstd:129.2,StrandBias:0.0,Multiplicity:1.23
0.129	0.624	0.132	0.115
0.047	0.818	0.076	0.059
0.119	0.852	0.028	0.001
0.123	0.769	0.001	0.107
0.001	0.988	0.010	0.001
0.080	0.044	0.183	0.693
0.699	0.141	0.054	0.106
0.096	0.714	0.189	0.001
0.050	0.001	0.109	0.840
>TGTTAATTA	4-TGTTAATTA	2.895791	-31.312250	0	T:1341.0(32.33%),B:1221.7(25.13%),P:1e-13	Tpos:146.8,Tstd:97.9,Bpos:148.2,Bstd:106.2,StrandBias:0.0,Multiplicity:1.42
0.411	0.001	0.001	0.587
0.179	0.101	0.570	0.150
0.001	0.146	0.001	0.852
0.001	0.001	0.001	0.997
0.997	0.001	0.001	0.001
0.997	0.001	0.001	0.001
0.001	0.001	0.001	0.997
0.108	0.001	0.168	0.723
0.430	0.149	0.222	0.199
>CGCTGCCGT	5-CGCTGCCGT	7.971562	-29.059660	0	T:142.0(3.42%),B:57.8(1.19%),P:1e-12	Tpos:161.3,Tstd:112.5,Bpos:179.3,Bstd:200.4,StrandBias:0.1,Multiplicity:1.11
0.012	0.924	0.044	0.020
0.013	0.087	0.880	0.020
0.001	0.930	0.052	0.017
0.031	0.089	0.008	0.872
0.001	0.035	0.934	0.030
0.001	0.895	0.069	0.035
0.021	0.807	0.010	0.162
0.066	0.001	0.932	0.001
0.001	0.087	0.082	0.830
>GCCGCCCAT	6-GCCGCCCAT	10.154120	-28.232638	0	T:52.0(1.25%),B:5.6(0.11%),P:1e-12	Tpos:151.3,Tstd:87.3,Bpos:201.7,Bstd:40.8,StrandBias:-0.6,Multiplicity:1.00
0.232	0.001	0.766	0.001
0.001	0.997	0.001	0.001
0.001	0.997	0.001	0.001
0.001	0.001	0.997	0.001
0.001	0.766	0.001	0.232
0.001	0.997	0.001	0.001
0.232	0.766	0.001	0.001
0.731	0.267	0.001	0.001
0.001	0.001	0.001	0.997
>CGGGGTCCC	7-CGGGGTCCC	9.806758	-26.730106	0	T:71.0(1.71%),B:15.5(0.32%),P:1e-11	Tpos:151.7,Tstd:93.7,Bpos:149.4,Bstd:95.6,StrandBias:0.2,Multiplicity:1.01
0.001	0.997	0.001	0.001
0.001	0.001	0.997	0.001
0.001	0.001	0.997	0.001
0.001	0.150	0.848	0.001
0.001	0.001	0.997	0.001
0.001	0.001	0.001	0.997
0.011	0.878	0.001	0.110
0.001	0.756	0.001	0.242
0.001	0.997	0.001	0.001
>GCGCMCTYC	8-GCGCMCTYC	7.634872	-25.709197	0	T:80.0(1.93%),B:21.8(0.45%),P:1e-11	Tpos:171.3,Tstd:106.9,Bpos:158.0,Bstd:73.1,StrandBias:-0.1,Multiplicity:1.01
0.001	0.001	0.997	0.001
0.001	0.973	0.001	0.025
0.001	0.001	0.997	0.001
0.001	0.997	0.001	0.001
0.436	0.562	0.001	0.001
0.001	0.997	0.001	0.001
0.001	0.001	0.001	0.997
0.001	0.572	0.001	0.426
0.001	0.997	0.001	0.001
>GGCGAAGCG	9-GGCGAAGCG	7.099882	-23.516352	0	T:152.0(3.66%),B:74.5(1.53%),P:1e-10	Tpos:164.3,Tstd:113.3,Bpos:125.9,Bstd:157.7,StrandBias:-0.5,Multiplicity:1.09
0.001	0.001	0.886	0.112
0.001	0.202	0.676	0.121
0.244	0.658	0.097	0.001
0.043	0.040	0.895	0.022
0.579	0.231	0.181	0.009
0.511	0.236	0.194	0.059
0.206	0.009	0.776	0.009
0.095	0.600	0.183	0.122
0.153	0.206	0.507	0.134
>ACGGTCCGC	10-ACGGTCCGC	7.135948	-23.371778	0	T:111.0(2.68%),B:44.1(0.91%),P:1e-10	Tpos:143.7,Tstd:83.0,Bpos:131.2,Bstd:73.8,StrandBias:0.4,Multiplicity:1.05
0.743	0.103	0.031	0.123
0.046	0.859	0.064	0.031
0.065	0.134	0.732	0.069
0.023	0.188	0.743	0.046
0.032	0.170	0.059	0.739
0.026	0.843	0.105	0.026
0.126	0.758	0.084	0.032
0.081	0.092	0.747	0.080
0.052	0.845	0.085	0.018
>TCTCCGAGA	11-TCTCCGAGA	6.656041	-21.993764	0	T:260.0(6.27%),B:168.2(3.46%),P:1e-9	Tpos:150.5,Tstd:98.9,Bpos:168.5,Bstd:139.5,StrandBias:-0.2,Multiplicity:1.05
0.090	0.078	0.071	0.761
0.038	0.839	0.028	0.095
0.067	0.097	0.061	0.775
0.050	0.833	0.058	0.059
0.045	0.894	0.001	0.060
0.103	0.053	0.760	0.084
0.664	0.144	0.145	0.047
0.057	0.105	0.816	0.022
0.665	0.149	0.136	0.050
>CCGCSTTCS	12-CCGCSTTCS	8.860171	-21.756798	0	T:57.0(1.37%),B:12.7(0.26%),P:1e-9	Tpos:145.4,Tstd:100.7,Bpos:74.9,Bstd:48.7,StrandBias:-0.4,Multiplicity:1.00
0.102	0.896	0.001	0.001
0.001	0.997	0.001	0.001
0.001	0.098	0.900	0.001
0.003	0.995	0.001	0.001
0.001	0.562	0.436	0.001
0.001	0.001	0.001	0.997
0.001	0.001	0.001	0.997
0.001	0.997	0.001	0.001
0.001	0.444	0.554	0.001
>GGGGTACAC	13-GGGGTACAC	7.426531	-21.329427	0	T:159.0(3.83%),B:84.1(1.73%),P:1e-9	Tpos:152.5,Tstd:109.3,Bpos:151.5,Bstd:119.9,StrandBias:-0.3,Multiplicity:1.02
0.072	0.001	0.863	0.064
0.001	0.021	0.977	0.001
0.001	0.021	0.851	0.127
0.001	0.001	0.997	0.001
0.001	0.035	0.025	0.939
0.876	0.080	0.026	0.018
0.050	0.889	0.038	0.023
0.811	0.165	0.001	0.023
0.021	0.813	0.165	0.001
>GCTGGCACT	14-GCTGGCACT	7.742056	-19.687660	0	T:310.0(7.47%),B:221.5(4.56%),P:1e-8	Tpos:136.5,Tstd:87.7,Bpos:143.6,Bstd:124.7,StrandBias:0.2,Multiplicity:1.07
0.029	0.001	0.932	0.038
0.046	0.913	0.001	0.040
0.049	0.129	0.001	0.821
0.001	0.001	0.997	0.001
0.021	0.102	0.802	0.075
0.001	0.798	0.152	0.049
0.876	0.001	0.054	0.069
0.001	0.933	0.065	0.001
0.059	0.001	0.019	0.921
>CAGGTGCCA	15-CAGGTGCCA	8.134750	-18.643445	0	T:307.0(7.40%),B:222.1(4.57%),P:1e-8	Tpos:150.3,Tstd:99.6,Bpos:152.0,Bstd:99.9,StrandBias:-0.3,Multiplicity:1.11
0.060	0.899	0.001	0.040
0.840	0.073	0.031	0.056
0.044	0.001	0.954	0.001
0.001	0.040	0.958	0.001
0.129	0.049	0.035	0.787
0.001	0.067	0.872	0.060
0.001	0.938	0.060	0.001
0.001	0.997	0.001	0.001
0.796	0.053	0.035	0.116
>CGCGACCGG	16-CGCGACCGG	9.210451	-18.105769	0	T:88.0(2.12%),B:36.6(0.75%),P:1e-7	Tpos:164.9,Tstd:95.4,Bpos:28.5,Bstd:14.0,StrandBias:-0.5,Multiplicity:1.00
0.001	0.997	0.001	0.001
0.001	0.215	0.677	0.107
0.001	0.997	0.001	0.001
0.001	0.107	0.785	0.107
0.865	0.133	0.001	0.001
0.001	0.891	0.001	0.107
0.001	0.997	0.001	0.001
0.107	0.107	0.785	0.001
0.001	0.001	0.997	0.001
>MGTGCGTTG	17-MGTGCGTTG	7.255880	-17.390065	0	T:96.0(2.31%),B:43.2(0.89%),P:1e-7	Tpos:153.7,Tstd:95.7,Bpos:150.9,Bstd:130.7,StrandBias:-0.1,Multiplicity:1.03
0.501	0.497	0.001	0.001
0.001	0.001	0.992	0.006
0.001	0.022	0.001	0.976
0.341	0.001	0.657	0.001
0.001	0.904	0.094	0.001
0.001	0.001	0.997	0.001
0.001	0.001	0.001	0.997
0.182	0.001	0.125	0.692
0.001	0.001	0.997	0.001
>CCGCGACCG	18-CCGCGACCG	7.029165	-16.549979	0	T:272.0(6.56%),B:197.5(4.06%),P:1e-7	Tpos:150.8,Tstd:100.1,Bpos:136.0,Bstd:183.3,StrandBias:-0.4,Multiplicity:1.29
0.013	0.883	0.064	0.040
0.091	0.731	0.092	0.086
0.050	0.061	0.822	0.067
0.095	0.754	0.120	0.031
0.039	0.152	0.757	0.052
0.664	0.090	0.106	0.140
0.037	0.801	0.079	0.083
0.063	0.830	0.075	0.032
0.074	0.115	0.761	0.050
>GAGTAGACG	19-GAGTAGACG	6.511356	-16.426674	0	T:205.0(4.94%),B:136.2(2.80%),P:1e-7	Tpos:142.3,Tstd:93.1,Bpos:154.0,Bstd:107.6,StrandBias:0.2,Multiplicity:1.11
0.060	0.155	0.745	0.040
0.785	0.043	0.050	0.122
0.111	0.056	0.796	0.037
0.135	0.068	0.128	0.669
0.803	0.074	0.103	0.020
0.098	0.070	0.755	0.077
0.876	0.069	0.034	0.021
0.054	0.779	0.084	0.083
0.082	0.071	0.802	0.045
>SCSGCSGCG	20-SCSGCSGCG	6.476253	-15.954437	0	T:103.0(2.48%),B:51.5(1.06%),P:1e-6	Tpos:171.5,Tstd:109.7,Bpos:179.7,Bstd:225.1,StrandBias:-0.1,Multiplicity:1.11
0.028	0.333	0.424	0.215
0.021	0.462	0.298	0.219
0.021	0.498	0.439	0.042
0.294	0.073	0.585	0.048
0.082	0.594	0.272	0.052
0.036	0.450	0.488	0.025
0.059	0.243	0.573	0.125
0.012	0.667	0.109	0.212
0.272	0.269	0.425	0.034
>CCCCGGCGG	21-CCCCGGCGG	8.998430	-15.753284	0	T:149.0(3.59%),B:90.0(1.85%),P:1e-6	Tpos:162.9,Tstd:131.2,Bpos:127.5,Bstd:167.8,StrandBias:-0.0,Multiplicity:1.09
0.001	0.997	0.001	0.001
0.001	0.874	0.001	0.124
0.159	0.839	0.001	0.001
0.092	0.841	0.066	0.001
0.100	0.001	0.898	0.001
0.189	0.001	0.785	0.025
0.159	0.839	0.001	0.001
0.143	0.001	0.600	0.256
0.001	0.001	0.997	0.001
>CWAAAACAT	22-CWAAAACAT	8.084087	-14.706152	0	T:275.0(6.63%),B:207.9(4.28%),P:1e-6	Tpos:151.9,Tstd:98.2,Bpos:153.5,Bstd:100.5,StrandBias:-0.1,Multiplicity:1.10
0.001	0.997	0.001	0.001
0.443	0.001	0.001	0.555
0.939	0.001	0.001	0.059
0.997	0.001	0.001	0.001
0.997	0.001	0.001	0.001
0.715	0.001	0.001	0.283
0.001	0.997	0.001	0.001
0.632	0.001	0.001	0.366
0.273	0.115	0.001	0.611
>CTATTACGG	23-CTATTACGG	6.374759	-14.198071	0	T:68.0(1.64%),B:28.4(0.58%),P:1e-6	Tpos:132.7,Tstd:89.1,Bpos:154.7,Bstd:98.2,StrandBias:-0.2,Multiplicity:1.00
0.076	0.722	0.021	0.181
0.104	0.143	0.059	0.694
0.546	0.200	0.141	0.113
0.059	0.158	0.009	0.774
0.201	0.156	0.078	0.565
0.471	0.131	0.163	0.234
0.101	0.554	0.290	0.055
0.167	0.131	0.583	0.119
0.119	0.123	0.638	0.120
>ACACACACA	24-ACACACACA	6.226569	-12.362579	0	T:486.0(11.72%),B:430.7(8.86%),P:1e-5	Tpos:146.4,Tstd:96.9,Bpos:139.7,Bstd:91.1,StrandBias:-0.1,Multiplicity:1.28
0.917	0.057	0.025	0.001
0.029	0.881	0.035	0.055
0.956	0.042	0.001	0.001
0.001	0.908	0.056	0.035
0.931	0.044	0.024	0.001
0.001	0.961	0.037	0.001
0.906	0.029	0.064	0.001
0.001	0.907	0.037	0.055
0.916	0.053	0.030	0.001
>ACTCCACTC	25-ACTCCACTC	7.486473	-10.357621	0	T:251.0(6.05%),B:203.9(4.19%),P:1e-4	Tpos:132.2,Tstd:90.9,Bpos:139.8,Bstd:81.6,StrandBias:-1.2,Multiplicity:1.70
0.911	0.046	0.001	0.042
0.001	0.849	0.017	0.133
0.028	0.028	0.025	0.919
0.041	0.936	0.001	0.022
0.052	0.933	0.014	0.001
0.952	0.019	0.028	0.001
0.001	0.879	0.018	0.102
0.001	0.024	0.024	0.951
0.062	0.918	0.019	0.001
