>HATTAGCAVC	1-HATTAGCAVC	5.961804	-42.749365	0	T:987.0(23.79%),B:791.5(16.28%),P:1e-18	Tpos:151.4,Tstd:99.7,Bpos:146.0,Bstd:95.8,StrandBias:0.0,Multiplicity:1.21
0.393	0.337	0.001	0.269
0.654	0.136	0.013	0.197
0.200	0.001	0.052	0.747
0.162	0.001	0.001	0.836
0.688	0.117	0.016	0.179
0.283	0.003	0.604	0.110
0.136	0.605	0.062	0.197
0.877	0.121	0.001	0.001
0.297	0.418	0.272	0.013
0.185	0.583	0.001	0.231
>MCGGSCCGCG	2-MCGGSCCGCG	8.933935	-40.406581	0	T:147.0(3.54%),B:46.0(0.95%),P:1e-17	Tpos:160.6,Tstd:98.8,Bpos:123.7,Bstd:141.5,StrandBias:0.2,Multiplicity:1.18
0.361	0.440	0.088	0.111
0.001	0.928	0.056	0.015
0.085	0.024	0.746	0.145
0.061	0.213	0.712	0.014
0.024	0.479	0.467	0.030
0.001	0.945	0.030	0.024
0.037	0.767	0.012	0.184
0.139	0.086	0.619	0.156
0.097	0.672	0.230	0.001
0.012	0.012	0.939	0.037
>GCGAGAACCG	3-GCGAGAACCG	6.330535	-34.708062	0	T:90.0(2.17%),B:18.8(0.39%),P:1e-15	Tpos:153.4,Tstd:94.9,Bpos:101.1,Bstd:134.4,StrandBias:-0.1,Multiplicity:1.06
0.105	0.142	0.648	0.105
0.129	0.584	0.154	0.133
0.138	0.154	0.605	0.103
0.574	0.135	0.181	0.110
0.120	0.136	0.656	0.088
0.578	0.170	0.156	0.096
0.549	0.165	0.183	0.103
0.102	0.639	0.156	0.103
0.144	0.584	0.136	0.136
0.133	0.149	0.583	0.135
>TAATATTAAT	4-TAATATTAAT	7.263706	-32.874211	0	T:296.0(7.14%),B:170.3(3.50%),P:1e-14	Tpos:157.7,Tstd:107.1,Bpos:144.1,Bstd:114.4,StrandBias:-0.0,Multiplicity:1.10
0.119	0.072	0.073	0.736
0.777	0.109	0.074	0.040
0.742	0.084	0.018	0.156
0.068	0.029	0.017	0.886
0.846	0.035	0.052	0.067
0.115	0.072	0.069	0.744
0.070	0.037	0.078	0.815
0.820	0.066	0.027	0.087
0.810	0.065	0.056	0.069
0.064	0.061	0.045	0.830
>CGGTCCGCCC	5-CGGTCCGCCC	8.743657	-32.672167	0	T:121.0(2.92%),B:38.7(0.80%),P:1e-14	Tpos:153.2,Tstd:105.4,Bpos:161.6,Bstd:157.7,StrandBias:0.6,Multiplicity:1.06
0.012	0.845	0.087	0.056
0.038	0.146	0.677	0.139
0.053	0.073	0.826	0.048
0.012	0.163	0.192	0.633
0.012	0.886	0.048	0.054
0.058	0.818	0.067	0.057
0.024	0.114	0.795	0.067
0.024	0.829	0.090	0.057
0.023	0.871	0.074	0.032
0.077	0.827	0.050	0.046
>TTCGCCCCCC	6-TTCGCCCCCC	9.421013	-32.606347	0	T:68.0(1.64%),B:9.8(0.20%),P:1e-14	Tpos:171.5,Tstd:90.4,Bpos:96.9,Bstd:83.4,StrandBias:0.9,Multiplicity:1.03
0.001	0.118	0.001	0.880
0.001	0.107	0.180	0.712
0.001	0.963	0.035	0.001
0.001	0.036	0.947	0.016
0.035	0.963	0.001	0.001
0.072	0.856	0.036	0.036
0.001	0.927	0.071	0.001
0.001	0.891	0.072	0.036
0.001	0.927	0.071	0.001
0.001	0.963	0.001	0.035
>GGACCGCGTC	7-GGACCGCGTC	8.649712	-31.715213	0	T:57.0(1.37%),B:5.6(0.11%),P:1e-13	Tpos:143.9,Tstd:90.8,Bpos:126.7,Bstd:28.1,StrandBias:-0.7,Multiplicity:1.04
0.043	0.043	0.852	0.062
0.036	0.079	0.835	0.050
0.699	0.088	0.120	0.093
0.029	0.728	0.200	0.043
0.043	0.797	0.100	0.060
0.029	0.055	0.880	0.036
0.079	0.796	0.089	0.036
0.036	0.050	0.866	0.048
0.036	0.144	0.128	0.692
0.029	0.864	0.064	0.043
>GCGGCCGCGG	8-GCGGCCGCGG	9.365794	-28.978557	0	T:222.0(5.35%),B:118.6(2.44%),P:1e-12	Tpos:164.0,Tstd:108.0,Bpos:168.9,Bstd:183.6,StrandBias:0.0,Multiplicity:1.32
0.001	0.042	0.947	0.010
0.031	0.816	0.023	0.130
0.001	0.147	0.851	0.001
0.040	0.029	0.911	0.020
0.020	0.917	0.053	0.010
0.103	0.787	0.109	0.001
0.001	0.001	0.997	0.001
0.051	0.947	0.001	0.001
0.085	0.001	0.894	0.020
0.001	0.001	0.959	0.039
>GCCCCCTACT	9-GCCCCCTACT	7.324411	-27.932179	0	T:259.0(6.24%),B:151.8(3.12%),P:1e-12	Tpos:143.8,Tstd:109.8,Bpos:150.2,Bstd:92.8,StrandBias:0.3,Multiplicity:1.06
0.080	0.133	0.652	0.135
0.082	0.743	0.089	0.086
0.136	0.723	0.057	0.084
0.156	0.587	0.139	0.118
0.075	0.786	0.038	0.101
0.065	0.791	0.075	0.069
0.105	0.248	0.088	0.559
0.544	0.193	0.125	0.138
0.091	0.682	0.116	0.111
0.123	0.072	0.107	0.698
>GCCTCCGGTC	10-GCCTCCGGTC	8.455961	-27.574211	0	T:117.0(2.82%),B:42.4(0.87%),P:1e-11	Tpos:144.1,Tstd:86.4,Bpos:160.0,Bstd:174.3,StrandBias:0.1,Multiplicity:1.05
0.063	0.098	0.759	0.080
0.026	0.852	0.103	0.019
0.031	0.881	0.015	0.073
0.053	0.073	0.055	0.819
0.034	0.849	0.092	0.025
0.057	0.827	0.066	0.050
0.041	0.084	0.844	0.031
0.033	0.166	0.764	0.037
0.033	0.122	0.214	0.631
0.029	0.779	0.100	0.092
>AGAGCCTCBT	11-AGAGCCTCBT	9.108974	-27.096091	0	T:132.0(3.18%),B:53.3(1.10%),P:1e-11	Tpos:150.9,Tstd:98.2,Bpos:158.0,Bstd:95.7,StrandBias:0.3,Multiplicity:1.01
0.997	0.001	0.001	0.001
0.001	0.001	0.964	0.034
0.964	0.034	0.001	0.001
0.001	0.295	0.703	0.001
0.001	0.964	0.001	0.034
0.001	0.997	0.001	0.001
0.079	0.001	0.138	0.782
0.001	0.691	0.307	0.001
0.100	0.241	0.367	0.292
0.242	0.048	0.111	0.599
>GGTCTCGGGC	12-GGTCTCGGGC	8.295084	-25.970634	0	T:221.0(5.33%),B:124.9(2.57%),P:1e-11	Tpos:153.4,Tstd:95.6,Bpos:133.5,Bstd:148.5,StrandBias:-0.1,Multiplicity:1.07
0.001	0.001	0.997	0.001
0.001	0.138	0.860	0.001
0.068	0.063	0.168	0.701
0.001	0.809	0.101	0.089
0.026	0.140	0.015	0.819
0.001	0.844	0.072	0.083
0.122	0.143	0.514	0.221
0.001	0.045	0.938	0.016
0.001	0.107	0.818	0.074
0.092	0.696	0.067	0.145
>AGYGGGTAGT	13-AGYGGGTAGT	9.315503	-24.763749	0	T:58.0(1.40%),B:10.9(0.22%),P:1e-10	Tpos:151.7,Tstd:82.5,Bpos:199.7,Bstd:122.6,StrandBias:-0.5,Multiplicity:1.02
0.991	0.001	0.007	0.001
0.051	0.047	0.855	0.047
0.004	0.516	0.004	0.476
0.052	0.098	0.625	0.225
0.001	0.181	0.817	0.001
0.007	0.134	0.600	0.259
0.048	0.047	0.001	0.904
0.551	0.001	0.053	0.395
0.026	0.004	0.789	0.181
0.389	0.004	0.001	0.606
>AGGTGYCCCC	14-AGGTGYCCCC	7.999710	-24.100572	0	T:252.0(6.08%),B:156.0(3.21%),P:1e-10	Tpos:170.9,Tstd:101.9,Bpos:141.7,Bstd:121.5,StrandBias:-0.0,Multiplicity:1.09
0.567	0.400	0.032	0.001
0.016	0.114	0.869	0.001
0.039	0.232	0.728	0.001
0.105	0.001	0.370	0.524
0.001	0.001	0.992	0.006
0.091	0.402	0.190	0.316
0.001	0.850	0.001	0.148
0.121	0.835	0.001	0.043
0.108	0.700	0.066	0.126
0.118	0.601	0.280	0.001
>GTCCAGGTCC	15-GTCCAGGTCC	10.197214	-23.514964	0	T:56.0(1.35%),B:10.7(0.22%),P:1e-10	Tpos:156.0,Tstd:94.0,Bpos:164.3,Bstd:82.4,StrandBias:0.1,Multiplicity:1.00
0.069	0.180	0.750	0.001
0.001	0.087	0.143	0.769
0.001	0.997	0.001	0.001
0.001	0.997	0.001	0.001
0.930	0.001	0.068	0.001
0.001	0.034	0.964	0.001
0.001	0.001	0.997	0.001
0.104	0.001	0.114	0.781
0.034	0.907	0.058	0.001
0.001	0.964	0.034	0.001
>HRCGCGCGSC	16-HRCGCGCGSC	8.690652	-21.754176	0	T:90.0(2.17%),B:32.1(0.66%),P:1e-9	Tpos:168.1,Tstd:110.6,Bpos:116.7,Bstd:175.1,StrandBias:-0.4,Multiplicity:1.12
0.207	0.302	0.165	0.326
0.481	0.114	0.345	0.059
0.337	0.641	0.001	0.021
0.001	0.001	0.900	0.098
0.066	0.653	0.241	0.040
0.001	0.176	0.763	0.060
0.001	0.997	0.001	0.001
0.001	0.301	0.598	0.100
0.001	0.454	0.544	0.001
0.001	0.997	0.001	0.001
>TGCGCTTHCC	17-TGCGCTTHCC	6.568887	-21.134093	0	T:78.0(1.88%),B:25.4(0.52%),P:1e-9	Tpos:138.6,Tstd:89.4,Bpos:131.3,Bstd:100.3,StrandBias:1.1,Multiplicity:1.05
0.210	0.266	0.050	0.474
0.075	0.206	0.693	0.026
0.105	0.586	0.094	0.215
0.162	0.120	0.533	0.185
0.078	0.623	0.182	0.117
0.078	0.255	0.118	0.549
0.078	0.263	0.188	0.472
0.340	0.246	0.110	0.303
0.079	0.640	0.132	0.149
0.135	0.603	0.130	0.132
>TACGGAGACC	18-TACGGAGACC	7.929459	-20.804692	0	T:82.0(1.98%),B:28.3(0.58%),P:1e-9	Tpos:122.6,Tstd:79.8,Bpos:127.7,Bstd:80.2,StrandBias:0.2,Multiplicity:1.00
0.068	0.184	0.056	0.692
0.744	0.085	0.072	0.099
0.054	0.717	0.101	0.128
0.046	0.045	0.792	0.117
0.055	0.074	0.858	0.013
0.862	0.046	0.055	0.037
0.030	0.091	0.870	0.009
0.814	0.075	0.079	0.032
0.068	0.818	0.077	0.037
0.050	0.845	0.046	0.059
>TCCGCTTGCG	19-TCCGCTTGCG	8.172980	-18.649985	0	T:62.0(1.49%),B:18.8(0.39%),P:1e-8	Tpos:149.5,Tstd:89.3,Bpos:78.7,Bstd:121.2,StrandBias:-0.0,Multiplicity:1.02
0.029	0.118	0.069	0.784
0.029	0.844	0.069	0.058
0.069	0.830	0.033	0.068
0.058	0.077	0.834	0.031
0.039	0.855	0.058	0.048
0.048	0.147	0.063	0.742
0.029	0.111	0.030	0.830
0.058	0.165	0.700	0.077
0.030	0.810	0.116	0.044
0.059	0.108	0.784	0.049
>CCGCCGCACT	20-CCGCCGCACT	8.878539	-17.536371	0	T:107.0(2.58%),B:51.9(1.07%),P:1e-7	Tpos:149.1,Tstd:88.2,Bpos:114.2,Bstd:202.8,StrandBias:-0.9,Multiplicity:1.13
0.001	0.997	0.001	0.001
0.026	0.922	0.026	0.026
0.011	0.001	0.936	0.052
0.001	0.997	0.001	0.001
0.001	0.894	0.001	0.104
0.026	0.247	0.661	0.066
0.001	0.947	0.051	0.001
0.764	0.001	0.130	0.105
0.001	0.973	0.001	0.025
0.001	0.001	0.045	0.953
>GGCCTACGGC	21-GGCCTACGGC	9.845900	-17.446943	0	T:46.0(1.11%),B:10.8(0.22%),P:1e-7	Tpos:164.1,Tstd:88.0,Bpos:98.5,Bstd:26.6,StrandBias:0.6,Multiplicity:1.09
0.001	0.001	0.976	0.022
0.001	0.050	0.948	0.001
0.001	0.997	0.001	0.001
0.001	0.948	0.050	0.001
0.051	0.089	0.051	0.809
0.672	0.305	0.001	0.022
0.001	0.847	0.101	0.051
0.001	0.001	0.948	0.050
0.001	0.001	0.997	0.001
0.001	0.897	0.051	0.051
>CACCTACGCG	22-CACCTACGCG	8.245499	-17.392291	0	T:58.0(1.40%),B:17.4(0.36%),P:1e-7	Tpos:136.0,Tstd:96.4,Bpos:161.0,Bstd:141.2,StrandBias:-0.5,Multiplicity:1.10
0.021	0.916	0.021	0.042
0.740	0.152	0.083	0.025
0.021	0.865	0.062	0.052
0.046	0.860	0.062	0.032
0.063	0.074	0.125	0.738
0.706	0.057	0.153	0.084
0.042	0.911	0.026	0.021
0.042	0.112	0.755	0.091
0.066	0.779	0.109	0.046
0.076	0.047	0.742	0.135
>TCCACTCCAC	23-TCCACTCCAC	9.497337	-17.161277	0	T:67.0(1.62%),B:23.4(0.48%),P:1e-7	Tpos:125.3,Tstd:82.8,Bpos:131.2,Bstd:79.8,StrandBias:-1.9,Multiplicity:2.31
0.001	0.067	0.001	0.931
0.001	0.941	0.020	0.038
0.029	0.959	0.011	0.001
0.891	0.107	0.001	0.001
0.005	0.826	0.012	0.157
0.001	0.097	0.001	0.901
0.011	0.931	0.001	0.057
0.020	0.967	0.001	0.012
0.963	0.001	0.011	0.025
0.001	0.870	0.001	0.128
>ACACACACAC	24-ACACACACAC	6.999963	-15.701559	0	T:550.0(13.26%),B:476.4(9.80%),P:1e-6	Tpos:146.2,Tstd:97.3,Bpos:139.5,Bstd:94.7,StrandBias:-0.1,Multiplicity:1.29
0.768	0.083	0.109	0.040
0.030	0.819	0.054	0.097
0.815	0.043	0.098	0.044
0.054	0.818	0.049	0.079
0.766	0.096	0.082	0.056
0.088	0.742	0.069	0.101
0.864	0.034	0.059	0.043
0.043	0.814	0.067	0.076
0.841	0.060	0.062	0.037
0.042	0.761	0.081	0.116
>GGCAGCTTTG	25-GGCAGCTTTG	7.978553	-15.186432	0	T:185.0(4.46%),B:122.7(2.52%),P:1e-6	Tpos:140.7,Tstd:90.3,Bpos:152.0,Bstd:101.8,StrandBias:0.3,Multiplicity:1.04
0.116	0.001	0.786	0.097
0.001	0.141	0.785	0.073
0.095	0.884	0.020	0.001
0.753	0.169	0.031	0.047
0.035	0.062	0.811	0.092
0.127	0.697	0.078	0.098
0.193	0.047	0.101	0.659
0.029	0.005	0.091	0.875
0.015	0.015	0.002	0.968
0.057	0.067	0.780	0.096
>CCCCCCGCGTC	1-CCCCCCGCGTC	10.285892	-50.310119	0	T:94.0(2.27%),B:9.5(0.19%),P:1e-21	Tpos:159.5,Tstd:95.8,Bpos:200.3,Bstd:98.9,StrandBias:0.2,Multiplicity:1.09
0.001	0.784	0.001	0.214
0.001	0.822	0.176	0.001
0.107	0.891	0.001	0.001
0.001	0.724	0.006	0.269
0.001	0.997	0.001	0.001
0.008	0.990	0.001	0.001
0.107	0.001	0.891	0.001
0.001	0.609	0.389	0.001
0.107	0.001	0.785	0.107
0.001	0.334	0.001	0.664
0.001	0.997	0.001	0.001
>CGGCCCGGGCG	2-CGGCCCGGGCG	9.129453	-33.455531	0	T:86.0(2.07%),B:17.5(0.36%),P:1e-14	Tpos:165.0,Tstd:104.0,Bpos:216.0,Bstd:0.0,StrandBias:0.0,Multiplicity:1.05
0.036	0.706	0.227	0.031
0.184	0.035	0.617	0.164
0.011	0.286	0.675	0.028
0.028	0.669	0.268	0.035
0.017	0.623	0.249	0.111
0.187	0.757	0.021	0.035
0.024	0.319	0.612	0.045
0.043	0.234	0.602	0.121
0.024	0.228	0.731	0.017
0.162	0.603	0.202	0.033
0.102	0.028	0.699	0.171
>CGGGCGCGCTC	3-CGGGCGCGCTC	10.696777	-33.118918	0	T:59.0(1.42%),B:5.1(0.11%),P:1e-14	Tpos:152.2,Tstd:98.1,Bpos:177.0,Bstd:0.0,StrandBias:0.3,Multiplicity:1.12
0.028	0.914	0.001	0.057
0.001	0.056	0.942	0.001
0.056	0.001	0.942	0.001
0.001	0.085	0.913	0.001
0.001	0.970	0.001	0.028
0.001	0.001	0.970	0.028
0.001	0.970	0.028	0.001
0.028	0.115	0.856	0.001
0.001	0.914	0.057	0.028
0.001	0.115	0.172	0.712
0.001	0.970	0.028	0.001
>CCACCGTCGCG	4-CCACCGTCGCG	9.458642	-29.845882	0	T:80.0(1.93%),B:17.3(0.36%),P:1e-12	Tpos:158.8,Tstd:110.2,Bpos:117.9,Bstd:39.6,StrandBias:-0.7,Multiplicity:1.08
0.014	0.856	0.058	0.072
0.029	0.928	0.029	0.014
0.622	0.159	0.101	0.118
0.014	0.955	0.017	0.014
0.029	0.856	0.072	0.043
0.043	0.115	0.710	0.132
0.087	0.176	0.058	0.679
0.014	0.842	0.101	0.043
0.036	0.101	0.774	0.089
0.043	0.885	0.043	0.029
0.029	0.057	0.913	0.001
>CCGCCGCGGCS	5-CCGCCGCGGCS	9.164919	-27.775540	0	T:297.0(7.16%),B:184.0(3.79%),P:1e-12	Tpos:165.2,Tstd:111.4,Bpos:152.9,Bstd:185.9,StrandBias:0.1,Multiplicity:1.46
0.024	0.773	0.130	0.073
0.071	0.567	0.361	0.001
0.036	0.036	0.795	0.133
0.001	0.904	0.071	0.024
0.070	0.757	0.100	0.073
0.024	0.060	0.815	0.101
0.012	0.963	0.001	0.024
0.071	0.280	0.494	0.155
0.001	0.001	0.997	0.001
0.001	0.828	0.159	0.012
0.048	0.425	0.514	0.013
>TCTGCTCCCCC	6-TCTGCTCCCCC	8.909114	-26.954414	0	T:147.0(3.54%),B:64.1(1.32%),P:1e-11	Tpos:146.8,Tstd:87.3,Bpos:112.3,Bstd:93.7,StrandBias:-0.1,Multiplicity:1.00
0.054	0.138	0.063	0.745
0.047	0.859	0.071	0.023
0.062	0.098	0.091	0.749
0.024	0.097	0.826	0.053
0.054	0.840	0.064	0.042
0.077	0.102	0.061	0.760
0.038	0.829	0.030	0.103
0.014	0.893	0.020	0.073
0.041	0.877	0.037	0.045
0.056	0.791	0.061	0.092
0.071	0.836	0.039	0.054
>CCGCCCCCTTT	7-CCGCCCCCTTT	10.407625	-26.336063	0	T:44.0(1.06%),B:3.4(0.07%),P:1e-11	Tpos:190.7,Tstd:101.8,Bpos:126.0,Bstd:88.8,StrandBias:0.3,Multiplicity:1.07
0.010	0.848	0.141	0.001
0.070	0.894	0.035	0.001
0.141	0.040	0.713	0.106
0.001	0.997	0.001	0.001
0.001	0.928	0.001	0.070
0.001	0.882	0.035	0.082
0.001	0.785	0.179	0.035
0.001	0.854	0.038	0.107
0.035	0.233	0.071	0.661
0.071	0.216	0.081	0.632
0.001	0.178	0.001	0.820
>GCGGTCTCGCC	8-GCGGTCTCGCC	10.001861	-26.163423	0	T:49.0(1.18%),B:5.9(0.12%),P:1e-11	Tpos:128.4,Tstd:97.8,Bpos:99.5,Bstd:92.0,StrandBias:-0.6,Multiplicity:1.00
0.001	0.001	0.997	0.001
0.001	0.997	0.001	0.001
0.167	0.076	0.681	0.076
0.001	0.075	0.923	0.001
0.001	0.246	0.152	0.601
0.038	0.958	0.001	0.003
0.076	0.077	0.076	0.771
0.001	0.666	0.239	0.094
0.228	0.077	0.600	0.095
0.113	0.885	0.001	0.001
0.001	0.961	0.037	0.001
>GCAAACCCGCT	9-GCAAACCCGCT	9.580848	-25.884164	0	T:51.0(1.23%),B:6.6(0.14%),P:1e-11	Tpos:136.2,Tstd:94.7,Bpos:61.4,Bstd:39.3,StrandBias:0.1,Multiplicity:1.00
0.059	0.049	0.891	0.001
0.101	0.703	0.098	0.098
0.706	0.098	0.049	0.147
0.724	0.201	0.070	0.005
0.931	0.015	0.053	0.001
0.049	0.901	0.049	0.001
0.050	0.939	0.001	0.010
0.202	0.744	0.049	0.005
0.216	0.148	0.570	0.066
0.001	0.997	0.001	0.001
0.055	0.060	0.001	0.884
>GGGGTCTCGGG	10-GGGGTCTCGGG	11.302310	-25.663672	0	T:33.0(0.80%),B:0.5(0.01%),P:1e-11	Tpos:138.8,Tstd:65.4,Bpos:136.0,Bstd:0.0,StrandBias:0.3,Multiplicity:1.03
0.001	0.052	0.946	0.001
0.105	0.001	0.842	0.052
0.001	0.001	0.997	0.001
0.001	0.001	0.997	0.001
0.001	0.001	0.157	0.841
0.001	0.946	0.052	0.001
0.001	0.210	0.052	0.737
0.001	0.946	0.001	0.052
0.001	0.001	0.894	0.104
0.052	0.001	0.946	0.001
0.001	0.001	0.946	0.052
>CGTGCCCCGGC	11-CGTGCCCCGGC	11.072068	-25.619808	0	T:43.0(1.04%),B:3.4(0.07%),P:1e-11	Tpos:133.5,Tstd:86.8,Bpos:184.0,Bstd:0.0,StrandBias:0.4,Multiplicity:1.05
0.086	0.912	0.001	0.001
0.001	0.086	0.912	0.001
0.043	0.174	0.087	0.696
0.043	0.001	0.913	0.043
0.001	0.956	0.042	0.001
0.001	0.956	0.042	0.001
0.001	0.956	0.001	0.042
0.043	0.913	0.043	0.001
0.001	0.001	0.956	0.042
0.001	0.129	0.869	0.001
0.001	0.997	0.001	0.001
>TCTCTCGCCCC	12-TCTCTCGCCCC	10.895096	-25.021352	0	T:52.0(1.25%),B:7.6(0.16%),P:1e-10	Tpos:151.9,Tstd:106.2,Bpos:171.2,Bstd:70.2,StrandBias:0.0,Multiplicity:1.04
0.074	0.037	0.037	0.852
0.001	0.962	0.036	0.001
0.111	0.148	0.037	0.704
0.001	0.997	0.001	0.001
0.001	0.110	0.001	0.888
0.001	0.960	0.038	0.001
0.001	0.001	0.889	0.109
0.001	0.888	0.074	0.037
0.001	0.925	0.037	0.037
0.001	0.962	0.036	0.001
0.001	0.997	0.001	0.001
>CCGGGGTCCAC	13-CCGGGGTCCAC	9.811810	-24.883888	0	T:32.0(0.77%),B:0.8(0.02%),P:1e-10	Tpos:138.0,Tstd:114.6,Bpos:32.0,Bstd:0.0,StrandBias:-0.7,Multiplicity:1.00
0.042	0.850	0.065	0.043
0.289	0.646	0.043	0.022
0.214	0.074	0.595	0.117
0.021	0.033	0.913	0.033
0.011	0.194	0.633	0.162
0.182	0.012	0.634	0.172
0.342	0.033	0.075	0.550
0.032	0.595	0.043	0.330
0.032	0.925	0.032	0.011
0.562	0.369	0.001	0.068
0.053	0.861	0.043	0.043
>CCCGCTTCCGC	14-CCCGCTTCCGC	9.379902	-24.162568	0	T:61.0(1.47%),B:12.4(0.26%),P:1e-10	Tpos:187.3,Tstd:124.0,Bpos:163.2,Bstd:66.5,StrandBias:0.7,Multiplicity:1.07
0.100	0.700	0.100	0.100
0.100	0.700	0.100	0.100
0.100	0.700	0.100	0.100
0.100	0.100	0.700	0.100
0.100	0.700	0.100	0.100
0.100	0.100	0.100	0.700
0.100	0.100	0.100	0.700
0.100	0.700	0.100	0.100
0.100	0.700	0.100	0.100
0.100	0.100	0.700	0.100
0.100	0.700	0.100	0.100
>CCGCTGGCGCT	15-CCGCTGGCGCT	11.519851	-24.104236	0	T:31.0(0.75%),B:0.5(0.01%),P:1e-10	Tpos:128.5,Tstd:110.1,Bpos:118.0,Bstd:0.0,StrandBias:0.1,Multiplicity:1.00
0.133	0.800	0.066	0.001
0.001	0.997	0.001	0.001
0.066	0.001	0.932	0.001
0.001	0.997	0.001	0.001
0.001	0.066	0.066	0.867
0.001	0.066	0.932	0.001
0.001	0.066	0.867	0.066
0.001	0.932	0.001	0.066
0.066	0.001	0.867	0.066
0.001	0.932	0.066	0.001
0.066	0.066	0.001	0.867
>CAGCGAAGCAG	16-CAGCGAAGCAG	7.718054	-19.726911	0	T:308.0(7.43%),B:219.9(4.52%),P:1e-8	Tpos:142.7,Tstd:97.0,Bpos:150.4,Bstd:78.9,StrandBias:0.1,Multiplicity:1.06
0.075	0.795	0.078	0.052
0.820	0.095	0.043	0.042
0.036	0.052	0.881	0.031
0.093	0.704	0.098	0.105
0.152	0.116	0.606	0.126
0.863	0.043	0.084	0.010
0.821	0.026	0.111	0.042
0.063	0.021	0.894	0.022
0.026	0.952	0.021	0.001
0.821	0.074	0.010	0.095
0.057	0.042	0.859	0.042
>AGGGTCTCCAG	17-AGGGTCTCCAG	8.998477	-19.511059	0	T:55.0(1.33%),B:13.5(0.28%),P:1e-8	Tpos:144.5,Tstd:94.5,Bpos:125.7,Bstd:58.6,StrandBias:-0.2,Multiplicity:1.00
0.811	0.069	0.055	0.065
0.068	0.011	0.843	0.078
0.039	0.077	0.792	0.092
0.072	0.073	0.763	0.092
0.068	0.079	0.131	0.722
0.039	0.816	0.048	0.097
0.077	0.053	0.019	0.851
0.039	0.844	0.064	0.053
0.039	0.911	0.010	0.040
0.804	0.040	0.098	0.058
0.058	0.040	0.854	0.048
>GCCGAGGGCGA	18-GCCGAGGGCGA	11.064735	-18.940002	0	T:36.0(0.87%),B:4.1(0.08%),P:1e-8	Tpos:139.2,Tstd:85.1,Bpos:127.0,Bstd:0.0,StrandBias:-0.2,Multiplicity:1.09
0.001	0.107	0.891	0.001
0.001	0.837	0.161	0.001
0.054	0.838	0.054	0.054
0.001	0.001	0.997	0.001
0.997	0.001	0.001	0.001
0.001	0.001	0.997	0.001
0.054	0.001	0.891	0.054
0.001	0.001	0.997	0.001
0.001	0.891	0.001	0.107
0.001	0.001	0.997	0.001
0.702	0.162	0.135	0.001
>ACACACACACA	19-ACACACACACA	7.705578	-18.329874	0	T:294.0(7.09%),B:211.5(4.35%),P:1e-7	Tpos:149.5,Tstd:97.0,Bpos:139.8,Bstd:89.4,StrandBias:-0.2,Multiplicity:1.29
0.476	0.231	0.254	0.038
0.081	0.550	0.021	0.348
0.662	0.168	0.169	0.001
0.045	0.658	0.072	0.225
0.627	0.282	0.088	0.003
0.003	0.654	0.108	0.235
0.768	0.123	0.053	0.056
0.003	0.632	0.066	0.299
0.571	0.265	0.124	0.040
0.001	0.692	0.076	0.231
0.565	0.287	0.051	0.097
>CCTGGACGCCG	20-CCTGGACGCCG	11.354347	-17.167973	0	T:31.0(0.75%),B:3.2(0.07%),P:1e-7	Tpos:132.6,Tstd:77.1,Bpos:365.2,Bstd:131.5,StrandBias:0.4,Multiplicity:1.00
0.001	0.940	0.058	0.001
0.001	0.940	0.058	0.001
0.001	0.001	0.117	0.881
0.058	0.058	0.883	0.001
0.058	0.001	0.940	0.001
0.940	0.001	0.058	0.001
0.058	0.706	0.235	0.001
0.001	0.001	0.997	0.001
0.001	0.997	0.001	0.001
0.001	0.940	0.058	0.001
0.059	0.059	0.823	0.059
>AATTATTATTA	21-AATTATTATTA	7.441596	-16.752207	0	T:368.0(8.87%),B:288.9(5.94%),P:1e-7	Tpos:156.4,Tstd:107.5,Bpos:147.8,Bstd:115.1,StrandBias:0.2,Multiplicity:1.10
0.714	0.096	0.081	0.109
0.722	0.080	0.090	0.108
0.095	0.065	0.077	0.763
0.111	0.088	0.095	0.706
0.714	0.084	0.087	0.115
0.091	0.079	0.079	0.751
0.101	0.074	0.095	0.730
0.724	0.086	0.064	0.126
0.107	0.081	0.083	0.729
0.106	0.085	0.096	0.713
0.735	0.078	0.075	0.112
>GAAGCCTCGCC	22-GAAGCCTCGCC	9.242819	-16.529583	0	T:48.0(1.16%),B:12.6(0.26%),P:1e-7	Tpos:134.1,Tstd:85.3,Bpos:163.4,Bstd:81.9,StrandBias:-0.1,Multiplicity:1.02
0.066	0.021	0.884	0.029
0.727	0.080	0.089	0.104
0.830	0.059	0.059	0.052
0.031	0.073	0.865	0.031
0.073	0.824	0.059	0.044
0.029	0.896	0.031	0.044
0.059	0.089	0.118	0.734
0.080	0.831	0.074	0.015
0.135	0.059	0.674	0.132
0.059	0.867	0.045	0.029
0.015	0.882	0.044	0.059
>AAGCGGGGCGA	23-AAGCGGGGCGA	9.738259	-15.536728	0	T:20.0(0.48%),B:0.0(0.00%),P:1e-6	Tpos:119.0,Tstd:71.8,Bpos:0.0,Bstd:0.0,StrandBias:-0.6,Multiplicity:1.00
0.778	0.018	0.203	0.001
0.577	0.054	0.351	0.018
0.018	0.251	0.719	0.012
0.053	0.621	0.048	0.278
0.060	0.217	0.699	0.024
0.197	0.255	0.518	0.030
0.219	0.012	0.721	0.048
0.030	0.047	0.911	0.012
0.328	0.550	0.081	0.041
0.036	0.303	0.619	0.042
0.820	0.060	0.071	0.049
>TGGGCTGAGAT	24-TGGGCTGAGAT	10.642076	-14.521325	0	T:63.0(1.52%),B:24.5(0.50%),P:1e-6	Tpos:142.0,Tstd:103.2,Bpos:132.7,Bstd:80.8,StrandBias:-0.3,Multiplicity:1.22
0.001	0.035	0.001	0.963
0.036	0.001	0.927	0.036
0.145	0.001	0.818	0.036
0.001	0.001	0.997	0.001
0.035	0.963	0.001	0.001
0.001	0.036	0.036	0.927
0.001	0.001	0.997	0.001
0.891	0.001	0.001	0.107
0.001	0.001	0.997	0.001
0.684	0.252	0.063	0.001
0.001	0.001	0.143	0.855
>TCCACTCCACT	25-TCCACTCCACT	10.396378	-10.294766	0	T:30.0(0.72%),B:8.5(0.18%),P:1e-4	Tpos:117.1,Tstd:70.0,Bpos:111.1,Bstd:50.8,StrandBias:-3.6,Multiplicity:5.23
0.001	0.044	0.001	0.954
0.001	0.954	0.015	0.030
0.044	0.954	0.001	0.001
0.939	0.059	0.001	0.001
0.006	0.779	0.001	0.214
0.001	0.025	0.001	0.973
0.015	0.929	0.026	0.030
0.045	0.924	0.001	0.030
0.997	0.001	0.001	0.001
0.001	0.842	0.015	0.142
0.001	0.014	0.001	0.984
>CTCGCGCGGGCG	1-CTCGCGCGGGCG	7.713877	-34.096914	0	T:63.0(1.52%),B:6.7(0.14%),P:1e-14	Tpos:162.8,Tstd:92.3,Bpos:86.0,Bstd:0.0,StrandBias:-0.5,Multiplicity:1.06
0.001	0.997	0.001	0.001
0.001	0.085	0.233	0.681
0.001	0.766	0.232	0.001
0.001	0.131	0.867	0.001
0.001	0.997	0.001	0.001
0.001	0.001	0.997	0.001
0.001	0.997	0.001	0.001
0.001	0.001	0.997	0.001
0.001	0.001	0.997	0.001
0.001	0.001	0.997	0.001
0.001	0.766	0.232	0.001
0.001	0.001	0.997	0.001
>GCCGCCGGGGAS	2-GCCGCCGGGGAS	10.382114	-33.468756	0	T:43.0(1.04%),B:0.9(0.02%),P:1e-14	Tpos:142.1,Tstd:101.8,Bpos:219.0,Bstd:0.0,StrandBias:0.5,Multiplicity:1.00
0.104	0.232	0.564	0.100
0.044	0.801	0.142	0.013
0.118	0.628	0.141	0.113
0.030	0.083	0.787	0.100
0.022	0.865	0.087	0.026
0.100	0.690	0.144	0.066
0.087	0.113	0.726	0.074
0.035	0.044	0.903	0.018
0.022	0.022	0.934	0.022
0.026	0.122	0.839	0.013
0.476	0.261	0.219	0.044
0.131	0.381	0.406	0.083
>CGGGCTGCGAGC	3-CGGGCTGCGAGC	10.787166	-31.036824	0	T:44.0(1.06%),B:1.7(0.04%),P:1e-13	Tpos:151.2,Tstd:88.4,Bpos:230.3,Bstd:24.1,StrandBias:0.1,Multiplicity:1.02
0.032	0.778	0.158	0.032
0.095	0.016	0.857	0.032
0.032	0.017	0.919	0.032
0.016	0.112	0.856	0.016
0.016	0.872	0.080	0.032
0.047	0.111	0.096	0.746
0.016	0.080	0.888	0.016
0.112	0.697	0.142	0.049
0.016	0.065	0.886	0.033
0.711	0.177	0.080	0.032
0.065	0.032	0.887	0.016
0.001	0.920	0.078	0.001
>TTATTATTAWTA	4-TTATTATTAWTA	6.311688	-29.872699	0	T:840.0(20.25%),B:699.2(14.38%),P:1e-12	Tpos:150.7,Tstd:101.9,Bpos:138.6,Bstd:108.9,StrandBias:-0.0,Multiplicity:1.30
0.281	0.009	0.032	0.678
0.064	0.114	0.196	0.626
0.719	0.057	0.087	0.137
0.125	0.060	0.014	0.801
0.046	0.036	0.064	0.854
0.804	0.027	0.068	0.101
0.158	0.078	0.175	0.589
0.212	0.014	0.036	0.738
0.689	0.041	0.142	0.128
0.411	0.036	0.018	0.535
0.046	0.041	0.027	0.886
0.671	0.046	0.192	0.091
>GCTGGGMGGCSG	5-GCTGGGMGGCSG	10.751707	-29.711546	0	T:74.0(1.78%),B:14.5(0.30%),P:1e-12	Tpos:165.6,Tstd:112.5,Bpos:140.7,Bstd:91.5,StrandBias:0.1,Multiplicity:1.04
0.001	0.001	0.975	0.023
0.097	0.898	0.004	0.001
0.004	0.004	0.292	0.700
0.001	0.001	0.995	0.003
0.001	0.096	0.902	0.001
0.001	0.096	0.902	0.001
0.462	0.536	0.001	0.001
0.001	0.001	0.997	0.001
0.001	0.001	0.997	0.001
0.001	0.991	0.007	0.001
0.265	0.440	0.293	0.001
0.001	0.193	0.805	0.001
>CCCGGCCGGCCC	6-CCCGGCCGGCCC	11.256251	-29.320569	0	T:63.0(1.52%),B:9.1(0.19%),P:1e-12	Tpos:130.3,Tstd:76.7,Bpos:228.4,Bstd:37.5,StrandBias:-0.0,Multiplicity:1.07
0.001	0.739	0.167	0.093
0.001	0.997	0.001	0.001
0.005	0.552	0.346	0.097
0.001	0.001	0.913	0.085
0.081	0.001	0.751	0.167
0.001	0.997	0.001	0.001
0.092	0.721	0.005	0.182
0.001	0.001	0.748	0.250
0.005	0.269	0.721	0.005
0.001	0.897	0.101	0.001
0.001	0.979	0.015	0.005
0.086	0.827	0.086	0.001
>CCAGGGCGGGCA	7-CCAGGGCGGGCA	11.116140	-26.851334	0	T:50.0(1.21%),B:5.5(0.11%),P:1e-11	Tpos:121.1,Tstd:82.2,Bpos:184.3,Bstd:65.9,StrandBias:0.3,Multiplicity:1.00
0.001	0.870	0.128	0.001
0.001	0.997	0.001	0.001
0.883	0.001	0.115	0.001
0.001	0.001	0.997	0.001
0.001	0.001	0.997	0.001
0.001	0.245	0.745	0.009
0.117	0.881	0.001	0.001
0.116	0.174	0.695	0.015
0.004	0.178	0.817	0.001
0.116	0.241	0.642	0.001
0.178	0.808	0.013	0.001
0.683	0.005	0.187	0.125
>GGGAGCSGGAGA	8-GGGAGCSGGAGA	12.315162	-26.492310	0	T:38.0(0.92%),B:1.3(0.03%),P:1e-11	Tpos:127.1,Tstd:76.7,Bpos:106.4,Bstd:36.3,StrandBias:-0.6,Multiplicity:1.11
0.001	0.187	0.811	0.001
0.001	0.001	0.997	0.001
0.001	0.001	0.997	0.001
0.716	0.182	0.101	0.001
0.001	0.001	0.997	0.001
0.172	0.502	0.325	0.001
0.081	0.454	0.439	0.025
0.101	0.081	0.817	0.001
0.001	0.001	0.997	0.001
0.750	0.248	0.001	0.001
0.001	0.001	0.997	0.001
0.804	0.175	0.020	0.001
>GCCCGCCTGCTG	9-GCCCGCCTGCTG	10.450622	-26.285681	0	T:41.0(0.99%),B:2.6(0.05%),P:1e-11	Tpos:147.2,Tstd:91.6,Bpos:232.4,Bstd:176.1,StrandBias:0.7,Multiplicity:1.03
0.024	0.084	0.832	0.060
0.012	0.893	0.059	0.036
0.043	0.843	0.085	0.029
0.101	0.754	0.073	0.072
0.071	0.101	0.773	0.055
0.036	0.825	0.127	0.012
0.017	0.935	0.012	0.036
0.077	0.095	0.049	0.779
0.036	0.120	0.784	0.060
0.012	0.940	0.024	0.024
0.091	0.084	0.079	0.746
0.012	0.049	0.915	0.024
>SGCSGCGGCGGC	10-SGCSGCGGCGGC	10.360749	-25.529651	0	T:199.0(4.80%),B:107.4(2.21%),P:1e-11	Tpos:169.9,Tstd:112.8,Bpos:176.6,Bstd:164.0,StrandBias:0.1,Multiplicity:1.35
0.001	0.484	0.514	0.001
0.001	0.163	0.835	0.001
0.025	0.802	0.130	0.043
0.094	0.421	0.484	0.001
0.001	0.001	0.997	0.001
0.095	0.825	0.001	0.079
0.001	0.374	0.624	0.001
0.001	0.001	0.997	0.001
0.036	0.924	0.001	0.039
0.001	0.243	0.660	0.096
0.001	0.249	0.749	0.001
0.062	0.902	0.035	0.001
>GAGCCGCCCCTG	11-GAGCCGCCCCTG	10.192493	-24.111447	0	T:46.0(1.11%),B:5.4(0.11%),P:1e-10	Tpos:127.6,Tstd:85.7,Bpos:210.2,Bstd:129.0,StrandBias:-0.3,Multiplicity:1.00
0.064	0.229	0.661	0.046
0.554	0.168	0.208	0.070
0.006	0.183	0.772	0.039
0.023	0.845	0.109	0.023
0.146	0.617	0.127	0.110
0.017	0.147	0.597	0.239
0.040	0.801	0.104	0.055
0.023	0.843	0.081	0.053
0.081	0.722	0.076	0.121
0.040	0.853	0.070	0.037
0.087	0.110	0.101	0.702
0.023	0.158	0.755	0.064
>CCCGCCCGAGCC	12-CCCGCCCGAGCC	10.825455	-24.104236	0	T:31.0(0.75%),B:0.6(0.01%),P:1e-10	Tpos:139.9,Tstd:103.9,Bpos:247.0,Bstd:0.0,StrandBias:0.0,Multiplicity:1.07
0.038	0.792	0.106	0.064
0.034	0.814	0.094	0.058
0.104	0.706	0.121	0.069
0.079	0.126	0.688	0.107
0.030	0.823	0.110	0.037
0.037	0.821	0.091	0.051
0.089	0.730	0.106	0.075
0.075	0.180	0.683	0.062
0.539	0.208	0.192	0.061
0.054	0.124	0.769	0.053
0.051	0.799	0.093	0.057
0.042	0.835	0.058	0.065
>CGCGCCCGGAGG	13-CGCGCCCGGAGG	12.727936	-24.104236	0	T:31.0(0.75%),B:0.0(0.00%),P:1e-10	Tpos:118.0,Tstd:78.4,Bpos:0.0,Bstd:0.0,StrandBias:0.3,Multiplicity:1.03
0.001	0.946	0.052	0.001
0.001	0.052	0.946	0.001
0.001	0.894	0.104	0.001
0.001	0.052	0.895	0.052
0.001	0.946	0.001	0.052
0.001	0.946	0.052	0.001
0.053	0.841	0.053	0.053
0.052	0.052	0.895	0.001
0.052	0.001	0.946	0.001
0.946	0.052	0.001	0.001
0.001	0.052	0.895	0.052
0.001	0.052	0.946	0.001
>GAAGTGGGAGTG	14-GAAGTGGGAGTG	12.643819	-23.477545	0	T:34.0(0.82%),B:1.7(0.03%),P:1e-10	Tpos:139.0,Tstd:83.9,Bpos:149.3,Bstd:86.0,StrandBias:-0.2,Multiplicity:1.06
0.001	0.001	0.949	0.049
0.849	0.001	0.149	0.001
0.949	0.001	0.049	0.001
0.050	0.050	0.899	0.001
0.050	0.001	0.050	0.899
0.001	0.001	0.997	0.001
0.001	0.001	0.949	0.049
0.001	0.001	0.997	0.001
0.800	0.100	0.050	0.050
0.001	0.049	0.949	0.001
0.050	0.001	0.050	0.899
0.001	0.050	0.899	0.050
>GCGCGGGGCGWG	15-GCGCGGGGCGWG	12.610510	-22.770987	0	T:39.0(0.94%),B:3.8(0.08%),P:1e-9	Tpos:146.4,Tstd:90.4,Bpos:156.4,Bstd:23.8,StrandBias:0.5,Multiplicity:1.05
0.001	0.047	0.951	0.001
0.001	0.723	0.237	0.039
0.001	0.124	0.874	0.001
0.001	0.878	0.120	0.001
0.040	0.046	0.874	0.040
0.040	0.045	0.913	0.002
0.042	0.085	0.833	0.040
0.001	0.080	0.918	0.001
0.079	0.761	0.159	0.001
0.001	0.045	0.953	0.001
0.398	0.062	0.223	0.316
0.001	0.078	0.920	0.001
>GGCCCCAGGTGG	16-GGCCCCAGGTGG	9.939977	-22.405629	0	T:48.0(1.16%),B:7.7(0.16%),P:1e-9	Tpos:167.1,Tstd:125.8,Bpos:189.5,Bstd:91.8,StrandBias:0.2,Multiplicity:1.00
0.081	0.050	0.772	0.097
0.061	0.138	0.731	0.070
0.058	0.754	0.116	0.072
0.069	0.751	0.083	0.097
0.075	0.752	0.097	0.076
0.073	0.775	0.088	0.064
0.680	0.081	0.116	0.123
0.072	0.061	0.813	0.054
0.069	0.121	0.763	0.047
0.125	0.106	0.140	0.629
0.045	0.050	0.832	0.073
0.072	0.103	0.747	0.078
>AGCCGGGGCGCG	17-AGCCGGGGCGCG	10.949640	-21.901644	0	T:35.0(0.84%),B:2.4(0.05%),P:1e-9	Tpos:153.0,Tstd:100.3,Bpos:0.0,Bstd:0.0,StrandBias:-0.3,Multiplicity:1.12
0.689	0.156	0.154	0.001
0.001	0.051	0.947	0.001
0.001	0.894	0.104	0.001
0.001	0.889	0.084	0.026
0.001	0.104	0.817	0.078
0.130	0.160	0.709	0.001
0.026	0.001	0.972	0.001
0.001	0.082	0.916	0.001
0.001	0.861	0.082	0.056
0.157	0.052	0.713	0.078
0.026	0.835	0.113	0.026
0.135	0.001	0.756	0.108
>CTCAGCAGTTTT	18-CTCAGCAGTTTT	9.923791	-21.359452	0	T:67.0(1.62%),B:18.4(0.38%),P:1e-9	Tpos:154.6,Tstd:87.1,Bpos:194.7,Bstd:193.1,StrandBias:0.0,Multiplicity:1.00
0.033	0.898	0.033	0.036
0.116	0.050	0.017	0.817
0.018	0.847	0.051	0.084
0.883	0.033	0.018	0.066
0.068	0.083	0.783	0.066
0.050	0.865	0.035	0.050
0.868	0.033	0.033	0.066
0.100	0.017	0.716	0.167
0.033	0.068	0.033	0.866
0.051	0.033	0.051	0.865
0.033	0.066	0.066	0.835
0.051	0.136	0.033	0.780
>CTCCGGGGAGGA	19-CTCCGGGGAGGA	10.085903	-20.265743	0	T:65.0(1.57%),B:18.3(0.38%),P:1e-8	Tpos:133.0,Tstd:88.3,Bpos:127.6,Bstd:80.6,StrandBias:0.2,Multiplicity:1.03
0.069	0.846	0.051	0.034
0.051	0.105	0.034	0.810
0.037	0.739	0.121	0.103
0.086	0.826	0.037	0.051
0.154	0.054	0.741	0.051
0.034	0.034	0.931	0.001
0.051	0.017	0.863	0.069
0.068	0.139	0.792	0.001
0.861	0.088	0.017	0.034
0.017	0.054	0.928	0.001
0.051	0.069	0.846	0.034
0.839	0.020	0.104	0.037
>GGCCTCGGGCTC	20-GGCCTCGGGCTC	10.549960	-19.072389	0	T:56.0(1.35%),B:14.6(0.30%),P:1e-8	Tpos:140.9,Tstd:84.9,Bpos:164.1,Bstd:137.4,StrandBias:-0.4,Multiplicity:1.11
0.079	0.001	0.841	0.079
0.001	0.082	0.878	0.039
0.001	0.788	0.171	0.040
0.001	0.880	0.001	0.118
0.001	0.213	0.162	0.624
0.040	0.869	0.040	0.051
0.132	0.169	0.659	0.040
0.039	0.079	0.881	0.001
0.001	0.049	0.871	0.079
0.001	0.959	0.039	0.001
0.001	0.039	0.089	0.871
0.001	0.875	0.082	0.042
>CCCGGCTCGCCC	21-CCCGGCTCGCCC	10.409522	-18.621100	0	T:40.0(0.96%),B:6.5(0.13%),P:1e-8	Tpos:132.6,Tstd:94.2,Bpos:143.4,Bstd:47.5,StrandBias:0.4,Multiplicity:1.05
0.100	0.700	0.100	0.100
0.100	0.700	0.100	0.100
0.100	0.700	0.100	0.100
0.100	0.100	0.700	0.100
0.100	0.100	0.700	0.100
0.100	0.700	0.100	0.100
0.100	0.100	0.100	0.700
0.100	0.700	0.100	0.100
0.100	0.100	0.700	0.100
0.100	0.700	0.100	0.100
0.100	0.700	0.100	0.100
0.100	0.700	0.100	0.100
>ACACACACACAC	22-ACACACACACAC	6.901849	-14.036021	0	T:552.0(13.31%),B:488.4(10.05%),P:1e-6	Tpos:148.5,Tstd:97.3,Bpos:139.8,Bstd:89.8,StrandBias:-0.1,Multiplicity:1.28
0.711	0.112	0.098	0.079
0.082	0.770	0.062	0.086
0.738	0.096	0.075	0.091
0.073	0.768	0.080	0.079
0.752	0.098	0.081	0.069
0.075	0.745	0.091	0.089
0.779	0.087	0.046	0.088
0.072	0.764	0.082	0.082
0.770	0.099	0.053	0.078
0.080	0.759	0.074	0.087
0.742	0.117	0.064	0.077
0.082	0.704	0.102	0.112
>AGCTCAGCCCAG	23-AGCTCAGCCCAG	11.193961	-13.573315	0	T:32.0(0.77%),B:6.8(0.14%),P:1e-5	Tpos:163.1,Tstd:98.8,Bpos:141.8,Bstd:45.8,StrandBias:1.7,Multiplicity:1.44
0.962	0.036	0.001	0.001
0.037	0.037	0.889	0.037
0.001	0.925	0.001	0.073
0.037	0.222	0.037	0.704
0.001	0.997	0.001	0.001
0.997	0.001	0.001	0.001
0.036	0.001	0.962	0.001
0.001	0.997	0.001	0.001
0.001	0.777	0.001	0.221
0.001	0.997	0.001	0.001
0.925	0.001	0.001	0.073
0.001	0.001	0.962	0.036
>CGGGCCGTGCGG	24-CGGGCCGTGCGG	9.583820	-11.687142	0	T:27.0(0.65%),B:5.4(0.11%),P:1e-5	Tpos:155.0,Tstd:96.2,Bpos:0.0,Bstd:0.0,StrandBias:1.4,Multiplicity:1.04
0.114	0.603	0.175	0.108
0.104	0.107	0.678	0.111
0.073	0.116	0.746	0.065
0.059	0.127	0.753	0.061
0.073	0.706	0.161	0.060
0.122	0.608	0.141	0.129
0.078	0.211	0.624	0.087
0.107	0.181	0.201	0.511
0.046	0.108	0.803	0.043
0.112	0.605	0.188	0.095
0.121	0.115	0.639	0.125
0.062	0.144	0.726	0.068
>GAATGGAGTGGA	25-GAATGGAGTGGA	11.005462	-11.676852	0	T:25.0(0.60%),B:4.2(0.09%),P:1e-5	Tpos:118.0,Tstd:71.7,Bpos:113.3,Bstd:44.5,StrandBias:3.8,Multiplicity:2.64
0.278	0.001	0.720	0.001
0.730	0.001	0.204	0.065
0.754	0.001	0.244	0.001
0.038	0.001	0.001	0.960
0.063	0.001	0.873	0.063
0.001	0.001	0.997	0.001
0.806	0.001	0.128	0.065
0.142	0.128	0.729	0.001
0.001	0.001	0.063	0.935
0.063	0.001	0.935	0.001
0.204	0.215	0.570	0.011
0.935	0.001	0.063	0.001
>TTAATA	1-TTAATA	6.396304	-38.359904	0	T:746.0(17.98%),B:568.1(11.69%),P:1e-16	Tpos:147.5,Tstd:97.9,Bpos:145.1,Bstd:113.7,StrandBias:0.0,Multiplicity:1.28
0.001	0.246	0.001	0.752
0.001	0.001	0.001	0.997
0.997	0.001	0.001	0.001
0.787	0.001	0.001	0.211
0.001	0.001	0.001	0.997
0.763	0.001	0.087	0.149
>CTAATT	2-CTAATT	4.831485	-19.925175	0	T:1414.0(34.09%),B:1377.1(28.33%),P:1e-8	Tpos:146.3,Tstd:100.7,Bpos:144.6,Bstd:103.7,StrandBias:-0.0,Multiplicity:1.45
0.001	0.680	0.001	0.318
0.001	0.001	0.057	0.941
0.997	0.001	0.001	0.001
0.997	0.001	0.001	0.001
0.001	0.001	0.001	0.997
0.001	0.001	0.201	0.797
>AGTGGG	3-AGTGGG	7.865864	-18.184417	0	T:901.0(21.72%),B:829.1(17.06%),P:1e-7	Tpos:145.7,Tstd:97.9,Bpos:142.3,Bstd:114.0,StrandBias:0.0,Multiplicity:1.18
0.997	0.001	0.001	0.001
0.001	0.001	0.997	0.001
0.001	0.001	0.001	0.997
0.001	0.146	0.852	0.001
0.001	0.001	0.997	0.001
0.242	0.001	0.756	0.001
>CTGTTG	4-CTGTTG	6.662846	-16.961723	0	T:838.0(20.20%),B:770.6(15.85%),P:1e-7	Tpos:140.2,Tstd:95.9,Bpos:143.8,Bstd:100.3,StrandBias:0.1,Multiplicity:1.14
0.001	0.997	0.001	0.001
0.001	0.194	0.001	0.804
0.001	0.001	0.997	0.001
0.001	0.001	0.001	0.997
0.001	0.001	0.001	0.997
0.001	0.001	0.997	0.001
>CGCGGC	5-CGCGGC	7.675042	-5.264247	0	T:511.0(12.32%),B:514.9(10.59%),P:1e-2	Tpos:159.8,Tstd:101.6,Bpos:150.6,Bstd:175.7,StrandBias:0.0,Multiplicity:1.90
0.001	0.997	0.001	0.001
0.093	0.001	0.905	0.001
0.001	0.997	0.001	0.001
0.001	0.300	0.698	0.001
0.001	0.158	0.840	0.001
0.001	0.997	0.001	0.001
>CACACA	6-CACACA	6.920440	-4.965669	0	T:1582.0(38.14%),B:1731.2(35.61%),P:1e-2	Tpos:147.1,Tstd:98.2,Bpos:142.0,Bstd:99.0,StrandBias:0.0,Multiplicity:1.48
0.001	0.997	0.001	0.001
0.997	0.001	0.001	0.001
0.001	0.747	0.251	0.001
0.997	0.001	0.001	0.001
0.001	0.997	0.001	0.001
0.997	0.001	0.001	0.001
>TATTAAT	1-TATTAAT	6.080212	-34.111212	0	T:778.0(18.76%),B:617.1(12.69%),P:1e-14	Tpos:142.1,Tstd:100.0,Bpos:148.7,Bstd:113.2,StrandBias:-0.1,Multiplicity:1.30
0.084	0.047	0.020	0.849
0.867	0.062	0.070	0.001
0.152	0.029	0.001	0.818
0.001	0.001	0.001	0.997
0.945	0.001	0.001	0.053
0.853	0.049	0.043	0.055
0.069	0.085	0.075	0.771
>CTAATTA	2-CTAATTA	6.193726	-32.782072	0	T:612.0(14.75%),B:459.5(9.45%),P:1e-14	Tpos:152.5,Tstd:100.9,Bpos:147.5,Bstd:95.2,StrandBias:-0.1,Multiplicity:1.14
0.042	0.768	0.068	0.122
0.001	0.001	0.021	0.977
0.943	0.001	0.001	0.055
0.978	0.001	0.020	0.001
0.033	0.001	0.066	0.900
0.075	0.110	0.041	0.774
0.858	0.062	0.036	0.044
>GGTGCTA	3-GGTGCTA	5.872914	-21.337935	0	T:968.0(23.34%),B:880.4(18.11%),P:1e-9	Tpos:145.6,Tstd:98.1,Bpos:138.8,Bstd:105.2,StrandBias:0.1,Multiplicity:1.17
0.105	0.001	0.893	0.001
0.001	0.174	0.792	0.033
0.001	0.094	0.034	0.871
0.001	0.069	0.929	0.001
0.001	0.925	0.036	0.038
0.038	0.103	0.049	0.810
0.836	0.001	0.162	0.001
>ACACACA	4-ACACACA	7.227758	-14.897218	0	T:920.0(22.18%),B:873.3(17.96%),P:1e-6	Tpos:144.8,Tstd:97.0,Bpos:141.3,Bstd:98.6,StrandBias:0.0,Multiplicity:1.30
0.997	0.001	0.001	0.001
0.001	0.997	0.001	0.001
0.997	0.001	0.001	0.001
0.001	0.849	0.149	0.001
0.835	0.163	0.001	0.001
0.001	0.997	0.001	0.001
0.878	0.001	0.120	0.001
>TCCACTC	5-TCCACTC	5.588438	-13.567176	0	T:1063.0(25.63%),B:1040.3(21.40%),P:1e-5	Tpos:142.8,Tstd:99.2,Bpos:150.0,Bstd:108.5,StrandBias:-0.5,Multiplicity:1.37
0.001	0.240	0.001	0.758
0.001	0.997	0.001	0.001
0.001	0.785	0.090	0.124
0.997	0.001	0.001	0.001
0.001	0.824	0.001	0.174
0.001	0.001	0.001	0.997
0.073	0.925	0.001	0.001
>GTCGACC	6-GTCGACC	7.122083	-13.561579	0	T:30.0(0.72%),B:5.7(0.12%),P:1e-5	Tpos:136.0,Tstd:89.5,Bpos:189.1,Bstd:66.3,StrandBias:-0.3,Multiplicity:1.00
0.001	0.001	0.997	0.001
0.001	0.001	0.001	0.997
0.001	0.997	0.001	0.001
0.001	0.001	0.997	0.001
0.997	0.001	0.001	0.001
0.001	0.997	0.001	0.001
0.001	0.615	0.077	0.307
>ACGTCTG	7-ACGTCTG	4.860310	-11.639499	0	T:251.0(6.05%),B:197.8(4.07%),P:1e-5	Tpos:154.6,Tstd:90.1,Bpos:137.0,Bstd:121.1,StrandBias:-0.2,Multiplicity:1.07
0.997	0.001	0.001	0.001
0.001	0.997	0.001	0.001
0.001	0.001	0.997	0.001
0.001	0.001	0.001	0.997
0.001	0.912	0.001	0.086
0.001	0.094	0.103	0.802
0.093	0.001	0.905	0.001
>CCGCGGC	8-CCGCGGC	1.886996	-5.381280	0	T:2198.0(52.99%),B:2441.5(50.22%),P:1e-2	Tpos:155.8,Tstd:102.9,Bpos:137.4,Bstd:166.9,StrandBias:-0.0,Multiplicity:5.96
0.001	0.812	0.136	0.051
0.001	0.844	0.154	0.001
0.061	0.091	0.847	0.001
0.001	0.997	0.001	0.001
0.001	0.177	0.821	0.001
0.044	0.049	0.906	0.001
0.043	0.904	0.052	0.001
>TCGCGCG	9-TCGCGCG	6.264665	-3.296430	0	T:178.0(4.29%),B:172.8(3.55%),P:1e-1	Tpos:153.0,Tstd:98.2,Bpos:124.4,Bstd:97.1,StrandBias:0.2,Multiplicity:1.00
0.001	0.001	0.001	0.997
0.119	0.879	0.001	0.001
0.212	0.001	0.786	0.001
0.001	0.997	0.001	0.001
0.001	0.047	0.951	0.001
0.001	0.997	0.001	0.001
0.001	0.001	0.997	0.001
>HTAWTARG	1-HTAWTARG	5.940182	-40.350899	0	T:1017.0(24.52%),B:832.5(17.12%),P:1e-17	Tpos:151.6,Tstd:100.6,Bpos:144.4,Bstd:111.8,StrandBias:-0.1,Multiplicity:1.31
0.355	0.335	0.001	0.309
0.207	0.001	0.001	0.791
0.997	0.001	0.001	0.001
0.517	0.001	0.001	0.481
0.001	0.001	0.001	0.997
0.657	0.001	0.001	0.341
0.430	0.045	0.498	0.027
0.109	0.132	0.457	0.302
>ATTAGCAC	2-ATTAGCAC	6.168020	-32.683934	0	T:529.0(12.75%),B:380.0(7.82%),P:1e-14	Tpos:148.9,Tstd:100.7,Bpos:148.8,Bstd:99.4,StrandBias:-0.2,Multiplicity:1.08
0.964	0.034	0.001	0.001
0.038	0.001	0.062	0.899
0.032	0.145	0.001	0.822
0.884	0.114	0.001	0.001
0.001	0.049	0.870	0.080
0.199	0.711	0.017	0.073
0.968	0.030	0.001	0.001
0.069	0.929	0.001	0.001
>GTTAATTA	3-GTTAATTA	6.717293	-25.427200	0	T:488.0(11.76%),B:368.4(7.58%),P:1e-11	Tpos:146.5,Tstd:91.8,Bpos:150.1,Bstd:103.4,StrandBias:-0.0,Multiplicity:1.09
0.049	0.038	0.854	0.059
0.034	0.033	0.085	0.848
0.001	0.021	0.064	0.914
0.890	0.049	0.022	0.039
0.934	0.001	0.001	0.064
0.001	0.057	0.001	0.941
0.042	0.030	0.065	0.863
0.812	0.044	0.087	0.057
>TGACGCTG	4-TGACGCTG	6.298716	-24.235194	0	T:599.0(14.44%),B:482.7(9.93%),P:1e-10	Tpos:147.7,Tstd:103.2,Bpos:146.9,Bstd:107.2,StrandBias:0.0,Multiplicity:1.12
0.001	0.057	0.040	0.902
0.012	0.001	0.905	0.082
0.975	0.001	0.001	0.023
0.080	0.773	0.087	0.060
0.091	0.031	0.877	0.001
0.001	0.933	0.045	0.021
0.070	0.132	0.018	0.780
0.003	0.057	0.939	0.001
>CCCCACTA	5-CCCCACTA	5.555430	-23.502653	0	T:989.0(23.84%),B:889.4(18.29%),P:1e-10	Tpos:142.5,Tstd:96.3,Bpos:138.5,Bstd:116.8,StrandBias:-0.3,Multiplicity:1.21
0.081	0.738	0.095	0.086
0.069	0.698	0.112	0.121
0.061	0.832	0.084	0.023
0.080	0.762	0.109	0.049
0.765	0.100	0.067	0.068
0.044	0.784	0.087	0.085
0.040	0.063	0.090	0.807
0.622	0.191	0.141	0.046
>GAAGCGGG	6-GAAGCGGG	6.594948	-23.085778	0	T:752.0(18.13%),B:643.2(13.23%),P:1e-10	Tpos:150.0,Tstd:98.0,Bpos:140.7,Bstd:128.5,StrandBias:-0.0,Multiplicity:1.21
0.058	0.027	0.914	0.001
0.938	0.032	0.029	0.001
0.728	0.076	0.182	0.014
0.096	0.037	0.839	0.028
0.001	0.890	0.001	0.108
0.062	0.073	0.835	0.030
0.001	0.061	0.924	0.014
0.046	0.001	0.930	0.023
>GCGTCGCC	7-GCGTCGCC	7.220950	-22.745783	0	T:66.0(1.59%),B:17.0(0.35%),P:1e-9	Tpos:165.3,Tstd:85.8,Bpos:86.4,Bstd:99.9,StrandBias:-0.3,Multiplicity:1.03
0.001	0.001	0.997	0.001
0.001	0.997	0.001	0.001
0.001	0.001	0.997	0.001
0.279	0.001	0.001	0.719
0.001	0.997	0.001	0.001
0.001	0.001	0.997	0.001
0.086	0.912	0.001	0.001
0.001	0.883	0.115	0.001
>GACGCKCT	8-GACGCKCT	7.145198	-22.711453	0	T:389.0(9.38%),B:284.7(5.86%),P:1e-9	Tpos:163.3,Tstd:101.3,Bpos:138.7,Bstd:135.3,StrandBias:0.2,Multiplicity:1.13
0.003	0.001	0.812	0.184
0.476	0.166	0.254	0.105
0.003	0.799	0.196	0.002
0.110	0.003	0.883	0.004
0.126	0.805	0.067	0.002
0.136	0.225	0.260	0.380
0.001	0.975	0.023	0.001
0.001	0.001	0.001	0.997
>CCGTTGTT	9-CCGTTGTT	6.643950	-22.182517	0	T:355.0(8.56%),B:254.0(5.22%),P:1e-9	Tpos:143.0,Tstd:98.1,Bpos:159.4,Bstd:112.9,StrandBias:0.1,Multiplicity:1.04
0.080	0.888	0.001	0.031
0.084	0.797	0.032	0.087
0.001	0.081	0.830	0.088
0.001	0.038	0.001	0.960
0.001	0.019	0.023	0.957
0.078	0.051	0.810	0.061
0.012	0.046	0.080	0.862
0.012	0.058	0.039	0.891
>GCCGTGGG	10-GCCGTGGG	4.678957	-21.993764	0	T:260.0(6.27%),B:168.3(3.46%),P:1e-9	Tpos:144.7,Tstd:92.9,Bpos:147.2,Bstd:104.0,StrandBias:-0.2,Multiplicity:1.07
0.001	0.001	0.960	0.038
0.001	0.997	0.001	0.001
0.044	0.954	0.001	0.001
