>TTTCAACAA	1-TTTCAACAA	8.281419	-187.284230	0	T:72.0(4.13%),B:0.8(0.10%),P:1e-81	Tpos:168.5,Tstd:113.3,Bpos:57.0,Bstd:0.0,StrandBias:0.6,Multiplicity:1.06
0.001	0.160	0.001	0.838
0.001	0.001	0.001	0.997
0.001	0.001	0.001	0.997
0.001	0.657	0.160	0.182
0.909	0.089	0.001	0.001
0.636	0.160	0.001	0.203
0.001	0.997	0.001	0.001
0.997	0.001	0.001	0.001
0.782	0.001	0.057	0.160
>YTGRAGATT	2-YTGRAGATT	7.866527	-173.170404	0	T:68.0(3.90%),B:1.7(0.21%),P:1e-75	Tpos:153.5,Tstd:91.6,Bpos:119.0,Bstd:0.0,StrandBias:-0.4,Multiplicity:1.02
0.097	0.393	0.064	0.446
0.039	0.011	0.302	0.648
0.011	0.001	0.977	0.011
0.424	0.268	0.286	0.023
0.790	0.001	0.001	0.208
0.020	0.033	0.946	0.001
0.917	0.080	0.001	0.002
0.093	0.004	0.011	0.892
0.015	0.001	0.167	0.817
>ATAGGAATC	3-ATAGGAATC	6.968936	-145.172124	0	T:74.0(4.24%),B:2.6(0.32%),P:1e-63	Tpos:160.3,Tstd:95.8,Bpos:204.3,Bstd:140.0,StrandBias:0.3,Multiplicity:1.01
0.750	0.070	0.037	0.143
0.042	0.095	0.040	0.823
0.781	0.063	0.076	0.080
0.067	0.015	0.807	0.111
0.192	0.043	0.694	0.071
0.831	0.103	0.029	0.037
0.865	0.076	0.023	0.036
0.131	0.066	0.114	0.689
0.043	0.797	0.097	0.063
>CTCATGATA	4-CTCATGATA	7.084720	-128.077894	0	T:68.0(3.90%),B:2.7(0.33%),P:1e-55	Tpos:143.7,Tstd:110.8,Bpos:165.3,Bstd:48.1,StrandBias:-0.5,Multiplicity:1.01
0.016	0.967	0.001	0.016
0.001	0.001	0.015	0.983
0.001	0.865	0.133	0.001
0.923	0.016	0.001	0.060
0.134	0.001	0.016	0.849
0.001	0.001	0.997	0.001
0.623	0.001	0.360	0.016
0.001	0.001	0.059	0.939
0.864	0.016	0.060	0.060
>ATAAGTTTG	5-ATAAGTTTG	6.896543	-120.646340	0	T:112.0(6.42%),B:8.4(1.04%),P:1e-52	Tpos:149.2,Tstd:94.7,Bpos:207.0,Bstd:84.7,StrandBias:-0.3,Multiplicity:1.04
0.870	0.016	0.048	0.066
0.134	0.068	0.119	0.679
0.736	0.118	0.128	0.018
0.745	0.014	0.042	0.199
0.052	0.042	0.765	0.141
0.037	0.031	0.114	0.818
0.035	0.087	0.114	0.764
0.052	0.033	0.035	0.880
0.039	0.113	0.761	0.087
>TAGAAATTT	6-TAGAAATTT	7.889637	-119.299781	0	T:52.0(2.98%),B:1.4(0.18%),P:1e-51	Tpos:143.6,Tstd:94.5,Bpos:129.0,Bstd:63.1,StrandBias:-0.1,Multiplicity:1.02
0.144	0.234	0.093	0.529
0.774	0.006	0.083	0.137
0.050	0.026	0.807	0.117
0.817	0.090	0.070	0.023
0.827	0.098	0.026	0.049
0.836	0.071	0.023	0.070
0.004	0.166	0.130	0.700
0.040	0.030	0.069	0.861
0.077	0.007	0.053	0.863
>GGCATCGAT	7-GGCATCGAT	7.641013	-103.435450	0	T:47.0(2.69%),B:1.9(0.23%),P:1e-44	Tpos:134.7,Tstd:101.6,Bpos:152.9,Bstd:45.9,StrandBias:0.5,Multiplicity:1.00
0.022	0.016	0.946	0.016
0.045	0.022	0.890	0.043
0.018	0.950	0.018	0.014
0.716	0.171	0.024	0.089
0.018	0.102	0.082	0.798
0.064	0.584	0.212	0.140
0.033	0.064	0.770	0.133
0.630	0.207	0.054	0.109
0.051	0.080	0.131	0.738
>TGTAACTAA	8-TGTAACTAA	6.536407	-95.422662	0	T:65.0(3.73%),B:3.8(0.47%),P:1e-41	Tpos:136.1,Tstd:87.5,Bpos:159.0,Bstd:124.3,StrandBias:0.0,Multiplicity:1.05
0.099	0.041	0.119	0.741
0.110	0.061	0.671	0.158
0.260	0.088	0.107	0.545
0.746	0.091	0.078	0.085
0.723	0.085	0.095	0.097
0.151	0.605	0.126	0.118
0.182	0.132	0.065	0.621
0.674	0.136	0.083	0.107
0.680	0.107	0.096	0.117
>CATTGATAT	9-CATTGATAT	8.114237	-88.112069	0	T:42.0(2.41%),B:1.5(0.18%),P:1e-38	Tpos:129.9,Tstd:77.6,Bpos:38.0,Bstd:0.0,StrandBias:0.1,Multiplicity:1.02
0.001	0.975	0.001	0.023
0.684	0.057	0.001	0.258
0.001	0.023	0.001	0.975
0.023	0.001	0.001	0.975
0.174	0.317	0.508	0.001
0.971	0.007	0.021	0.001
0.005	0.164	0.001	0.830
0.614	0.265	0.001	0.120
0.001	0.297	0.124	0.578
>AATCTTTAA	10-AATCTTTAA	5.957158	-81.458931	0	T:129.0(7.40%),B:16.2(2.00%),P:1e-35	Tpos:148.5,Tstd:103.2,Bpos:192.0,Bstd:85.4,StrandBias:0.2,Multiplicity:1.05
0.662	0.123	0.085	0.130
0.576	0.118	0.143	0.163
0.156	0.105	0.137	0.602
0.092	0.644	0.085	0.179
0.097	0.074	0.031	0.798
0.082	0.118	0.102	0.698
0.102	0.142	0.126	0.630
0.624	0.143	0.121	0.112
0.767	0.087	0.087	0.059
>WAGGGMAAT	11-WAGGGMAAT	8.005196	-78.837480	0	T:89.0(5.10%),B:8.0(0.99%),P:1e-34	Tpos:164.5,Tstd:88.4,Bpos:172.4,Bstd:115.5,StrandBias:0.4,Multiplicity:1.02
0.497	0.001	0.001	0.501
0.861	0.001	0.137	0.001
0.167	0.001	0.831	0.001
0.001	0.001	0.997	0.001
0.001	0.001	0.997	0.001
0.404	0.479	0.116	0.001
0.997	0.001	0.001	0.001
0.554	0.342	0.037	0.067
0.001	0.198	0.143	0.658
>GTCAACCTT	12-GTCAACCTT	7.546438	-78.405074	0	T:94.0(5.39%),B:9.3(1.15%),P:1e-34	Tpos:154.3,Tstd:109.4,Bpos:150.9,Bstd:110.4,StrandBias:-0.4,Multiplicity:1.02
0.001	0.020	0.959	0.020
0.001	0.166	0.166	0.667
0.020	0.959	0.001	0.020
0.979	0.001	0.001	0.019
0.758	0.001	0.075	0.166
0.020	0.959	0.020	0.001
0.001	0.997	0.001	0.001
0.001	0.020	0.020	0.959
0.075	0.020	0.075	0.830
>ACGACATTG	13-ACGACATTG	6.592938	-67.688849	0	T:35.0(2.01%),B:1.8(0.23%),P:1e-29	Tpos:167.5,Tstd:125.0,Bpos:128.1,Bstd:32.6,StrandBias:1.2,Multiplicity:1.06
0.692	0.097	0.149	0.062
0.136	0.545	0.187	0.132
0.116	0.197	0.607	0.080
0.652	0.126	0.132	0.090
0.089	0.777	0.109	0.025
0.716	0.090	0.066	0.128
0.073	0.169	0.139	0.619
0.077	0.105	0.127	0.691
0.055	0.125	0.704	0.116
>AAACCGGTT	14-AAACCGGTT	6.885660	-65.726872	0	T:44.0(2.52%),B:2.6(0.32%),P:1e-28	Tpos:159.8,Tstd:99.4,Bpos:92.0,Bstd:63.3,StrandBias:0.1,Multiplicity:1.02
0.729	0.136	0.098	0.037
0.789	0.087	0.095	0.029
0.700	0.091	0.137	0.072
0.077	0.707	0.165	0.051
0.132	0.637	0.058	0.173
0.244	0.082	0.494	0.180
0.049	0.181	0.733	0.037
0.123	0.130	0.135	0.612
0.064	0.147	0.188	0.601
>SAAACGTTT	15-SAAACGTTT	5.837843	-62.100894	0	T:33.0(1.89%),B:1.7(0.21%),P:1e-26	Tpos:162.2,Tstd:98.3,Bpos:226.4,Bstd:36.4,StrandBias:-0.1,Multiplicity:1.06
0.221	0.268	0.382	0.129
0.686	0.110	0.113	0.091
0.620	0.134	0.167	0.079
0.662	0.079	0.142	0.117
0.151	0.500	0.211	0.138
0.168	0.170	0.501	0.161
0.067	0.145	0.120	0.668
0.127	0.161	0.166	0.546
0.163	0.161	0.238	0.438
>AAGCTAGCA	16-AAGCTAGCA	7.320664	-57.870797	0	T:76.0(4.36%),B:8.5(1.04%),P:1e-25	Tpos:152.9,Tstd:97.1,Bpos:194.4,Bstd:133.4,StrandBias:-0.6,Multiplicity:1.03
0.700	0.100	0.100	0.100
0.700	0.100	0.100	0.100
0.100	0.100	0.700	0.100
0.100	0.700	0.100	0.100
0.100	0.100	0.100	0.700
0.700	0.100	0.100	0.100
0.100	0.100	0.700	0.100
0.100	0.700	0.100	0.100
0.700	0.100	0.100	0.100
>GTGTWCRTA	17-GTGTWCRTA	6.928715	-51.610836	0	T:62.0(3.56%),B:6.6(0.82%),P:1e-22	Tpos:158.5,Tstd:97.2,Bpos:182.8,Bstd:56.3,StrandBias:0.4,Multiplicity:1.05
0.031	0.042	0.825	0.102
0.085	0.001	0.044	0.870
0.014	0.018	0.943	0.025
0.025	0.214	0.119	0.642
0.436	0.082	0.179	0.303
0.066	0.615	0.123	0.196
0.356	0.203	0.318	0.123
0.011	0.377	0.050	0.562
0.721	0.024	0.116	0.139
>TGATTCGAC	18-TGATTCGAC	7.320664	-49.795912	0	T:37.0(2.12%),B:3.0(0.37%),P:1e-21	Tpos:152.8,Tstd:91.7,Bpos:125.6,Bstd:11.6,StrandBias:0.7,Multiplicity:1.00
0.100	0.100	0.100	0.700
0.100	0.100	0.700	0.100
0.700	0.100	0.100	0.100
0.100	0.100	0.100	0.700
0.100	0.100	0.100	0.700
0.100	0.700	0.100	0.100
0.100	0.100	0.700	0.100
0.700	0.100	0.100	0.100
0.100	0.700	0.100	0.100
>CCATAATAA	19-CCATAATAA	7.320664	-47.995161	0	T:43.0(2.47%),B:3.8(0.47%),P:1e-20	Tpos:149.6,Tstd:107.1,Bpos:119.0,Bstd:48.9,StrandBias:-0.5,Multiplicity:1.05
0.100	0.700	0.100	0.100
0.100	0.700	0.100	0.100
0.700	0.100	0.100	0.100
0.100	0.100	0.100	0.700
0.700	0.100	0.100	0.100
0.700	0.100	0.100	0.100
0.100	0.100	0.100	0.700
0.700	0.100	0.100	0.100
0.700	0.100	0.100	0.100
>TAGAGCCCA	20-TAGAGCCCA	7.320664	-47.477848	0	T:117.0(6.71%),B:20.8(2.57%),P:1e-20	Tpos:155.6,Tstd:113.1,Bpos:190.0,Bstd:82.8,StrandBias:-0.1,Multiplicity:1.09
0.100	0.100	0.100	0.700
0.700	0.100	0.100	0.100
0.100	0.100	0.700	0.100
0.700	0.100	0.100	0.100
0.100	0.100	0.700	0.100
0.100	0.700	0.100	0.100
0.100	0.700	0.100	0.100
0.100	0.700	0.100	0.100
0.700	0.100	0.100	0.100
>AAACTAATN	21-AAACTAATN	5.949308	-40.459623	0	T:39.0(2.24%),B:3.4(0.42%),P:1e-17	Tpos:153.5,Tstd:110.6,Bpos:126.3,Bstd:119.6,StrandBias:0.2,Multiplicity:1.03
0.452	0.204	0.185	0.159
0.715	0.127	0.081	0.077
0.672	0.101	0.143	0.084
0.154	0.602	0.133	0.111
0.226	0.126	0.108	0.540
0.582	0.175	0.151	0.092
0.685	0.130	0.089	0.096
0.175	0.167	0.200	0.458
0.216	0.297	0.294	0.193
>ATCTATGTC	22-ATCTATGTC	8.088361	-34.434515	0	T:41.0(2.35%),B:4.5(0.56%),P:1e-14	Tpos:123.2,Tstd:79.4,Bpos:125.2,Bstd:50.0,StrandBias:-0.1,Multiplicity:1.10
0.608	0.297	0.040	0.055
0.045	0.026	0.027	0.902
0.024	0.801	0.067	0.108
0.016	0.068	0.028	0.888
0.522	0.316	0.123	0.039
0.021	0.017	0.040	0.922
0.039	0.108	0.696	0.157
0.050	0.044	0.018	0.888
0.078	0.794	0.108	0.020
>AACTAACTA	23-AACTAACTA	6.455084	-34.340172	0	T:55.0(3.15%),B:7.9(0.98%),P:1e-14	Tpos:167.6,Tstd:83.9,Bpos:110.0,Bstd:57.8,StrandBias:0.2,Multiplicity:1.06
0.806	0.056	0.048	0.090
0.669	0.122	0.109	0.100
0.189	0.583	0.147	0.081
0.191	0.208	0.069	0.532
0.732	0.101	0.087	0.080
0.712	0.133	0.063	0.092
0.154	0.659	0.126	0.061
0.163	0.150	0.057	0.630
0.680	0.099	0.108	0.113
>CAGAGGGAG	24-CAGAGGGAG	9.266574	-29.940317	0	T:33.0(1.89%),B:3.4(0.42%),P:1e-13	Tpos:146.4,Tstd:84.6,Bpos:142.2,Bstd:34.9,StrandBias:-0.6,Multiplicity:1.00
0.100	0.700	0.100	0.100
0.700	0.100	0.100	0.100
0.100	0.100	0.700	0.100
0.700	0.100	0.100	0.100
0.100	0.100	0.700	0.100
0.100	0.100	0.700	0.100
0.100	0.100	0.700	0.100
0.700	0.100	0.100	0.100
0.100	0.100	0.700	0.100
>GGGGCCCCA	25-GGGGCCCCA	10.010765	-29.940317	0	T:33.0(1.89%),B:3.7(0.45%),P:1e-13	Tpos:136.9,Tstd:91.3,Bpos:128.7,Bstd:34.4,StrandBias:-0.6,Multiplicity:1.00
0.001	0.001	0.997	0.001
0.001	0.001	0.997	0.001
0.001	0.001	0.997	0.001
0.001	0.001	0.997	0.001
0.001	0.997	0.001	0.001
0.087	0.911	0.001	0.001
0.001	0.997	0.001	0.001
0.001	0.997	0.001	0.001
0.997	0.001	0.001	0.001
