>TTGTGTAT	1-TTGTGTAT	5.337647	-149.064615	0	T:61.0(3.50%),B:0.9(0.11%),P:1e-64	Tpos:168.1,Tstd:95.8,Bpos:188.9,Bstd:24.2,StrandBias:0.4,Multiplicity:1.02
0.034	0.001	0.001	0.964
0.032	0.001	0.076	0.891
0.001	0.001	0.997	0.001
0.108	0.001	0.001	0.890
0.001	0.018	0.980	0.001
0.001	0.001	0.001	0.997
0.997	0.001	0.001	0.001
0.001	0.017	0.001	0.981
>GTGTGTTT	2-GTGTGTTT	8.363276	-111.530307	0	T:62.0(3.56%),B:2.7(0.33%),P:1e-48	Tpos:149.5,Tstd:99.2,Bpos:148.1,Bstd:67.4,StrandBias:-0.4,Multiplicity:1.03
0.258	0.001	0.740	0.001
0.001	0.001	0.001	0.997
0.001	0.001	0.997	0.001
0.001	0.001	0.001	0.997
0.001	0.001	0.997	0.001
0.001	0.001	0.001	0.997
0.001	0.001	0.001	0.997
0.090	0.001	0.001	0.908
>TTTCAACA	3-TTTCAACA	5.381281	-107.970875	0	T:161.0(9.23%),B:19.9(2.45%),P:1e-46	Tpos:150.1,Tstd:116.4,Bpos:144.8,Bstd:93.8,StrandBias:0.2,Multiplicity:1.05
0.001	0.001	0.156	0.842
0.049	0.001	0.001	0.949
0.001	0.056	0.001	0.942
0.001	0.997	0.001	0.001
0.881	0.001	0.117	0.001
0.997	0.001	0.001	0.001
0.001	0.773	0.225	0.001
0.949	0.001	0.001	0.049
>GCAATCTT	4-GCAATCTT	6.910191	-106.857468	0	T:78.0(4.47%),B:4.5(0.55%),P:1e-46	Tpos:154.1,Tstd:102.6,Bpos:244.8,Bstd:90.4,StrandBias:0.1,Multiplicity:1.03
0.001	0.001	0.997	0.001
0.001	0.997	0.001	0.001
0.997	0.001	0.001	0.001
0.862	0.136	0.001	0.001
0.001	0.127	0.001	0.871
0.001	0.899	0.099	0.001
0.001	0.001	0.001	0.997
0.001	0.001	0.001	0.997
>TTAGTTAC	5-TTAGTTAC	4.789153	-88.183480	0	T:209.0(11.98%),B:35.2(4.34%),P:1e-38	Tpos:137.9,Tstd:94.1,Bpos:137.6,Bstd:115.6,StrandBias:0.3,Multiplicity:1.11
0.100	0.159	0.109	0.632
0.129	0.138	0.118	0.615
0.639	0.058	0.140	0.163
0.076	0.081	0.655	0.188
0.146	0.125	0.114	0.615
0.113	0.103	0.127	0.657
0.570	0.177	0.088	0.165
0.125	0.618	0.130	0.127
>GGGTTAGC	6-GGGTTAGC	7.894988	-83.486790	0	T:74.0(4.24%),B:5.6(0.69%),P:1e-36	Tpos:154.3,Tstd:107.0,Bpos:96.9,Bstd:105.4,StrandBias:-0.1,Multiplicity:1.03
0.009	0.158	0.541	0.292
0.006	0.002	0.991	0.001
0.001	0.002	0.644	0.353
0.009	0.001	0.002	0.988
0.267	0.002	0.001	0.730
0.624	0.001	0.368	0.007
0.019	0.001	0.979	0.001
0.105	0.736	0.158	0.001
>AACCATAG	7-AACCATAG	7.437510	-83.305422	0	T:112.0(6.42%),B:12.2(1.51%),P:1e-36	Tpos:151.2,Tstd:104.3,Bpos:163.3,Bstd:88.7,StrandBias:0.8,Multiplicity:1.03
0.997	0.001	0.001	0.001
0.776	0.001	0.222	0.001
0.026	0.972	0.001	0.001
0.123	0.847	0.002	0.028
0.678	0.320	0.001	0.001
0.001	0.001	0.321	0.677
0.555	0.228	0.216	0.001
0.001	0.003	0.820	0.176
>GTAAACTA	8-GTAAACTA	5.634058	-83.259403	0	T:86.0(4.93%),B:7.0(0.87%),P:1e-36	Tpos:135.4,Tstd:77.2,Bpos:85.7,Bstd:43.4,StrandBias:0.7,Multiplicity:1.05
0.001	0.001	0.997	0.001
0.001	0.001	0.023	0.975
0.997	0.001	0.001	0.001
0.997	0.001	0.001	0.001
0.997	0.001	0.001	0.001
0.001	0.997	0.001	0.001
0.001	0.189	0.021	0.789
0.997	0.001	0.001	0.001
>ATTTGGGG	9-ATTTGGGG	9.088821	-77.132268	0	T:57.0(3.27%),B:3.9(0.49%),P:1e-33	Tpos:166.9,Tstd:129.4,Bpos:79.1,Bstd:41.5,StrandBias:-0.5,Multiplicity:1.02
0.997	0.001	0.001	0.001
0.001	0.001	0.001	0.997
0.001	0.001	0.001	0.997
0.001	0.001	0.001	0.997
0.001	0.001	0.997	0.001
0.001	0.001	0.997	0.001
0.216	0.001	0.645	0.138
0.001	0.001	0.997	0.001
>CAASAAKA	10-CAASAAKA	8.147261	-68.652742	0	T:60.0(3.44%),B:4.8(0.60%),P:1e-29	Tpos:155.7,Tstd:88.3,Bpos:152.6,Bstd:99.8,StrandBias:0.1,Multiplicity:1.03
0.001	0.991	0.001	0.007
0.624	0.372	0.003	0.001
0.997	0.001	0.001	0.001
0.001	0.519	0.472	0.008
0.851	0.147	0.001	0.001
0.636	0.003	0.001	0.360
0.001	0.001	0.486	0.512
0.997	0.001	0.001	0.001
>TGGCTATT	11-TGGCTATT	6.151932	-67.266543	0	T:87.0(4.99%),B:9.6(1.18%),P:1e-29	Tpos:158.5,Tstd:91.2,Bpos:182.2,Bstd:40.3,StrandBias:0.7,Multiplicity:1.04
0.001	0.001	0.001	0.997
0.001	0.001	0.997	0.001
0.001	0.001	0.885	0.113
0.043	0.955	0.001	0.001
0.001	0.001	0.001	0.997
0.929	0.069	0.001	0.001
0.024	0.001	0.001	0.974
0.001	0.001	0.001	0.997
>GCTSAGTG	12-GCTSAGTG	7.645674	-63.760629	0	T:103.0(5.91%),B:13.4(1.66%),P:1e-27	Tpos:135.8,Tstd:89.3,Bpos:156.5,Bstd:70.9,StrandBias:-0.1,Multiplicity:1.02
0.147	0.001	0.851	0.001
0.230	0.714	0.001	0.055
0.001	0.001	0.001	0.997
0.100	0.490	0.409	0.001
0.810	0.015	0.001	0.174
0.174	0.028	0.770	0.028
0.100	0.148	0.001	0.751
0.275	0.001	0.723	0.001
>TGAAATAC	13-TGAAATAC	8.438233	-63.377847	0	T:43.0(2.47%),B:2.0(0.25%),P:1e-27	Tpos:145.8,Tstd:89.7,Bpos:59.0,Bstd:0.0,StrandBias:-0.5,Multiplicity:1.00
0.001	0.001	0.001	0.997
0.001	0.001	0.997	0.001
0.997	0.001	0.001	0.001
0.997	0.001	0.001	0.001
0.997	0.001	0.001	0.001
0.001	0.001	0.001	0.997
0.997	0.001	0.001	0.001
0.072	0.926	0.001	0.001
>TTACCTGA	14-TTACCTGA	9.074222	-58.750712	0	T:41.0(2.35%),B:2.9(0.36%),P:1e-25	Tpos:167.6,Tstd:84.9,Bpos:109.9,Bstd:44.9,StrandBias:1.2,Multiplicity:1.08
0.001	0.001	0.001	0.997
0.001	0.001	0.001	0.997
0.862	0.001	0.001	0.136
0.001	0.997	0.001	0.001
0.001	0.997	0.001	0.001
0.001	0.001	0.001	0.997
0.001	0.001	0.997	0.001
0.997	0.001	0.001	0.001
>TTCTGAAG	15-TTCTGAAG	7.990208	-56.473690	0	T:40.0(2.29%),B:2.8(0.35%),P:1e-24	Tpos:154.0,Tstd:89.4,Bpos:194.6,Bstd:55.3,StrandBias:0.6,Multiplicity:1.02
0.001	0.001	0.001	0.997
0.046	0.001	0.001	0.952
0.001	0.997	0.001	0.001
0.001	0.001	0.001	0.997
0.001	0.001	0.997	0.001
0.997	0.001	0.001	0.001
0.997	0.001	0.001	0.001
0.001	0.001	0.997	0.001
>ACCACATC	16-ACCACATC	9.144005	-55.813744	0	T:97.0(5.56%),B:13.6(1.68%),P:1e-24	Tpos:139.3,Tstd:72.7,Bpos:142.3,Bstd:78.7,StrandBias:-0.2,Multiplicity:1.06
0.624	0.374	0.001	0.001
0.001	0.997	0.001	0.001
0.001	0.997	0.001	0.001
0.997	0.001	0.001	0.001
0.001	0.997	0.001	0.001
0.765	0.233	0.001	0.001
0.001	0.001	0.001	0.997
0.001	0.997	0.001	0.001
>AAAGCTGC	17-AAAGCTGC	10.140453	-47.080449	0	T:54.0(3.10%),B:5.8(0.71%),P:1e-20	Tpos:135.0,Tstd:108.1,Bpos:236.7,Bstd:105.5,StrandBias:0.4,Multiplicity:1.02
0.997	0.001	0.001	0.001
0.997	0.001	0.001	0.001
0.997	0.001	0.001	0.001
0.001	0.395	0.603	0.001
0.001	0.997	0.001	0.001
0.001	0.001	0.001	0.997
0.001	0.001	0.997	0.001
0.001	0.997	0.001	0.001
>GAGAGTGT	18-GAGAGTGT	8.190435	-45.309082	0	T:58.0(3.33%),B:6.2(0.77%),P:1e-19	Tpos:149.5,Tstd:90.3,Bpos:201.1,Bstd:44.7,StrandBias:0.0,Multiplicity:1.09
0.001	0.001	0.997	0.001
0.887	0.111	0.001	0.001
0.001	0.001	0.997	0.001
0.927	0.071	0.001	0.001
0.001	0.001	0.997	0.001
0.001	0.111	0.001	0.887
0.001	0.001	0.997	0.001
0.001	0.001	0.001	0.997
>ATGAATCA	19-ATGAATCA	9.289569	-43.361974	0	T:34.0(1.95%),B:2.7(0.33%),P:1e-18	Tpos:168.7,Tstd:81.2,Bpos:39.0,Bstd:0.0,StrandBias:-0.5,Multiplicity:1.03
0.735	0.003	0.001	0.261
0.001	0.003	0.003	0.993
0.001	0.001	0.997	0.001
0.992	0.001	0.006	0.001
0.897	0.080	0.005	0.018
0.001	0.003	0.001	0.995
0.148	0.742	0.001	0.109
0.973	0.001	0.025	0.001
>CTGAGAGG	20-CTGAGAGG	8.236954	-37.828317	0	T:53.0(3.04%),B:6.3(0.77%),P:1e-16	Tpos:147.2,Tstd:85.5,Bpos:156.0,Bstd:87.4,StrandBias:0.6,Multiplicity:1.04
0.100	0.700	0.100	0.100
0.100	0.100	0.100	0.700
0.100	0.100	0.700	0.100
0.700	0.100	0.100	0.100
0.100	0.100	0.700	0.100
0.700	0.100	0.100	0.100
0.100	0.100	0.700	0.100
0.100	0.100	0.700	0.100
>TCCCCGCA	21-TCCCCGCA	8.236954	-37.523370	0	T:48.0(2.75%),B:5.8(0.72%),P:1e-16	Tpos:163.6,Tstd:127.3,Bpos:158.9,Bstd:72.9,StrandBias:-0.6,Multiplicity:1.02
0.100	0.100	0.100	0.700
0.100	0.700	0.100	0.100
0.100	0.700	0.100	0.100
0.100	0.700	0.100	0.100
0.100	0.700	0.100	0.100
0.100	0.100	0.700	0.100
0.100	0.700	0.100	0.100
0.700	0.100	0.100	0.100
>TCTTCAGC	22-TCTTCAGC	8.236954	-35.198536	0	T:30.0(1.72%),B:2.4(0.29%),P:1e-15	Tpos:137.4,Tstd:94.1,Bpos:291.7,Bstd:80.3,StrandBias:0.3,Multiplicity:1.03
0.100	0.100	0.100	0.700
0.100	0.700	0.100	0.100
0.100	0.100	0.100	0.700
0.100	0.100	0.100	0.700
0.100	0.700	0.100	0.100
0.700	0.100	0.100	0.100
0.100	0.100	0.700	0.100
0.100	0.700	0.100	0.100
>AAACTGGG	23-AAACTGGG	8.236954	-33.237785	0	T:29.0(1.66%),B:2.7(0.33%),P:1e-14	Tpos:115.4,Tstd:66.7,Bpos:188.1,Bstd:64.1,StrandBias:-0.3,Multiplicity:1.04
0.700	0.100	0.100	0.100
0.700	0.100	0.100	0.100
0.700	0.100	0.100	0.100
0.100	0.700	0.100	0.100
0.100	0.100	0.100	0.700
0.100	0.100	0.700	0.100
0.100	0.100	0.700	0.100
0.100	0.100	0.700	0.100
>AACAGAGG	24-AACAGAGG	9.608304	-32.849700	0	T:40.0(2.29%),B:4.5(0.55%),P:1e-14	Tpos:152.6,Tstd:74.2,Bpos:200.5,Bstd:90.2,StrandBias:0.0,Multiplicity:1.00
0.997	0.001	0.001	0.001
0.997	0.001	0.001	0.001
0.001	0.997	0.001	0.001
0.997	0.001	0.001	0.001
0.001	0.001	0.997	0.001
0.766	0.232	0.001	0.001
0.001	0.001	0.997	0.001
0.001	0.001	0.997	0.001
>GAGACGGC	25-GAGACGGC	8.236954	-17.638767	0	T:25.0(1.43%),B:3.2(0.40%),P:1e-7	Tpos:131.3,Tstd:84.9,Bpos:87.6,Bstd:28.3,StrandBias:0.0,Multiplicity:1.04
0.100	0.100	0.700	0.100
0.700	0.100	0.100	0.100
0.100	0.100	0.700	0.100
0.700	0.100	0.100	0.100
0.100	0.700	0.100	0.100
0.100	0.100	0.700	0.100
0.100	0.100	0.700	0.100
0.100	0.700	0.100	0.100
