>TTGCTGATTT	1-TTGCTGATTT	8.533503	-155.871533	0	T:63.0(3.61%),B:1.3(0.16%),P:1e-67	Tpos:140.4,Tstd:86.3,Bpos:157.0,Bstd:0.0,StrandBias:0.2,Multiplicity:1.05
0.035	0.127	0.069	0.769
0.014	0.033	0.100	0.853
0.039	0.218	0.714	0.029
0.043	0.782	0.019	0.156
0.049	0.014	0.014	0.923
0.029	0.052	0.826	0.093
0.613	0.297	0.039	0.051
0.025	0.057	0.083	0.835
0.038	0.078	0.044	0.840
0.034	0.027	0.052	0.887
>TTAGAAAGGA	2-TTAGAAAGGA	8.147056	-142.325049	0	T:59.0(3.38%),B:1.4(0.18%),P:1e-61	Tpos:152.6,Tstd:97.8,Bpos:253.1,Bstd:16.5,StrandBias:0.2,Multiplicity:1.03
0.027	0.001	0.027	0.945
0.027	0.001	0.222	0.750
0.945	0.001	0.027	0.027
0.027	0.100	0.846	0.027
0.972	0.026	0.001	0.001
0.972	0.001	0.026	0.001
0.919	0.027	0.027	0.027
0.001	0.001	0.972	0.026
0.027	0.222	0.724	0.027
0.972	0.026	0.001	0.001
>CTAAAAAAAT	3-CTAAAAAAAT	5.866940	-125.785449	0	T:54.0(3.10%),B:2.0(0.24%),P:1e-54	Tpos:134.6,Tstd:92.3,Bpos:194.0,Bstd:0.0,StrandBias:1.1,Multiplicity:1.06
0.001	0.997	0.001	0.001
0.001	0.001	0.001	0.997
0.653	0.001	0.001	0.345
0.997	0.001	0.001	0.001
0.997	0.001	0.001	0.001
0.997	0.001	0.001	0.001
0.997	0.001	0.001	0.001
0.997	0.001	0.001	0.001
0.997	0.001	0.001	0.001
0.308	0.001	0.001	0.690
>TTTTATCTGC	4-TTTTATCTGC	8.665575	-125.785449	0	T:54.0(3.10%),B:1.7(0.21%),P:1e-54	Tpos:138.3,Tstd:111.5,Bpos:80.3,Bstd:44.3,StrandBias:0.2,Multiplicity:1.04
0.026	0.032	0.002	0.940
0.026	0.063	0.128	0.783
0.001	0.031	0.063	0.905
0.153	0.316	0.058	0.473
0.685	0.152	0.028	0.135
0.026	0.269	0.085	0.620
0.032	0.841	0.008	0.119
0.031	0.001	0.001	0.967
0.001	0.110	0.698	0.191
0.012	0.841	0.038	0.109
>AAAATTTAAA	5-AAAATTTAAA	8.156255	-119.732845	0	T:65.0(3.73%),B:2.5(0.31%),P:1e-51	Tpos:181.2,Tstd:128.0,Bpos:192.9,Bstd:11.9,StrandBias:-0.2,Multiplicity:1.14
0.809	0.076	0.051	0.064
0.864	0.046	0.051	0.039
0.757	0.067	0.037	0.139
0.687	0.050	0.051	0.212
0.103	0.030	0.037	0.830
0.128	0.023	0.123	0.726
0.140	0.060	0.026	0.774
0.843	0.055	0.029	0.073
0.833	0.047	0.032	0.088
0.911	0.023	0.040	0.026
>ATTTCATGAA	6-ATTTCATGAA	7.578048	-119.299781	0	T:52.0(2.98%),B:1.7(0.22%),P:1e-51	Tpos:165.6,Tstd:84.2,Bpos:82.7,Bstd:29.2,StrandBias:0.4,Multiplicity:1.04
0.495	0.117	0.202	0.187
0.078	0.246	0.058	0.618
0.021	0.093	0.085	0.801
0.114	0.149	0.060	0.677
0.051	0.780	0.100	0.069
0.560	0.317	0.004	0.119
0.238	0.001	0.254	0.507
0.140	0.110	0.713	0.037
0.762	0.095	0.084	0.059
0.662	0.165	0.104	0.069
>TTCTTGGGTT	7-TTCTTGGGTT	8.281955	-109.116046	0	T:79.0(4.53%),B:4.8(0.59%),P:1e-47	Tpos:145.7,Tstd:83.8,Bpos:263.0,Bstd:207.6,StrandBias:-0.1,Multiplicity:1.03
0.033	0.091	0.047	0.829
0.035	0.040	0.043	0.882
0.017	0.715	0.046	0.222
0.039	0.201	0.084	0.676
0.034	0.036	0.079	0.851
0.039	0.017	0.816	0.128
0.059	0.009	0.888	0.044
0.031	0.044	0.818	0.107
0.023	0.068	0.031	0.878
0.027	0.042	0.249	0.682
>AGCTGGTGAA	8-AGCTGGTGAA	9.387801	-106.566788	0	T:48.0(2.75%),B:1.2(0.15%),P:1e-46	Tpos:144.8,Tstd:110.6,Bpos:153.4,Bstd:24.3,StrandBias:0.2,Multiplicity:1.06
0.997	0.001	0.001	0.001
0.001	0.001	0.997	0.001
0.001	0.997	0.001	0.001
0.081	0.081	0.001	0.837
0.001	0.001	0.997	0.001
0.060	0.048	0.832	0.060
0.268	0.001	0.048	0.683
0.001	0.001	0.917	0.081
0.812	0.001	0.106	0.081
0.939	0.001	0.001	0.059
>ATTTCAGGTG	9-ATTTCAGGTG	7.574982	-100.325712	0	T:46.0(2.64%),B:1.9(0.23%),P:1e-43	Tpos:180.5,Tstd:131.4,Bpos:115.2,Bstd:92.0,StrandBias:0.6,Multiplicity:1.02
0.801	0.058	0.042	0.099
0.112	0.092	0.078	0.718
0.043	0.066	0.101	0.790
0.035	0.075	0.084	0.806
0.061	0.780	0.071	0.088
0.833	0.063	0.066	0.038
0.073	0.052	0.817	0.058
0.054	0.061	0.813	0.072
0.074	0.109	0.076	0.741
0.012	0.088	0.842	0.058
>GTGGAGATGT	10-GTGGAGATGT	8.650768	-88.112069	0	T:42.0(2.41%),B:0.9(0.12%),P:1e-38	Tpos:142.9,Tstd:106.2,Bpos:259.0,Bstd:73.2,StrandBias:0.4,Multiplicity:1.05
0.067	0.022	0.866	0.045
0.083	0.043	0.177	0.697
0.166	0.006	0.813	0.015
0.028	0.052	0.898	0.022
0.812	0.031	0.095	0.062
0.039	0.051	0.873	0.037
0.798	0.073	0.034	0.095
0.231	0.056	0.020	0.693
0.028	0.064	0.730	0.178
0.063	0.026	0.043	0.868
>TTTATAAAGT	11-TTTATAAAGT	7.749624	-85.306944	0	T:52.0(2.98%),B:2.7(0.34%),P:1e-37	Tpos:146.8,Tstd:116.9,Bpos:182.2,Bstd:58.5,StrandBias:0.1,Multiplicity:1.06
0.188	0.001	0.065	0.746
0.066	0.094	0.032	0.808
0.210	0.001	0.001	0.788
0.810	0.050	0.066	0.074
0.071	0.001	0.001	0.927
0.787	0.081	0.066	0.066
0.967	0.001	0.031	0.001
0.933	0.001	0.001	0.065
0.064	0.031	0.904	0.001
0.065	0.001	0.018	0.916
>AGAAATGTAG	12-AGAAATGTAG	7.952123	-85.117495	0	T:41.0(2.35%),B:1.6(0.19%),P:1e-36	Tpos:158.0,Tstd:110.5,Bpos:62.6,Bstd:18.9,StrandBias:1.3,Multiplicity:1.02
0.743	0.033	0.109	0.115
0.100	0.073	0.752	0.075
0.752	0.064	0.130	0.054
0.748	0.094	0.088	0.070
0.722	0.079	0.125	0.074
0.176	0.078	0.130	0.616
0.095	0.097	0.717	0.091
0.158	0.186	0.124	0.532
0.697	0.049	0.158	0.096
0.119	0.071	0.730	0.080
>AGGGTGDTTT	13-AGGGTGDTTT	7.376589	-79.229452	0	T:123.0(7.05%),B:15.4(1.90%),P:1e-34	Tpos:140.6,Tstd:90.8,Bpos:175.8,Bstd:101.6,StrandBias:-0.2,Multiplicity:1.02
0.865	0.006	0.044	0.085
0.126	0.028	0.845	0.001
0.022	0.001	0.909	0.068
0.124	0.024	0.727	0.125
0.006	0.001	0.101	0.892
0.024	0.001	0.953	0.022
0.342	0.188	0.196	0.275
0.047	0.023	0.006	0.924
0.046	0.001	0.128	0.825
0.118	0.092	0.023	0.767
>TGCTTCCTAT	14-TGCTTCCTAT	8.080108	-78.405074	0	T:94.0(5.39%),B:9.3(1.15%),P:1e-34	Tpos:135.2,Tstd:85.6,Bpos:285.9,Bstd:240.3,StrandBias:0.4,Multiplicity:1.01
0.050	0.057	0.057	0.836
0.044	0.077	0.809	0.070
0.052	0.795	0.081	0.072
0.033	0.063	0.033	0.871
0.033	0.033	0.059	0.875
0.026	0.773	0.057	0.144
0.077	0.858	0.026	0.039
0.070	0.046	0.033	0.851
0.540	0.131	0.095	0.234
0.057	0.053	0.046	0.844
>ATGTGWGTGT	15-ATGTGWGTGT	8.098973	-77.940515	0	T:83.0(4.76%),B:8.0(0.98%),P:1e-33	Tpos:155.3,Tstd:87.8,Bpos:200.1,Bstd:120.4,StrandBias:-0.2,Multiplicity:1.12
0.622	0.246	0.131	0.001
0.001	0.073	0.001	0.925
0.001	0.001	0.997	0.001
0.001	0.001	0.001	0.997
0.001	0.033	0.614	0.352
0.566	0.001	0.001	0.432
0.032	0.001	0.879	0.088
0.001	0.001	0.001	0.997
0.017	0.037	0.866	0.080
0.001	0.001	0.001	0.997
>TCTCTTGCAC	16-TCTCTTGCAC	8.361552	-77.806855	0	T:49.0(2.81%),B:2.5(0.30%),P:1e-33	Tpos:163.2,Tstd:96.9,Bpos:94.7,Bstd:8.7,StrandBias:-0.3,Multiplicity:1.00
0.055	0.047	0.163	0.735
0.043	0.881	0.018	0.058
0.036	0.066	0.024	0.874
0.012	0.926	0.031	0.031
0.087	0.181	0.025	0.707
0.060	0.090	0.059	0.791
0.018	0.118	0.731	0.133
0.059	0.848	0.075	0.018
0.794	0.071	0.020	0.115
0.065	0.763	0.103	0.069
>AAAAGTTCCA	17-AAAAGTTCCA	7.931462	-76.283895	0	T:38.0(2.18%),B:1.3(0.15%),P:1e-33	Tpos:179.2,Tstd:95.0,Bpos:212.5,Bstd:58.1,StrandBias:0.1,Multiplicity:1.03
0.699	0.133	0.102	0.066
0.734	0.091	0.110	0.065
0.724	0.107	0.104	0.065
0.751	0.052	0.107	0.090
0.093	0.129	0.685	0.093
0.106	0.123	0.112	0.659
0.115	0.149	0.140	0.596
0.129	0.646	0.107	0.118
0.114	0.765	0.048	0.073
0.750	0.110	0.050	0.090
>GGCTGTAAAC	18-GGCTGTAAAC	8.418931	-72.909735	0	T:47.0(2.69%),B:2.9(0.36%),P:1e-31	Tpos:116.2,Tstd:92.3,Bpos:48.1,Bstd:29.9,StrandBias:-0.8,Multiplicity:1.00
0.069	0.074	0.800	0.057
0.053	0.033	0.855	0.059
0.043	0.875	0.039	0.043
0.037	0.070	0.043	0.850
0.041	0.059	0.851	0.049
0.062	0.079	0.121	0.738
0.676	0.106	0.179	0.039
0.820	0.094	0.021	0.065
0.743	0.068	0.144	0.045
0.045	0.851	0.065	0.039
>AGAACCCAGT	19-AGAACCCAGT	7.655109	-72.650235	0	T:62.0(3.56%),B:4.6(0.57%),P:1e-31	Tpos:142.2,Tstd:98.2,Bpos:157.6,Bstd:87.6,StrandBias:-0.1,Multiplicity:1.03
0.765	0.067	0.086	0.082
0.107	0.097	0.744	0.052
0.739	0.095	0.094	0.072
0.640	0.093	0.193	0.074
0.126	0.669	0.125	0.080
0.143	0.699	0.066	0.092
0.097	0.782	0.061	0.060
0.689	0.070	0.098	0.143
0.077	0.168	0.694	0.061
0.160	0.143	0.111	0.586
>AASAGCAAGC	20-AASAGCAAGC	8.084135	-70.561258	0	T:54.0(3.10%),B:4.0(0.49%),P:1e-30	Tpos:152.8,Tstd:75.7,Bpos:186.8,Bstd:70.1,StrandBias:0.5,Multiplicity:1.02
0.819	0.056	0.003	0.122
0.584	0.001	0.196	0.219
0.180	0.398	0.421	0.001
0.646	0.001	0.001	0.352
0.001	0.001	0.985	0.013
0.043	0.679	0.195	0.083
0.767	0.219	0.001	0.013
0.601	0.031	0.311	0.057
0.206	0.103	0.582	0.109
0.197	0.488	0.001	0.315
>TTTACTGCCC	21-TTTACTGCCC	8.350283	-67.688849	0	T:35.0(2.01%),B:1.7(0.22%),P:1e-29	Tpos:128.4,Tstd:73.8,Bpos:185.1,Bstd:57.3,StrandBias:-0.4,Multiplicity:1.11
0.100	0.100	0.100	0.700
0.100	0.100	0.100	0.700
0.100	0.100	0.100	0.700
0.700	0.100	0.100	0.100
0.100	0.700	0.100	0.100
0.100	0.100	0.100	0.700
0.100	0.100	0.700	0.100
0.100	0.700	0.100	0.100
0.100	0.700	0.100	0.100
0.100	0.700	0.100	0.100
>TTCTGAAGCG	22-TTCTGAAGCG	7.625019	-61.052283	0	T:42.0(2.41%),B:2.9(0.36%),P:1e-26	Tpos:169.2,Tstd:90.4,Bpos:160.1,Bstd:98.0,StrandBias:0.7,Multiplicity:1.05
0.083	0.153	0.084	0.680
0.057	0.110	0.104	0.729
0.062	0.789	0.074	0.075
0.121	0.063	0.059	0.757
0.071	0.092	0.767	0.070
0.678	0.142	0.116	0.064
0.732	0.051	0.092	0.125
0.129	0.080	0.731	0.060
0.154	0.578	0.129	0.139
0.111	0.167	0.568	0.154
>AAAGCCTGTT	23-AAAGCCTGTT	8.350283	-58.750712	0	T:41.0(2.35%),B:2.7(0.33%),P:1e-25	Tpos:143.4,Tstd:76.7,Bpos:132.6,Bstd:30.6,StrandBias:0.4,Multiplicity:1.00
0.700	0.100	0.100	0.100
0.700	0.100	0.100	0.100
0.700	0.100	0.100	0.100
0.100	0.100	0.700	0.100
0.100	0.700	0.100	0.100
0.100	0.700	0.100	0.100
0.100	0.100	0.100	0.700
0.100	0.100	0.700	0.100
0.100	0.100	0.100	0.700
0.100	0.100	0.100	0.700
>CTTTGAAAGT	24-CTTTGAAAGT	8.350283	-41.012136	0	T:45.0(2.58%),B:4.1(0.50%),P:1e-17	Tpos:155.0,Tstd:113.2,Bpos:221.1,Bstd:178.4,StrandBias:-0.3,Multiplicity:1.00
0.100	0.700	0.100	0.100
0.100	0.100	0.100	0.700
0.100	0.100	0.100	0.700
0.100	0.100	0.100	0.700
0.100	0.100	0.700	0.100
0.700	0.100	0.100	0.100
0.700	0.100	0.100	0.100
0.700	0.100	0.100	0.100
0.100	0.100	0.700	0.100
0.100	0.100	0.100	0.700
>AACCACTGGT	25-AACCACTGGT	6.723200	-36.843420	0	T:37.0(2.12%),B:3.1(0.39%),P:1e-16	Tpos:149.6,Tstd:102.3,Bpos:252.1,Bstd:204.7,StrandBias:-0.5,Multiplicity:1.03
0.567	0.159	0.176	0.098
0.525	0.177	0.190	0.108
0.125	0.632	0.148	0.095
0.106	0.699	0.079	0.116
0.530	0.203	0.098	0.169
0.098	0.679	0.143	0.080
0.178	0.105	0.127	0.590
0.101	0.086	0.677	0.136
0.105	0.206	0.571	0.118
0.125	0.172	0.173	0.530
>GGAGGTGGGGT	1-GGAGGTGGGGT	10.074836	-176.676603	0	T:69.0(3.96%),B:1.0(0.12%),P:1e-76	Tpos:157.5,Tstd:113.9,Bpos:169.5,Bstd:11.2,StrandBias:-0.5,Multiplicity:1.03
0.001	0.001	0.997	0.001
0.001	0.001	0.997	0.001
0.697	0.132	0.170	0.001
0.001	0.001	0.580	0.418
0.086	0.001	0.670	0.243
0.001	0.001	0.099	0.899
0.001	0.001	0.997	0.001
0.001	0.001	0.899	0.099
0.001	0.205	0.793	0.001
0.001	0.001	0.630	0.368
0.001	0.202	0.001	0.796
>CTGTGACTCAG	2-CTGTGACTCAG	9.587432	-155.871533	0	T:63.0(3.61%),B:1.6(0.20%),P:1e-67	Tpos:138.2,Tstd:83.6,Bpos:173.7,Bstd:15.9,StrandBias:0.0,Multiplicity:1.08
0.044	0.788	0.123	0.045
0.001	0.043	0.001	0.955
0.065	0.145	0.789	0.001
0.219	0.001	0.001	0.779
0.044	0.370	0.564	0.022
0.891	0.065	0.043	0.001
0.001	0.955	0.001	0.043
0.001	0.367	0.001	0.631
0.001	0.997	0.001	0.001
0.923	0.001	0.001	0.075
0.001	0.186	0.812	0.001
>CTGTGCTTTCY	3-CTGTGCTTTCY	9.244658	-119.732845	0	T:65.0(3.73%),B:2.7(0.33%),P:1e-51	Tpos:139.2,Tstd:87.1,Bpos:60.0,Bstd:35.3,StrandBias:-0.4,Multiplicity:1.12
0.054	0.823	0.114	0.009
0.185	0.001	0.001	0.813
0.001	0.109	0.829	0.061
0.078	0.026	0.029	0.867
0.001	0.116	0.857	0.026
0.026	0.666	0.248	0.060
0.001	0.061	0.026	0.912
0.001	0.179	0.026	0.794
0.001	0.025	0.001	0.973
0.001	0.793	0.132	0.074
0.061	0.456	0.001	0.481
>TGCTGGCCCCA	4-TGCTGGCCCCA	9.821353	-97.238025	0	T:45.0(2.58%),B:0.4(0.05%),P:1e-42	Tpos:151.9,Tstd:90.0,Bpos:190.0,Bstd:0.0,StrandBias:-1.4,Multiplicity:1.00
0.024	0.047	0.024	0.905
0.001	0.150	0.759	0.090
0.047	0.905	0.047	0.001
0.047	0.001	0.001	0.951
0.001	0.001	0.997	0.001
0.001	0.058	0.776	0.165
0.001	0.997	0.001	0.001
0.238	0.760	0.001	0.001
0.001	0.900	0.075	0.024
0.047	0.877	0.001	0.075
0.975	0.001	0.001	0.023
>WCAGCAGSCTG	5-WCAGCAGSCTG	10.111917	-90.405504	0	T:54.0(3.10%),B:2.7(0.34%),P:1e-39	Tpos:160.6,Tstd:122.6,Bpos:153.0,Bstd:99.8,StrandBias:0.0,Multiplicity:1.02
0.434	0.001	0.001	0.564
0.075	0.923	0.001	0.001
0.797	0.001	0.201	0.001
0.001	0.001	0.997	0.001
0.075	0.606	0.318	0.001
0.997	0.001	0.001	0.001
0.264	0.001	0.734	0.001
0.001	0.489	0.509	0.001
0.075	0.681	0.001	0.243
0.001	0.001	0.001	0.997
0.001	0.334	0.664	0.001
>RCCTCTKCCTT	6-RCCTCTKCCTT	10.697821	-88.112069	0	T:42.0(2.41%),B:1.7(0.21%),P:1e-38	Tpos:149.2,Tstd:117.4,Bpos:143.5,Bstd:50.1,StrandBias:0.6,Multiplicity:1.00
0.333	0.093	0.467	0.107
0.001	0.812	0.186	0.001
0.001	0.997	0.001	0.001
0.001	0.001	0.001	0.997
0.001	0.765	0.233	0.001
0.320	0.001	0.001	0.678
0.001	0.001	0.535	0.463
0.001	0.997	0.001	0.001
0.001	0.731	0.001	0.267
0.001	0.001	0.001	0.997
0.001	0.382	0.001	0.616
>AGAGCTGAGCT	7-AGAGCTGAGCT	8.669723	-82.147543	0	T:40.0(2.29%),B:2.0(0.24%),P:1e-35	Tpos:147.2,Tstd:96.2,Bpos:79.7,Bstd:9.3,StrandBias:-0.3,Multiplicity:1.03
0.672	0.097	0.145	0.086
0.088	0.119	0.745	0.048
0.695	0.105	0.128	0.072
0.077	0.089	0.758	0.076
0.048	0.811	0.087	0.054
0.102	0.090	0.085	0.723
0.058	0.128	0.773	0.041
0.664	0.088	0.152	0.096
0.076	0.073	0.805	0.046
0.091	0.746	0.102	0.061
0.135	0.115	0.128	0.622
>CAGAAAGCAGC	8-CAGAAAGCAGC	9.659422	-74.673874	0	T:63.0(3.61%),B:4.4(0.55%),P:1e-32	Tpos:152.5,Tstd:90.0,Bpos:148.7,Bstd:57.8,StrandBias:-0.1,Multiplicity:1.07
0.051	0.607	0.341	0.001
0.868	0.130	0.001	0.001
0.016	0.001	0.982	0.001
0.514	0.269	0.216	0.001
0.944	0.038	0.017	0.001
0.982	0.001	0.016	0.001
0.083	0.001	0.833	0.083
0.001	0.885	0.113	0.001
0.888	0.001	0.045	0.066
0.107	0.193	0.662	0.038
0.308	0.690	0.001	0.001
>CCTCTCTGTGC	9-CCTCTCTGTGC	8.772164	-72.909735	0	T:47.0(2.69%),B:2.4(0.29%),P:1e-31	Tpos:135.2,Tstd:90.7,Bpos:101.8,Bstd:34.4,StrandBias:-0.6,Multiplicity:1.02
0.063	0.756	0.107	0.074
0.075	0.757	0.067	0.101
0.072	0.110	0.104	0.714
0.040	0.778	0.097	0.085
0.065	0.151	0.067	0.717
0.038	0.797	0.107	0.058
0.099	0.101	0.084	0.716
0.038	0.174	0.707	0.081
0.093	0.152	0.135	0.620
0.068	0.138	0.710	0.084
0.068	0.736	0.110	0.086
>AGKCCTCCTCC	10-AGKCCTCCTCC	10.341018	-70.493292	0	T:46.0(2.64%),B:2.8(0.35%),P:1e-30	Tpos:148.1,Tstd:93.8,Bpos:94.4,Bstd:66.3,StrandBias:0.2,Multiplicity:1.02
0.650	0.001	0.064	0.285
0.041	0.057	0.901	0.001
0.001	0.128	0.426	0.445
0.001	0.957	0.001	0.041
0.001	0.957	0.001	0.041
0.041	0.015	0.001	0.943
0.001	0.866	0.092	0.041
0.001	0.997	0.001	0.001
0.041	0.001	0.001	0.957
0.001	0.957	0.001	0.041
0.001	0.997	0.001	0.001
>AGAGGAAGCTG	11-AGAGGAAGCTG	10.532332	-67.688849	0	T:35.0(2.01%),B:1.9(0.23%),P:1e-29	Tpos:130.5,Tstd:72.6,Bpos:572.0,Bstd:0.0,StrandBias:0.3,Multiplicity:1.03
0.865	0.055	0.025	0.055
0.055	0.202	0.742	0.001
0.997	0.001	0.001	0.001
0.054	0.001	0.944	0.001
0.001	0.001	0.997	0.001
0.868	0.022	0.055	0.055
0.974	0.001	0.001	0.024
0.001	0.001	0.997	0.001
0.055	0.835	0.055	0.055
0.091	0.001	0.001	0.907
0.054	0.001	0.944	0.001
>CACCACATCCT	12-CACCACATCCT	10.638736	-67.688849	0	T:35.0(2.01%),B:1.4(0.17%),P:1e-29	Tpos:142.7,Tstd:67.8,Bpos:75.4,Bstd:25.3,StrandBias:-0.2,Multiplicity:1.00
0.047	0.882	0.070	0.001
0.964	0.034	0.001	0.001
0.001	0.997	0.001	0.001
0.070	0.928	0.001	0.001
0.852	0.100	0.001	0.047
0.001	0.997	0.001	0.001
0.655	0.070	0.047	0.228
0.047	0.104	0.070	0.779
0.001	0.997	0.001	0.001
0.001	0.928	0.001	0.070
0.001	0.104	0.001	0.894
>ATTTTGTTTTC	13-ATTTTGTTTTC	9.999899	-64.159953	0	T:51.0(2.92%),B:3.9(0.48%),P:1e-27	Tpos:148.3,Tstd:104.1,Bpos:84.4,Bstd:74.5,StrandBias:0.1,Multiplicity:1.04
0.503	0.328	0.168	0.001
0.001	0.148	0.001	0.850
0.001	0.001	0.001	0.997
0.001	0.118	0.001	0.880
0.001	0.001	0.001	0.997
0.204	0.034	0.531	0.231
0.001	0.001	0.148	0.850
0.001	0.001	0.173	0.825
0.001	0.001	0.001	0.997
0.001	0.001	0.001	0.997
0.151	0.847	0.001	0.001
>CTTCCCCTTYT	14-CTTCCCCTTYT	8.743358	-64.093506	0	T:80.0(4.59%),B:8.5(1.05%),P:1e-27	Tpos:144.3,Tstd:96.5,Bpos:162.0,Bstd:78.8,StrandBias:-0.3,Multiplicity:1.02
0.001	0.969	0.029	0.001
0.218	0.001	0.001	0.780
0.001	0.063	0.001	0.935
0.001	0.894	0.104	0.001
0.001	0.997	0.001	0.001
0.001	0.997	0.001	0.001
0.179	0.716	0.104	0.001
0.029	0.316	0.166	0.489
0.001	0.104	0.001	0.894
0.029	0.425	0.001	0.545
0.001	0.029	0.029	0.941
>GCCTTCCTGTT	15-GCCTTCCTGTT	10.180968	-63.377847	0	T:43.0(2.47%),B:2.6(0.32%),P:1e-27	Tpos:135.6,Tstd:88.0,Bpos:145.7,Bstd:47.1,StrandBias:-0.2,Multiplicity:1.05
0.042	0.038	0.845	0.075
0.046	0.693	0.212	0.049
0.008	0.773	0.023	0.196
0.034	0.082	0.015	0.869
0.015	0.054	0.038	0.893
0.023	0.892	0.031	0.054
0.030	0.954	0.015	0.001
0.057	0.023	0.031	0.889
0.038	0.193	0.712	0.057
0.061	0.153	0.042	0.744
0.065	0.079	0.054	0.802
>TCCCCTGGGGG	16-TCCCCTGGGGG	9.413293	-47.947464	0	T:49.0(2.81%),B:4.5(0.55%),P:1e-20	Tpos:153.4,Tstd:114.5,Bpos:155.6,Bstd:54.1,StrandBias:-0.1,Multiplicity:1.02
0.071	0.042	0.018	0.869
0.044	0.786	0.108	0.062
0.062	0.755	0.135	0.048
0.066	0.816	0.039	0.079
0.031	0.850	0.066	0.053
0.022	0.062	0.053	0.863
0.062	0.075	0.801	0.062
0.044	0.035	0.886	0.035
0.130	0.027	0.821	0.022
0.039	0.057	0.816	0.088
0.093	0.053	0.810	0.044
>NTTTCTAGAAN	17-NTTTCTAGAAN	6.741826	-46.095934	0	T:27.0(1.55%),B:1.8(0.22%),P:1e-20	Tpos:155.3,Tstd:86.9,Bpos:73.6,Bstd:29.0,StrandBias:0.0,Multiplicity:1.00
0.202	0.231	0.218	0.348
0.115	0.165	0.135	0.585
0.107	0.149	0.128	0.616
0.102	0.133	0.133	0.632
0.128	0.614	0.125	0.133
0.136	0.196	0.090	0.578
0.572	0.101	0.165	0.162
0.140	0.140	0.585	0.135
0.575	0.152	0.155	0.118
0.556	0.146	0.166	0.132
0.341	0.202	0.250	0.207
>CTTTCCCTCTG	18-CTTTCCCTCTG	8.643532	-46.074847	0	T:42.0(2.41%),B:3.8(0.46%),P:1e-20	Tpos:158.5,Tstd:109.7,Bpos:93.4,Bstd:57.5,StrandBias:0.5,Multiplicity:1.00
0.074	0.725	0.096	0.105
0.068	0.122	0.080	0.730
0.033	0.141	0.115	0.711
0.069	0.151	0.112	0.668
0.058	0.730	0.106	0.106
0.064	0.767	0.056	0.113
0.066	0.748	0.049	0.137
0.063	0.122	0.068	0.747
0.033	0.770	0.106	0.091
0.104	0.075	0.066	0.755
0.071	0.169	0.660	0.100
>GCGCATGCGCG	19-GCGCATGCGCG	8.873593	-44.178448	0	T:41.0(2.35%),B:3.7(0.46%),P:1e-19	Tpos:185.6,Tstd:111.8,Bpos:177.6,Bstd:45.5,StrandBias:-0.4,Multiplicity:1.05
0.047	0.066	0.830	0.057
0.080	0.687	0.144	0.089
0.084	0.085	0.757	0.074
0.061	0.821	0.076	0.042
0.601	0.210	0.129	0.060
0.061	0.164	0.190	0.585
0.038	0.138	0.786	0.038
0.084	0.708	0.126	0.082
0.064	0.109	0.773	0.054
0.097	0.755	0.075	0.073
0.093	0.090	0.716	0.101
>VAACCAAAAAV	20-VAACCAAAAAV	6.923505	-43.361974	0	T:34.0(1.95%),B:2.0(0.25%),P:1e-18	Tpos:149.0,Tstd:99.4,Bpos:152.1,Bstd:2.7,StrandBias:1.7,Multiplicity:1.09
0.363	0.226	0.222	0.188
0.575	0.167	0.135	0.123
0.592	0.138	0.147	0.123
0.198	0.510	0.161	0.131
0.195	0.570	0.107	0.128
0.619	0.157	0.101	0.123
0.598	0.149	0.164	0.089
0.636	0.121	0.158	0.085
0.609	0.131	0.161	0.099
0.584	0.138	0.164	0.114
0.343	0.220	0.247	0.190
>AGAAAAGCAGG	21-AGAAAAGCAGG	9.997274	-40.459623	0	T:39.0(2.24%),B:3.5(0.43%),P:1e-17	Tpos:152.2,Tstd:94.2,Bpos:184.2,Bstd:63.5,StrandBias:0.2,Multiplicity:1.03
0.980	0.001	0.018	0.001
0.001	0.001	0.997	0.001
0.928	0.001	0.070	0.001
0.608	0.019	0.372	0.001
0.776	0.222	0.001	0.001
0.980	0.001	0.018	0.001
0.055	0.001	0.943	0.001
0.214	0.711	0.019	0.056
0.943	0.001	0.055	0.001
0.049	0.001	0.949	0.001
0.056	0.019	0.924	0.001
>AGGGCAGCCCT	22-AGGGCAGCCCT	9.010315	-38.638380	0	T:38.0(2.18%),B:3.3(0.41%),P:1e-16	Tpos:146.9,Tstd:95.8,Bpos:80.2,Bstd:69.0,StrandBias:-0.3,Multiplicity:1.00
0.627	0.091	0.178	0.104
0.083	0.076	0.766	0.075
0.106	0.097	0.717	0.080
0.093	0.130	0.710	0.067
0.088	0.769	0.104	0.039
0.862	0.072	0.065	0.001
0.066	0.094	0.779	0.061
0.067	0.754	0.128	0.051
0.072	0.726	0.099	0.103
0.080	0.715	0.085	0.120
0.093	0.188	0.135	0.584
>TGGGTTCCCAG	23-TGGGTTCCCAG	9.052153	-37.676705	0	T:43.0(2.47%),B:4.4(0.54%),P:1e-16	Tpos:138.7,Tstd:93.7,Bpos:106.5,Bstd:69.0,StrandBias:-0.2,Multiplicity:1.10
0.127	0.091	0.143	0.639
0.049	0.072	0.815	0.064
0.078	0.065	0.770	0.087
0.063	0.115	0.739	0.083
0.102	0.173	0.178	0.547
0.073	0.159	0.155	0.613
0.049	0.785	0.078	0.088
0.079	0.786	0.043	0.092
0.065	0.810	0.067	0.058
0.700	0.088	0.092	0.120
0.045	0.086	0.804	0.065
>ACACATACACA	24-ACACATACACA	9.379902	-36.843420	0	T:37.0(2.12%),B:3.5(0.44%),P:1e-16	Tpos:142.2,Tstd:68.5,Bpos:233.8,Bstd:88.3,StrandBias:0.1,Multiplicity:1.11
0.700	0.100	0.100	0.100
0.100	0.700	0.100	0.100
0.700	0.100	0.100	0.100
0.100	0.700	0.100	0.100
0.700	0.100	0.100	0.100
0.100	0.100	0.100	0.700
0.700	0.100	0.100	0.100
0.100	0.700	0.100	0.100
0.700	0.100	0.100	0.100
0.100	0.700	0.100	0.100
0.700	0.100	0.100	0.100
>CTGGAAGCGGG	25-CTGGAAGCGGG	9.379902	-35.198536	0	T:30.0(1.72%),B:2.8(0.35%),P:1e-15	Tpos:178.7,Tstd:110.3,Bpos:120.1,Bstd:55.4,StrandBias:-0.8,Multiplicity:1.00
0.100	0.700	0.100	0.100
0.100	0.100	0.100	0.700
0.100	0.100	0.700	0.100
0.100	0.100	0.700	0.100
0.700	0.100	0.100	0.100
0.700	0.100	0.100	0.100
0.100	0.100	0.700	0.100
0.100	0.700	0.100	0.100
0.100	0.100	0.700	0.100
0.100	0.100	0.700	0.100
0.100	0.100	0.700	0.100
>GGCAGCCCCCGS	1-GGCAGCCCCCGS	11.198660	-79.202803	0	T:39.0(2.24%),B:1.1(0.14%),P:1e-34	Tpos:161.8,Tstd:96.3,Bpos:117.5,Bstd:47.0,StrandBias:-0.3,Multiplicity:1.00
0.021	0.055	0.869	0.055
0.089	0.001	0.889	0.021
0.055	0.738	0.206	0.001
0.923	0.001	0.055	0.021
0.001	0.001	0.981	0.017
0.001	0.867	0.089	0.043
0.043	0.935	0.001	0.021
0.001	0.913	0.043	0.043
0.001	0.997	0.001	0.001
0.001	0.872	0.001	0.126
0.001	0.001	0.943	0.055
0.001	0.485	0.513	0.001
>CTGTGGCCCAGG	2-CTGTGGCCCAGG	11.264949	-79.202803	0	T:39.0(2.24%),B:2.0(0.24%),P:1e-34	Tpos:121.5,Tstd:79.3,Bpos:135.4,Bstd:35.6,StrandBias:0.1,Multiplicity:1.05
0.001	0.853	0.001	0.145
0.001	0.001	0.054	0.944
0.001	0.064	0.934	0.001
0.001	0.074	0.267	0.658
0.001	0.001	0.997	0.001
0.001	0.109	0.835	0.055
0.001	0.901	0.097	0.001
0.001	0.944	0.001	0.054
0.054	0.944	0.001	0.001
0.562	0.361	0.021	0.056
0.266	0.001	0.732	0.001
0.054	0.001	0.944	0.001
>CAGCAGAGGGAG	3-CAGCAGAGGGAG	10.696690	-72.909735	0	T:47.0(2.69%),B:2.7(0.33%),P:1e-31	Tpos:126.8,Tstd:61.9,Bpos:46.5,Bstd:11.3,StrandBias:-0.8,Multiplicity:1.00
0.045	0.826	0.128	0.001
0.559	0.001	0.161	0.279
0.001	0.093	0.861	0.045
0.001	0.980	0.001	0.018
0.980	0.001	0.018	0.001
0.108	0.001	0.890	0.001
0.819	0.001	0.135	0.045
0.064	0.019	0.872	0.045
0.001	0.001	0.997	0.001
0.038	0.139	0.822	0.001
0.909	0.001	0.045	0.045
0.145	0.056	0.798	0.001
>AGCAGCCYCCAG	4-AGCAGCCYCCAG	10.622556	-68.098849	0	T:45.0(2.58%),B:3.0(0.37%),P:1e-29	Tpos:142.9,Tstd:95.8,Bpos:117.4,Bstd:66.0,StrandBias:-0.4,Multiplicity:1.07
0.914	0.001	0.001	0.084
0.154	0.121	0.724	0.001
0.055	0.735	0.209	0.001
0.785	0.001	0.213	0.001
0.001	0.001	0.997	0.001
0.138	0.741	0.120	0.001
0.001	0.944	0.001	0.054
0.125	0.459	0.001	0.416
0.001	0.997	0.001	0.001
0.001	0.944	0.001	0.054
0.944	0.001	0.001	0.054
0.001	0.001	0.997	0.001
>GAGGTGGGAGGA	5-GAGGTGGGAGGA	11.061888	-66.274303	0	T:52.0(2.98%),B:3.3(0.41%),P:1e-28	Tpos:143.6,Tstd:83.6,Bpos:162.6,Bstd:54.6,StrandBias:-0.1,Multiplicity:1.02
0.001	0.001	0.944	0.054
0.643	0.001	0.233	0.123
0.152	0.001	0.825	0.022
0.096	0.001	0.902	0.001
0.001	0.135	0.001	0.863
0.001	0.038	0.826	0.135
0.001	0.001	0.997	0.001
0.001	0.001	0.997	0.001
0.864	0.001	0.038	0.097
0.001	0.001	0.997	0.001
0.113	0.001	0.885	0.001
0.520	0.114	0.247	0.119
>GGTGGGGCCTCC	6-GGTGGGGCCTCC	10.738794	-65.726872	0	T:44.0(2.52%),B:2.9(0.36%),P:1e-28	Tpos:156.4,Tstd:88.1,Bpos:188.6,Bstd:70.4,StrandBias:-0.7,Multiplicity:1.08
0.011	0.074	0.904	0.011
0.001	0.167	0.831	0.001
0.060	0.090	0.090	0.760
0.001	0.001	0.850	0.148
0.001	0.001	0.924	0.074
0.001	0.001	0.948	0.050
0.001	0.060	0.835	0.104
0.037	0.659	0.193	0.111
0.001	0.932	0.001	0.066
0.010	0.148	0.001	0.841
0.030	0.806	0.104	0.060
0.096	0.902	0.001	0.001
>GGRGAGGAGGAA	7-GGRGAGGAGGAA	11.192873	-65.726872	0	T:44.0(2.52%),B:2.9(0.35%),P:1e-28	Tpos:142.1,Tstd:104.1,Bpos:138.6,Bstd:62.5,StrandBias:-0.6,Multiplicity:1.02
0.150	0.001	0.848	0.001
0.001	0.001	0.997	0.001
0.486	0.107	0.405	0.001
0.106	0.035	0.858	0.001
0.869	0.001	0.129	0.001
0.001	0.001	0.997	0.001
0.001	0.091	0.757	0.151
0.721	0.001	0.277	0.001
0.001	0.001	0.997	0.001
0.072	0.001	0.892	0.035
0.901	0.001	0.097	0.001
0.940	0.001	0.001	0.058
>CAGAGCCTCTGC	8-CAGAGCCTCTGC	9.811808	-62.100894	0	T:33.0(1.89%),B:1.3(0.17%),P:1e-26	Tpos:197.3,Tstd:131.5,Bpos:170.9,Bstd:20.0,StrandBias:-0.3,Multiplicity:1.03
0.218	0.722	0.001	0.059
0.664	0.001	0.276	0.059
0.001	0.197	0.801	0.001
0.997	0.001	0.001	0.001
0.001	0.001	0.997	0.001
0.001	0.997	0.001	0.001
0.001	0.940	0.001	0.058
0.001	0.001	0.001	0.997
0.001	0.997	0.001	0.001
0.058	0.001	0.001	0.940
0.001	0.001	0.928	0.070
0.001	0.626	0.038	0.335
>CTGAGGGGAAGG	9-CTGAGGGGAAGG	11.198048	-59.351966	0	T:32.0(1.83%),B:1.7(0.21%),P:1e-25	Tpos:144.3,Tstd:79.8,Bpos:310.3,Bstd:40.3,StrandBias:0.0,Multiplicity:1.00
0.126	0.758	0.115	0.001
0.066	0.077	0.001	0.856
0.077	0.092	0.830	0.001
0.712	0.135	0.035	0.118
0.001	0.001	0.997	0.001
0.070	0.001	0.928	0.001
0.192	0.001	0.806	0.001
0.092	0.181	0.726	0.001
0.986	0.001	0.012	0.001
0.997	0.001	0.001	0.001
0.128	0.001	0.870	0.001
0.001	0.001	0.928	0.070
>AGACACACACAC	10-AGACACACACAC	9.703324	-59.351966	0	T:32.0(1.83%),B:1.0(0.13%),P:1e-25	Tpos:136.9,Tstd:93.3,Bpos:218.3,Bstd:5.9,StrandBias:0.1,Multiplicity:1.16
0.950	0.001	0.001	0.048
0.049	0.049	0.901	0.001
0.901	0.001	0.049	0.049
0.001	0.950	0.048	0.001
0.997	0.001	0.001	0.001
0.001	0.950	0.048	0.001
0.997	0.001	0.001	0.001
0.001	0.591	0.407	0.001
0.901	0.049	0.001	0.049
0.001	0.997	0.001	0.001
0.997	0.001	0.001	0.001
0.001	0.901	0.049	0.049
>GGGGTCCCAGCC	11-GGGGTCCCAGCC	10.694756	-58.750712	0	T:41.0(2.35%),B:2.9(0.36%),P:1e-25	Tpos:139.6,Tstd:74.7,Bpos:148.7,Bstd:54.8,StrandBias:0.0,Multiplicity:1.00
0.001	0.115	0.862	0.022
0.001	0.189	0.726	0.084
0.073	0.001	0.925	0.001
0.058	0.288	0.602	0.052
0.116	0.023	0.023	0.838
0.001	0.997	0.001	0.001
0.001	0.976	0.001	0.022
0.001	0.997	0.001	0.001
0.867	0.001	0.001	0.131
0.001	0.001	0.997	0.001
0.001	0.976	0.022	0.001
0.023	0.896	0.023	0.058
>TCTCCTCCCTGC	12-TCTCCTCCCTGC	10.034287	-49.898632	0	T:84.0(4.82%),B:11.7(1.44%),P:1e-21	Tpos:161.7,Tstd:95.5,Bpos:138.6,Bstd:99.6,StrandBias:-0.2,Multiplicity:1.08
0.056	0.041	0.056	0.847
0.001	0.891	0.052	0.056
0.097	0.056	0.034	0.813
0.011	0.847	0.075	0.067
0.022	0.900	0.022	0.056
0.041	0.034	0.056	0.869
0.011	0.786	0.064	0.139
0.041	0.861	0.001	0.097
0.011	0.888	0.056	0.045
0.142	0.056	0.045	0.757
0.011	0.180	0.742	0.067
0.034	0.891	0.019	0.056
>KCCCTCCTGCCC	13-KCCCTCCTGCCC	11.759612	-48.678449	0	T:28.0(1.61%),B:1.7(0.21%),P:1e-21	Tpos:133.4,Tstd:112.2,Bpos:334.6,Bstd:59.3,StrandBias:0.2,Multiplicity:1.00
0.001	0.070	0.507	0.422
0.001	0.905	0.001	0.093
0.023	0.975	0.001	0.001
0.001	0.960	0.038	0.001
0.001	0.070	0.213	0.716
0.001	0.975	0.001	0.023
0.001	0.997	0.001	0.001
0.070	0.024	0.001	0.905
0.070	0.001	0.836	0.093
0.001	0.997	0.001	0.001
0.001	0.928	0.001	0.070
0.001	0.921	0.039	0.039
>GCCCTGGGCCTG	14-GCCCTGGGCCTG	11.740586	-46.095934	0	T:27.0(1.55%),B:1.0(0.12%),P:1e-20	Tpos:150.3,Tstd:101.4,Bpos:117.7,Bstd:16.6,StrandBias:-0.2,Multiplicity:1.04
0.024	0.250	0.725	0.001
0.001	0.615	0.291	0.093
0.068	0.684	0.224	0.024
0.001	0.997	0.001	0.001
0.067	0.001	0.135	0.797
0.001	0.001	0.997	0.001
0.023	0.070	0.906	0.001
0.001	0.044	0.842	0.113
0.001	0.928	0.001	0.070
0.001	0.955	0.043	0.001
0.070	0.001	0.001	0.928
0.001	0.001	0.997	0.001
>AGGCGCGGGAGG	15-AGGCGCGGGAGG	10.871639	-43.361974	0	T:34.0(1.95%),B:3.0(0.36%),P:1e-18	Tpos:105.5,Tstd:71.9,Bpos:142.0,Bstd:70.4,StrandBias:-0.2,Multiplicity:1.03
0.815	0.077	0.077	0.031
0.016	0.046	0.922	0.016
0.062	0.093	0.799	0.046
0.135	0.741	0.078	0.046
0.031	0.047	0.860	0.062
0.062	0.668	0.177	0.093
0.046	0.032	0.860	0.062
0.001	0.015	0.969	0.015
0.015	0.062	0.922	0.001
0.757	0.166	0.046	0.031
0.001	0.001	0.968	0.030
0.047	0.092	0.860	0.001
>CTCAGGCTGCTG	16-CTCAGGCTGCTG	10.556703	-42.306514	0	T:40.0(2.29%),B:3.8(0.47%),P:1e-18	Tpos:141.3,Tstd:103.4,Bpos:163.0,Bstd:86.3,StrandBias:-0.2,Multiplicity:1.00
0.001	0.922	0.046	0.031
0.109	0.182	0.135	0.574
0.016	0.833	0.104	0.047
0.813	0.047	0.062	0.078
0.026	0.031	0.927	0.016
0.046	0.088	0.865	0.001
0.031	0.922	0.046	0.001
0.062	0.073	0.047	0.818
0.031	0.057	0.870	0.042
0.031	0.906	0.016	0.047
0.120	0.047	0.042	0.791
0.016	0.042	0.895	0.047
>CAGGCCTGGGGG	17-CAGGCCTGGGGG	10.878685	-42.306514	0	T:40.0(2.29%),B:3.4(0.41%),P:1e-18	Tpos:128.9,Tstd:82.6,Bpos:202.9,Bstd:42.2,StrandBias:0.1,Multiplicity:1.00
0.177	0.821	0.001	0.001
0.645	0.001	0.156	0.198
0.001	0.001	0.997	0.001
0.001	0.090	0.908	0.001
0.001	0.980	0.001	0.018
0.001	0.997	0.001	0.001
0.017	0.091	0.024	0.868
0.001	0.001	0.997	0.001
0.205	0.024	0.602	0.169
0.001	0.001	0.930	0.068
0.109	0.001	0.845	0.045
0.001	0.045	0.909	0.045
>CGCCACCTGCAG	18-CGCCACCTGCAG	8.431768	-38.574268	0	T:24.0(1.38%),B:2.0(0.24%),P:1e-16	Tpos:147.6,Tstd:66.7,Bpos:92.8,Bstd:54.2,StrandBias:0.2,Multiplicity:1.00
0.195	0.389	0.222	0.193
0.125	0.200	0.555	0.120
0.116	0.636	0.140	0.108
0.107	0.672	0.114	0.107
0.527	0.180	0.143	0.150
0.095	0.654	0.143	0.108
0.093	0.711	0.088	0.108
0.138	0.158	0.128	0.576
0.094	0.177	0.622	0.107
0.103	0.688	0.130	0.079
0.526	0.165	0.147	0.162
0.151	0.259	0.449	0.142
>CTGCCTGCCTGC	19-CTGCCTGCCTGC	10.409522	-37.192307	0	T:31.0(1.78%),B:2.2(0.27%),P:1e-16	Tpos:177.9,Tstd:125.5,Bpos:140.5,Bstd:62.5,StrandBias:-0.7,Multiplicity:1.00
0.100	0.700	0.100	0.100
0.100	0.100	0.100	0.700
0.100	0.100	0.700	0.100
0.100	0.700	0.100	0.100
0.100	0.700	0.100	0.100
0.100	0.100	0.100	0.700
0.100	0.100	0.700	0.100
0.100	0.700	0.100	0.100
0.100	0.700	0.100	0.100
0.100	0.100	0.100	0.700
0.100	0.100	0.700	0.100
0.100	0.700	0.100	0.100
>GGAGAGGAAGAG	20-GGAGAGGAAGAG	10.515932	-35.198536	0	T:30.0(1.72%),B:2.4(0.30%),P:1e-15	Tpos:144.1,Tstd:100.4,Bpos:87.3,Bstd:24.6,StrandBias:-0.3,Multiplicity:1.17
0.097	0.050	0.792	0.061
0.103	0.095	0.747	0.055
0.709	0.075	0.157	0.059
0.090	0.074	0.808	0.028
0.712	0.062	0.177	0.049
0.082	0.035	0.821	0.062
0.088	0.056	0.837	0.019
0.656	0.149	0.153	0.042
0.675	0.046	0.208	0.071
0.070	0.065	0.837	0.028
0.640	0.085	0.180	0.095
0.095	0.073	0.778	0.054
>HNHNTMBAHHNH	21-HNHNTMBAHHNH	3.693992	-33.990282	0	T:59.0(3.38%),B:8.0(0.99%),P:1e-14	Tpos:138.1,Tstd:75.1,Bpos:200.0,Bstd:86.5,StrandBias:-0.9,Multiplicity:1.05
0.262	0.268	0.152	0.318
0.194	0.219	0.246	0.342
0.338	0.240	0.160	0.262
0.229	0.301	0.200	0.270
0.254	0.066	0.112	0.568
0.302	0.413	0.142	0.143
0.130	0.319	0.240	0.312
0.583	0.094	0.129	0.194
0.288	0.237	0.138	0.337
0.322	0.254	0.147	0.278
0.202	0.259	0.266	0.273
0.274	0.289	0.105	0.331
>CTCTCCCTTCCT	22-CTCTCCCTTCCT	11.624569	-33.237785	0	T:29.0(1.66%),B:2.7(0.33%),P:1e-14	Tpos:127.1,Tstd:86.5,Bpos:178.8,Bstd:72.7,StrandBias:0.6,Multiplicity:1.04
0.001	0.899	0.099	0.001
0.156	0.057	0.001	0.786
0.001	0.763	0.051	0.185
0.001	0.121	0.001	0.877
0.001	0.770	0.228	0.001
0.200	0.645	0.084	0.071
0.100	0.698	0.001	0.201
0.001	0.001	0.001	0.997
0.001	0.085	0.068	0.846
0.001	0.997	0.001	0.001
0.001	0.997	0.001	0.001
0.001	0.210	0.001	0.788
>CTGAGAGGGGGC	23-CTGAGAGGGGGC	10.531867	-27.564755	0	T:26.0(1.49%),B:2.3(0.28%),P:1e-11	Tpos:131.2,Tstd:94.1,Bpos:125.1,Bstd:79.0,StrandBias:0.9,Multiplicity:1.23
0.061	0.758	0.133	0.048
0.097	0.109	0.165	0.629
0.020	0.097	0.838	0.045
0.628	0.093	0.218	0.061
0.067	0.073	0.836	0.024
0.695	0.106	0.113	0.086
0.073	0.060	0.809	0.058
0.075	0.061	0.813	0.051
0.124	0.097	0.716	0.063
0.107	0.071	0.763	0.059
0.073	0.094	0.790	0.043
0.086	0.743	0.117	0.054
>GGCTGGGGCCAG	24-GGCTGGGGCCAG	11.134823	-26.765896	0	T:36.0(2.06%),B:4.4(0.54%),P:1e-11	Tpos:147.6,Tstd:90.6,Bpos:93.1,Bstd:53.3,StrandBias:0.9,Multiplicity:1.03
0.074	0.043	0.820	0.063
0.022	0.043	0.892	0.043
0.043	0.781	0.165	0.011
0.054	0.122	0.054	0.770
0.001	0.021	0.935	0.043
0.074	0.052	0.809	0.065
0.065	0.020	0.863	0.052
0.043	0.076	0.829	0.052
0.074	0.764	0.119	0.043
0.041	0.851	0.076	0.032
0.873	0.041	0.032	0.054
0.043	0.022	0.903	0.032
>GGCTCCACCCCC	25-GGCTCCACCCCC	10.409522	-23.518224	0	T:29.0(1.66%),B:3.5(0.43%),P:1e-10	Tpos:145.0,Tstd:85.6,Bpos:203.0,Bstd:55.8,StrandBias:-1.5,Multiplicity:1.04
0.100	0.100	0.700	0.100
0.100	0.100	0.700	0.100
0.100	0.700	0.100	0.100
0.100	0.100	0.100	0.700
0.100	0.700	0.100	0.100
0.100	0.700	0.100	0.100
0.700	0.100	0.100	0.100
0.100	0.700	0.100	0.100
0.100	0.700	0.100	0.100
0.100	0.700	0.100	0.100
0.100	0.700	0.100	0.100
0.100	0.700	0.100	0.100
>GAAATA	1-GAAATA	7.297621	-63.476442	0	T:280.0(16.06%),B:65.7(8.10%),P:1e-27	Tpos:142.4,Tstd:101.2,Bpos:126.1,Bstd:127.0,StrandBias:-0.2,Multiplicity:1.12
0.001	0.001	0.997	0.001
0.997	0.001	0.001	0.001
0.632	0.366	0.001	0.001
0.997	0.001	0.001	0.001
0.001	0.001	0.001	0.997
0.997	0.001	0.001	0.001
>AWGATT	2-AWGATT	4.842602	-43.685207	0	T:442.0(25.34%),B:136.4(16.82%),P:1e-18	Tpos:153.2,Tstd:98.7,Bpos:157.4,Bstd:139.4,StrandBias:-0.0,Multiplicity:1.24
0.700	0.164	0.065	0.071
0.477	0.182	0.001	0.340
0.085	0.063	0.851	0.001
0.594	0.001	0.319	0.086
0.226	0.122	0.001	0.651
0.055	0.052	0.157	0.736
>GCATSG	3-GCATSG	5.076105	-43.577053	0	T:472.0(27.06%),B:148.9(18.37%),P:1e-18	Tpos:146.1,Tstd:103.0,Bpos:151.3,Bstd:110.2,StrandBias:0.3,Multiplicity:1.15
0.001	0.121	0.768	0.110
0.302	0.539	0.001	0.158
0.769	0.148	0.001	0.082
0.148	0.001	0.180	0.671
0.186	0.430	0.383	0.001
0.001	0.145	0.853	0.001
>GTTTAC	4-GTTTAC	6.826710	-40.095596	0	T:219.0(12.56%),B:55.5(6.85%),P:1e-17	Tpos:137.6,Tstd:83.4,Bpos:143.5,Bstd:125.8,StrandBias:0.1,Multiplicity:1.08
0.001	0.001	0.997	0.001
0.001	0.001	0.001	0.997
0.067	0.001	0.301	0.631
0.001	0.001	0.001	0.997
0.757	0.241	0.001	0.001
0.001	0.997	0.001	0.001
>TTTTAT	5-TTTTAT	6.572445	-30.303135	0	T:382.0(21.90%),B:123.6(15.24%),P:1e-13	Tpos:146.4,Tstd:110.5,Bpos:123.2,Bstd:128.7,StrandBias:-0.1,Multiplicity:1.34
0.001	0.001	0.001	0.997
0.001	0.001	0.001	0.997
0.001	0.001	0.001	0.997
0.001	0.228	0.001	0.770
0.775	0.001	0.223	0.001
0.001	0.001	0.001	0.997
>CGSTTG	6-CGSTTG	4.710223	-28.843818	0	T:676.0(38.76%),B:248.2(30.61%),P:1e-12	Tpos:150.1,Tstd:100.9,Bpos:156.7,Bstd:114.8,StrandBias:0.2,Multiplicity:1.26
0.206	0.675	0.001	0.118
0.003	0.062	0.687	0.248
0.001	0.408	0.365	0.225
0.247	0.001	0.092	0.660
0.015	0.001	0.001	0.983
0.001	0.228	0.612	0.159
>CAAATC	7-CAAATC	5.931769	-25.470848	0	T:551.0(31.59%),B:198.4(24.46%),P:1e-11	Tpos:150.8,Tstd:100.4,Bpos:161.6,Bstd:137.7,StrandBias:-0.0,Multiplicity:1.18
0.001	0.811	0.187	0.001
0.852	0.001	0.146	0.001
0.784	0.214	0.001	0.001
0.997	0.001	0.001	0.001
0.001	0.001	0.001	0.997
0.001	0.997	0.001	0.001
>AAATCA	8-AAATCA	7.115299	-25.032987	0	T:256.0(14.68%),B:78.9(9.73%),P:1e-10	Tpos:151.1,Tstd:109.8,Bpos:128.9,Bstd:127.6,StrandBias:-0.2,Multiplicity:1.14
0.997	0.001	0.001	0.001
0.693	0.001	0.001	0.305
0.997	0.001	0.001	0.001
0.001	0.001	0.001	0.997
0.001	0.997	0.001	0.001
0.997	0.001	0.001	0.001
>TGTAGT	9-TGTAGT	6.177716	-22.482576	0	T:146.0(8.37%),B:39.9(4.92%),P:1e-9	Tpos:155.7,Tstd:105.7,Bpos:137.7,Bstd:118.9,StrandBias:0.3,Multiplicity:1.07
0.100	0.100	0.100	0.700
0.100	0.100	0.700	0.100
0.100	0.100	0.100	0.700
0.700	0.100	0.100	0.100
0.100	0.100	0.700	0.100
0.100	0.100	0.100	0.700
>TCACGT	10-TCACGT	6.177716	-22.309602	0	T:108.0(6.19%),B:26.1(3.22%),P:1e-9	Tpos:134.4,Tstd:85.4,Bpos:152.6,Bstd:113.5,StrandBias:0.1,Multiplicity:1.02
0.100	0.100	0.100	0.700
0.100	0.700	0.100	0.100
0.700	0.100	0.100	0.100
0.100	0.700	0.100	0.100
0.100	0.100	0.700	0.100
0.100	0.100	0.100	0.700
>ATCGAW	11-ATCGAW	7.458773	-22.191794	0	T:49.0(2.81%),B:8.8(1.08%),P:1e-9	Tpos:145.8,Tstd:104.3,Bpos:145.0,Bstd:88.8,StrandBias:0.0,Multiplicity:1.06
0.997	0.001	0.001	0.001
0.001	0.001	0.001	0.997
0.001	0.997	0.001	0.001
0.001	0.001	0.997	0.001
0.997	0.001	0.001	0.001
0.430	0.001	0.001	0.568
>CTTKAA	12-CTTKAA	6.858819	-22.167439	0	T:433.0(24.83%),B:152.9(18.85%),P:1e-9	Tpos:151.9,Tstd:109.7,Bpos:144.4,Bstd:158.7,StrandBias:0.0,Multiplicity:1.26
0.001	0.997	0.001	0.001
0.001	0.001	0.001	0.997
0.001	0.001	0.001	0.997
0.236	0.001	0.435	0.329
0.997	0.001	0.001	0.001
0.997	0.001	0.001	0.001
>CTATCG	13-CTATCG	7.368797	-21.460785	0	T:52.0(2.98%),B:9.0(1.11%),P:1e-9	Tpos:170.3,Tstd:93.3,Bpos:168.4,Bstd:50.4,StrandBias:0.3,Multiplicity:1.00
0.001	0.997	0.001	0.001
0.001	0.001	0.001	0.997
0.997	0.001	0.001	0.001
0.001	0.001	0.001	0.997
0.393	0.605	0.001	0.001
0.001	0.001	0.997	0.001
>TTATGG	14-TTATGG	5.604519	-21.419786	0	T:581.0(33.31%),B:216.4(26.69%),P:1e-9	Tpos:158.7,Tstd:110.2,Bpos:148.7,Bstd:106.6,StrandBias:-0.1,Multiplicity:1.23
0.001	0.001	0.001	0.997
0.001	0.223	0.001	0.775
0.697	0.001	0.301	0.001
0.001	0.001	0.001	0.997
0.001	0.001	0.997	0.001
0.001	0.001	0.997	0.001
>TTAGTT	15-TTAGTT	6.177716	-21.035315	0	T:115.0(6.59%),B:29.6(3.65%),P:1e-9	Tpos:155.1,Tstd:98.9,Bpos:132.2,Bstd:164.4,StrandBias:0.1,Multiplicity:1.11
0.100	0.100	0.100	0.700
0.100	0.100	0.100	0.700
0.700	0.100	0.100	0.100
0.100	0.100	0.700	0.100
0.100	0.100	0.100	0.700
0.100	0.100	0.100	0.700
>CGATAA	16-CGATAA	6.177716	-19.786593	0	T:31.0(1.78%),B:4.6(0.57%),P:1e-8	Tpos:191.7,Tstd:141.8,Bpos:181.9,Bstd:38.1,StrandBias:-0.3,Multiplicity:1.04
0.100	0.700	0.100	0.100
0.100	0.100	0.700	0.100
0.700	0.100	0.100	0.100
0.100	0.100	0.100	0.700
0.700	0.100	0.100	0.100
0.700	0.100	0.100	0.100
>CATCGA	17-CATCGA	6.177716	-19.447621	0	T:50.0(2.87%),B:9.2(1.14%),P:1e-8	Tpos:158.2,Tstd:114.7,Bpos:128.4,Bstd:48.3,StrandBias:0.0,Multiplicity:1.10
0.100	0.700	0.100	0.100
0.700	0.100	0.100	0.100
0.100	0.100	0.100	0.700
0.100	0.700	0.100	0.100
0.100	0.100	0.700	0.100
0.700	0.100	0.100	0.100
>GGCAAT	18-GGCAAT	6.177716	-18.160127	0	T:119.0(6.82%),B:32.3(3.98%),P:1e-7	Tpos:154.6,Tstd:103.7,Bpos:123.1,Bstd:80.4,StrandBias:0.1,Multiplicity:1.06
0.100	0.100	0.700	0.100
0.100	0.100	0.700	0.100
0.100	0.700	0.100	0.100
0.700	0.100	0.100	0.100
0.700	0.100	0.100	0.100
0.100	0.100	0.100	0.700
>CTTTCT	19-CTTTCT	6.677677	-16.323839	0	T:458.0(26.26%),B:170.3(21.00%),P:1e-7	Tpos:150.4,Tstd:106.8,Bpos:150.1,Bstd:128.4,StrandBias:-0.3,Multiplicity:1.21
0.001	0.997	0.001	0.001
0.001	0.001	0.001	0.997
0.001	0.001	0.001	0.997
0.137	0.001	0.001	0.861
0.001	0.997	0.001	0.001
0.001	0.001	0.228	0.770
>ARCYTT	20-ARCYTT	5.851709	-11.847177	0	T:728.0(41.74%),B:297.8(36.72%),P:1e-5	Tpos:151.2,Tstd:109.0,Bpos:154.0,Bstd:143.5,StrandBias:0.1,Multiplicity:1.30
0.997	0.001	0.001	0.001
0.551	0.001	0.446	0.002
0.344	0.631	0.024	0.001
0.001	0.446	0.002	0.551
0.001	0.001	0.180	0.818
0.001	0.001	0.001	0.997
>GGTTAG	21-GGTTAG	6.177716	-11.570772	0	T:133.0(7.63%),B:42.2(5.20%),P:1e-5	Tpos:148.6,Tstd:96.5,Bpos:140.4,Bstd:147.5,StrandBias:-0.2,Multiplicity:1.03
0.100	0.100	0.700	0.100
0.100	0.100	0.700	0.100
0.100	0.100	0.100	0.700
0.100	0.100	0.100	0.700
0.700	0.100	0.100	0.100
0.100	0.100	0.700	0.100
>ACAAGG	22-ACAAGG	6.177716	-9.664356	0	T:215.0(12.33%),B:77.2(9.52%),P:1e-4	Tpos:148.1,Tstd:100.7,Bpos:129.3,Bstd:126.1,StrandBias:-0.4,Multiplicity:1.06
0.700	0.100	0.100	0.100
0.100	0.700	0.100	0.100
0.700	0.100	0.100	0.100
0.700	0.100	0.100	0.100
0.100	0.100	0.700	0.100
0.100	0.100	0.700	0.100
>TGTGTG	23-TGTGTG	6.270185	-9.643398	0	T:544.0(31.19%),B:220.0(27.13%),P:1e-4	Tpos:151.0,Tstd:100.5,Bpos:162.2,Bstd:118.1,StrandBias:-0.0,Multiplicity:1.39
0.001	0.001	0.001	0.997
0.001	0.001	0.997	0.001
0.001	0.001	0.001	0.997
0.131	0.001	0.658	0.210
0.001	0.001	0.001	0.997
0.001	0.001	0.997	0.001
>CCTAGC	24-CCTAGC	6.177716	-6.784977	0	T:181.0(10.38%),B:67.1(8.27%),P:1e-2	Tpos:148.1,Tstd:83.5,Bpos:179.3,Bstd:138.6,StrandBias:-0.0,Multiplicity:1.11
0.100	0.700	0.100	0.100
0.100	0.700	0.100	0.100
0.100	0.100	0.100	0.700
0.700	0.100	0.100	0.100
0.100	0.100	0.700	0.100
0.100	0.700	0.100	0.100
>ACGAAT	25-ACGAAT	6.177716	-5.424528	0	T:35.0(2.01%),B:10.6(1.31%),P:1e-2	Tpos:151.0,Tstd:106.5,Bpos:266.7,Bstd:53.5,StrandBias:-0.4,Multiplicity:1.04
0.700	0.100	0.100	0.100
0.100	0.700	0.100	0.100
0.100	0.100	0.700	0.100
0.700	0.100	0.100	0.100
0.700	0.100	0.100	0.100
0.100	0.100	0.100	0.700
>TTATGTA	1-TTATGTA	8.448158	-90.750281	0	T:63.0(3.61%),B:3.8(0.47%),P:1e-39	Tpos:175.3,Tstd:103.9,Bpos:107.5,Bstd:65.5,StrandBias:0.2,Multiplicity:1.02
0.001	0.001	0.290	0.708
0.001	0.001	0.001	0.997
0.997	0.001	0.001	0.001
0.001	0.001	0.001	0.997
0.001	0.001	0.997	0.001
0.001	0.001	0.001	0.997
0.997	0.001	0.001	0.001
>CTATGTC	2-CTATGTC	9.199660	-73.391470	0	T:37.0(2.12%),B:1.6(0.20%),P:1e-31	Tpos:155.6,Tstd:85.4,Bpos:78.8,Bstd:32.5,StrandBias:0.5,Multiplicity:1.03
0.206	0.792	0.001	0.001
0.001	0.001	0.224	0.774
0.997	0.001	0.001	0.001
0.001	0.001	0.001	0.997
0.001	0.001	0.997	0.001
0.001	0.001	0.001	0.997
0.001	0.997	0.001	0.001
