>GGAGGTGGGGT	1-GGAGGTGGGGT	10.074836	-176.676603	0	T:69.0(3.96%),B:1.0(0.12%),P:1e-76	Tpos:157.5,Tstd:113.9,Bpos:169.5,Bstd:11.2,StrandBias:-0.5,Multiplicity:1.03
0.001	0.001	0.997	0.001
0.001	0.001	0.997	0.001
0.697	0.132	0.170	0.001
0.001	0.001	0.580	0.418
0.086	0.001	0.670	0.243
0.001	0.001	0.099	0.899
0.001	0.001	0.997	0.001
0.001	0.001	0.899	0.099
0.001	0.205	0.793	0.001
0.001	0.001	0.630	0.368
0.001	0.202	0.001	0.796
>CTGTGACTCAG	2-CTGTGACTCAG	9.587432	-155.871533	0	T:63.0(3.61%),B:1.6(0.20%),P:1e-67	Tpos:138.2,Tstd:83.6,Bpos:173.7,Bstd:15.9,StrandBias:0.0,Multiplicity:1.08
0.044	0.788	0.123	0.045
0.001	0.043	0.001	0.955
0.065	0.145	0.789	0.001
0.219	0.001	0.001	0.779
0.044	0.370	0.564	0.022
0.891	0.065	0.043	0.001
0.001	0.955	0.001	0.043
0.001	0.367	0.001	0.631
0.001	0.997	0.001	0.001
0.923	0.001	0.001	0.075
0.001	0.186	0.812	0.001
>CTGTGCTTTCY	3-CTGTGCTTTCY	9.244658	-119.732845	0	T:65.0(3.73%),B:2.7(0.33%),P:1e-51	Tpos:139.2,Tstd:87.1,Bpos:60.0,Bstd:35.3,StrandBias:-0.4,Multiplicity:1.12
0.054	0.823	0.114	0.009
0.185	0.001	0.001	0.813
0.001	0.109	0.829	0.061
0.078	0.026	0.029	0.867
0.001	0.116	0.857	0.026
0.026	0.666	0.248	0.060
0.001	0.061	0.026	0.912
0.001	0.179	0.026	0.794
0.001	0.025	0.001	0.973
0.001	0.793	0.132	0.074
0.061	0.456	0.001	0.481
>TGCTGGCCCCA	4-TGCTGGCCCCA	9.821353	-97.238025	0	T:45.0(2.58%),B:0.4(0.05%),P:1e-42	Tpos:151.9,Tstd:90.0,Bpos:190.0,Bstd:0.0,StrandBias:-1.4,Multiplicity:1.00
0.024	0.047	0.024	0.905
0.001	0.150	0.759	0.090
0.047	0.905	0.047	0.001
0.047	0.001	0.001	0.951
0.001	0.001	0.997	0.001
0.001	0.058	0.776	0.165
0.001	0.997	0.001	0.001
0.238	0.760	0.001	0.001
0.001	0.900	0.075	0.024
0.047	0.877	0.001	0.075
0.975	0.001	0.001	0.023
>WCAGCAGSCTG	5-WCAGCAGSCTG	10.111917	-90.405504	0	T:54.0(3.10%),B:2.7(0.34%),P:1e-39	Tpos:160.6,Tstd:122.6,Bpos:153.0,Bstd:99.8,StrandBias:0.0,Multiplicity:1.02
0.434	0.001	0.001	0.564
0.075	0.923	0.001	0.001
0.797	0.001	0.201	0.001
0.001	0.001	0.997	0.001
0.075	0.606	0.318	0.001
0.997	0.001	0.001	0.001
0.264	0.001	0.734	0.001
0.001	0.489	0.509	0.001
0.075	0.681	0.001	0.243
0.001	0.001	0.001	0.997
0.001	0.334	0.664	0.001
>RCCTCTKCCTT	6-RCCTCTKCCTT	10.697821	-88.112069	0	T:42.0(2.41%),B:1.7(0.21%),P:1e-38	Tpos:149.2,Tstd:117.4,Bpos:143.5,Bstd:50.1,StrandBias:0.6,Multiplicity:1.00
0.333	0.093	0.467	0.107
0.001	0.812	0.186	0.001
0.001	0.997	0.001	0.001
0.001	0.001	0.001	0.997
0.001	0.765	0.233	0.001
0.320	0.001	0.001	0.678
0.001	0.001	0.535	0.463
0.001	0.997	0.001	0.001
0.001	0.731	0.001	0.267
0.001	0.001	0.001	0.997
0.001	0.382	0.001	0.616
>AGAGCTGAGCT	7-AGAGCTGAGCT	8.669723	-82.147543	0	T:40.0(2.29%),B:2.0(0.24%),P:1e-35	Tpos:147.2,Tstd:96.2,Bpos:79.7,Bstd:9.3,StrandBias:-0.3,Multiplicity:1.03
0.672	0.097	0.145	0.086
0.088	0.119	0.745	0.048
0.695	0.105	0.128	0.072
0.077	0.089	0.758	0.076
0.048	0.811	0.087	0.054
0.102	0.090	0.085	0.723
0.058	0.128	0.773	0.041
0.664	0.088	0.152	0.096
0.076	0.073	0.805	0.046
0.091	0.746	0.102	0.061
0.135	0.115	0.128	0.622
>CAGAAAGCAGC	8-CAGAAAGCAGC	9.659422	-74.673874	0	T:63.0(3.61%),B:4.4(0.55%),P:1e-32	Tpos:152.5,Tstd:90.0,Bpos:148.7,Bstd:57.8,StrandBias:-0.1,Multiplicity:1.07
0.051	0.607	0.341	0.001
0.868	0.130	0.001	0.001
0.016	0.001	0.982	0.001
0.514	0.269	0.216	0.001
0.944	0.038	0.017	0.001
0.982	0.001	0.016	0.001
0.083	0.001	0.833	0.083
0.001	0.885	0.113	0.001
0.888	0.001	0.045	0.066
0.107	0.193	0.662	0.038
0.308	0.690	0.001	0.001
>CCTCTCTGTGC	9-CCTCTCTGTGC	8.772164	-72.909735	0	T:47.0(2.69%),B:2.4(0.29%),P:1e-31	Tpos:135.2,Tstd:90.7,Bpos:101.8,Bstd:34.4,StrandBias:-0.6,Multiplicity:1.02
0.063	0.756	0.107	0.074
0.075	0.757	0.067	0.101
0.072	0.110	0.104	0.714
0.040	0.778	0.097	0.085
0.065	0.151	0.067	0.717
0.038	0.797	0.107	0.058
0.099	0.101	0.084	0.716
0.038	0.174	0.707	0.081
0.093	0.152	0.135	0.620
0.068	0.138	0.710	0.084
0.068	0.736	0.110	0.086
>AGKCCTCCTCC	10-AGKCCTCCTCC	10.341018	-70.493292	0	T:46.0(2.64%),B:2.8(0.35%),P:1e-30	Tpos:148.1,Tstd:93.8,Bpos:94.4,Bstd:66.3,StrandBias:0.2,Multiplicity:1.02
0.650	0.001	0.064	0.285
0.041	0.057	0.901	0.001
0.001	0.128	0.426	0.445
0.001	0.957	0.001	0.041
0.001	0.957	0.001	0.041
0.041	0.015	0.001	0.943
0.001	0.866	0.092	0.041
0.001	0.997	0.001	0.001
0.041	0.001	0.001	0.957
0.001	0.957	0.001	0.041
0.001	0.997	0.001	0.001
>AGAGGAAGCTG	11-AGAGGAAGCTG	10.532332	-67.688849	0	T:35.0(2.01%),B:1.9(0.23%),P:1e-29	Tpos:130.5,Tstd:72.6,Bpos:572.0,Bstd:0.0,StrandBias:0.3,Multiplicity:1.03
0.865	0.055	0.025	0.055
0.055	0.202	0.742	0.001
0.997	0.001	0.001	0.001
0.054	0.001	0.944	0.001
0.001	0.001	0.997	0.001
0.868	0.022	0.055	0.055
0.974	0.001	0.001	0.024
0.001	0.001	0.997	0.001
0.055	0.835	0.055	0.055
0.091	0.001	0.001	0.907
0.054	0.001	0.944	0.001
>CACCACATCCT	12-CACCACATCCT	10.638736	-67.688849	0	T:35.0(2.01%),B:1.4(0.17%),P:1e-29	Tpos:142.7,Tstd:67.8,Bpos:75.4,Bstd:25.3,StrandBias:-0.2,Multiplicity:1.00
0.047	0.882	0.070	0.001
0.964	0.034	0.001	0.001
0.001	0.997	0.001	0.001
0.070	0.928	0.001	0.001
0.852	0.100	0.001	0.047
0.001	0.997	0.001	0.001
0.655	0.070	0.047	0.228
0.047	0.104	0.070	0.779
0.001	0.997	0.001	0.001
0.001	0.928	0.001	0.070
0.001	0.104	0.001	0.894
>ATTTTGTTTTC	13-ATTTTGTTTTC	9.999899	-64.159953	0	T:51.0(2.92%),B:3.9(0.48%),P:1e-27	Tpos:148.3,Tstd:104.1,Bpos:84.4,Bstd:74.5,StrandBias:0.1,Multiplicity:1.04
0.503	0.328	0.168	0.001
0.001	0.148	0.001	0.850
0.001	0.001	0.001	0.997
0.001	0.118	0.001	0.880
0.001	0.001	0.001	0.997
0.204	0.034	0.531	0.231
0.001	0.001	0.148	0.850
0.001	0.001	0.173	0.825
0.001	0.001	0.001	0.997
0.001	0.001	0.001	0.997
0.151	0.847	0.001	0.001
>CTTCCCCTTYT	14-CTTCCCCTTYT	8.743358	-64.093506	0	T:80.0(4.59%),B:8.5(1.05%),P:1e-27	Tpos:144.3,Tstd:96.5,Bpos:162.0,Bstd:78.8,StrandBias:-0.3,Multiplicity:1.02
0.001	0.969	0.029	0.001
0.218	0.001	0.001	0.780
0.001	0.063	0.001	0.935
0.001	0.894	0.104	0.001
0.001	0.997	0.001	0.001
0.001	0.997	0.001	0.001
0.179	0.716	0.104	0.001
0.029	0.316	0.166	0.489
0.001	0.104	0.001	0.894
0.029	0.425	0.001	0.545
0.001	0.029	0.029	0.941
>GCCTTCCTGTT	15-GCCTTCCTGTT	10.180968	-63.377847	0	T:43.0(2.47%),B:2.6(0.32%),P:1e-27	Tpos:135.6,Tstd:88.0,Bpos:145.7,Bstd:47.1,StrandBias:-0.2,Multiplicity:1.05
0.042	0.038	0.845	0.075
0.046	0.693	0.212	0.049
0.008	0.773	0.023	0.196
0.034	0.082	0.015	0.869
0.015	0.054	0.038	0.893
0.023	0.892	0.031	0.054
0.030	0.954	0.015	0.001
0.057	0.023	0.031	0.889
0.038	0.193	0.712	0.057
0.061	0.153	0.042	0.744
0.065	0.079	0.054	0.802
>TCCCCTGGGGG	16-TCCCCTGGGGG	9.413293	-47.947464	0	T:49.0(2.81%),B:4.5(0.55%),P:1e-20	Tpos:153.4,Tstd:114.5,Bpos:155.6,Bstd:54.1,StrandBias:-0.1,Multiplicity:1.02
0.071	0.042	0.018	0.869
0.044	0.786	0.108	0.062
0.062	0.755	0.135	0.048
0.066	0.816	0.039	0.079
0.031	0.850	0.066	0.053
0.022	0.062	0.053	0.863
0.062	0.075	0.801	0.062
0.044	0.035	0.886	0.035
0.130	0.027	0.821	0.022
0.039	0.057	0.816	0.088
0.093	0.053	0.810	0.044
>NTTTCTAGAAN	17-NTTTCTAGAAN	6.741826	-46.095934	0	T:27.0(1.55%),B:1.8(0.22%),P:1e-20	Tpos:155.3,Tstd:86.9,Bpos:73.6,Bstd:29.0,StrandBias:0.0,Multiplicity:1.00
0.202	0.231	0.218	0.348
0.115	0.165	0.135	0.585
0.107	0.149	0.128	0.616
0.102	0.133	0.133	0.632
0.128	0.614	0.125	0.133
0.136	0.196	0.090	0.578
0.572	0.101	0.165	0.162
0.140	0.140	0.585	0.135
0.575	0.152	0.155	0.118
0.556	0.146	0.166	0.132
0.341	0.202	0.250	0.207
>CTTTCCCTCTG	18-CTTTCCCTCTG	8.643532	-46.074847	0	T:42.0(2.41%),B:3.8(0.46%),P:1e-20	Tpos:158.5,Tstd:109.7,Bpos:93.4,Bstd:57.5,StrandBias:0.5,Multiplicity:1.00
0.074	0.725	0.096	0.105
0.068	0.122	0.080	0.730
0.033	0.141	0.115	0.711
0.069	0.151	0.112	0.668
0.058	0.730	0.106	0.106
0.064	0.767	0.056	0.113
0.066	0.748	0.049	0.137
0.063	0.122	0.068	0.747
0.033	0.770	0.106	0.091
0.104	0.075	0.066	0.755
0.071	0.169	0.660	0.100
>GCGCATGCGCG	19-GCGCATGCGCG	8.873593	-44.178448	0	T:41.0(2.35%),B:3.7(0.46%),P:1e-19	Tpos:185.6,Tstd:111.8,Bpos:177.6,Bstd:45.5,StrandBias:-0.4,Multiplicity:1.05
0.047	0.066	0.830	0.057
0.080	0.687	0.144	0.089
0.084	0.085	0.757	0.074
0.061	0.821	0.076	0.042
0.601	0.210	0.129	0.060
0.061	0.164	0.190	0.585
0.038	0.138	0.786	0.038
0.084	0.708	0.126	0.082
0.064	0.109	0.773	0.054
0.097	0.755	0.075	0.073
0.093	0.090	0.716	0.101
>VAACCAAAAAV	20-VAACCAAAAAV	6.923505	-43.361974	0	T:34.0(1.95%),B:2.0(0.25%),P:1e-18	Tpos:149.0,Tstd:99.4,Bpos:152.1,Bstd:2.7,StrandBias:1.7,Multiplicity:1.09
0.363	0.226	0.222	0.188
0.575	0.167	0.135	0.123
0.592	0.138	0.147	0.123
0.198	0.510	0.161	0.131
0.195	0.570	0.107	0.128
0.619	0.157	0.101	0.123
0.598	0.149	0.164	0.089
0.636	0.121	0.158	0.085
0.609	0.131	0.161	0.099
0.584	0.138	0.164	0.114
0.343	0.220	0.247	0.190
>AGAAAAGCAGG	21-AGAAAAGCAGG	9.997274	-40.459623	0	T:39.0(2.24%),B:3.5(0.43%),P:1e-17	Tpos:152.2,Tstd:94.2,Bpos:184.2,Bstd:63.5,StrandBias:0.2,Multiplicity:1.03
0.980	0.001	0.018	0.001
0.001	0.001	0.997	0.001
0.928	0.001	0.070	0.001
0.608	0.019	0.372	0.001
0.776	0.222	0.001	0.001
0.980	0.001	0.018	0.001
0.055	0.001	0.943	0.001
0.214	0.711	0.019	0.056
0.943	0.001	0.055	0.001
0.049	0.001	0.949	0.001
0.056	0.019	0.924	0.001
>AGGGCAGCCCT	22-AGGGCAGCCCT	9.010315	-38.638380	0	T:38.0(2.18%),B:3.3(0.41%),P:1e-16	Tpos:146.9,Tstd:95.8,Bpos:80.2,Bstd:69.0,StrandBias:-0.3,Multiplicity:1.00
0.627	0.091	0.178	0.104
0.083	0.076	0.766	0.075
0.106	0.097	0.717	0.080
0.093	0.130	0.710	0.067
0.088	0.769	0.104	0.039
0.862	0.072	0.065	0.001
0.066	0.094	0.779	0.061
0.067	0.754	0.128	0.051
0.072	0.726	0.099	0.103
0.080	0.715	0.085	0.120
0.093	0.188	0.135	0.584
>TGGGTTCCCAG	23-TGGGTTCCCAG	9.052153	-37.676705	0	T:43.0(2.47%),B:4.4(0.54%),P:1e-16	Tpos:138.7,Tstd:93.7,Bpos:106.5,Bstd:69.0,StrandBias:-0.2,Multiplicity:1.10
0.127	0.091	0.143	0.639
0.049	0.072	0.815	0.064
0.078	0.065	0.770	0.087
0.063	0.115	0.739	0.083
0.102	0.173	0.178	0.547
0.073	0.159	0.155	0.613
0.049	0.785	0.078	0.088
0.079	0.786	0.043	0.092
0.065	0.810	0.067	0.058
0.700	0.088	0.092	0.120
0.045	0.086	0.804	0.065
>ACACATACACA	24-ACACATACACA	9.379902	-36.843420	0	T:37.0(2.12%),B:3.5(0.44%),P:1e-16	Tpos:142.2,Tstd:68.5,Bpos:233.8,Bstd:88.3,StrandBias:0.1,Multiplicity:1.11
0.700	0.100	0.100	0.100
0.100	0.700	0.100	0.100
0.700	0.100	0.100	0.100
0.100	0.700	0.100	0.100
0.700	0.100	0.100	0.100
0.100	0.100	0.100	0.700
0.700	0.100	0.100	0.100
0.100	0.700	0.100	0.100
0.700	0.100	0.100	0.100
0.100	0.700	0.100	0.100
0.700	0.100	0.100	0.100
>CTGGAAGCGGG	25-CTGGAAGCGGG	9.379902	-35.198536	0	T:30.0(1.72%),B:2.8(0.35%),P:1e-15	Tpos:178.7,Tstd:110.3,Bpos:120.1,Bstd:55.4,StrandBias:-0.8,Multiplicity:1.00
0.100	0.700	0.100	0.100
0.100	0.100	0.100	0.700
0.100	0.100	0.700	0.100
0.100	0.100	0.700	0.100
0.700	0.100	0.100	0.100
0.700	0.100	0.100	0.100
0.100	0.100	0.700	0.100
0.100	0.700	0.100	0.100
0.100	0.100	0.700	0.100
0.100	0.100	0.700	0.100
0.100	0.100	0.700	0.100
