>TTGCTGATTT	1-TTGCTGATTT	8.533503	-155.871533	0	T:63.0(3.61%),B:1.3(0.16%),P:1e-67	Tpos:140.4,Tstd:86.3,Bpos:157.0,Bstd:0.0,StrandBias:0.2,Multiplicity:1.05
0.035	0.127	0.069	0.769
0.014	0.033	0.100	0.853
0.039	0.218	0.714	0.029
0.043	0.782	0.019	0.156
0.049	0.014	0.014	0.923
0.029	0.052	0.826	0.093
0.613	0.297	0.039	0.051
0.025	0.057	0.083	0.835
0.038	0.078	0.044	0.840
0.034	0.027	0.052	0.887
>TTAGAAAGGA	2-TTAGAAAGGA	8.147056	-142.325049	0	T:59.0(3.38%),B:1.4(0.18%),P:1e-61	Tpos:152.6,Tstd:97.8,Bpos:253.1,Bstd:16.5,StrandBias:0.2,Multiplicity:1.03
0.027	0.001	0.027	0.945
0.027	0.001	0.222	0.750
0.945	0.001	0.027	0.027
0.027	0.100	0.846	0.027
0.972	0.026	0.001	0.001
0.972	0.001	0.026	0.001
0.919	0.027	0.027	0.027
0.001	0.001	0.972	0.026
0.027	0.222	0.724	0.027
0.972	0.026	0.001	0.001
>CTAAAAAAAT	3-CTAAAAAAAT	5.866940	-125.785449	0	T:54.0(3.10%),B:2.0(0.24%),P:1e-54	Tpos:134.6,Tstd:92.3,Bpos:194.0,Bstd:0.0,StrandBias:1.1,Multiplicity:1.06
0.001	0.997	0.001	0.001
0.001	0.001	0.001	0.997
0.653	0.001	0.001	0.345
0.997	0.001	0.001	0.001
0.997	0.001	0.001	0.001
0.997	0.001	0.001	0.001
0.997	0.001	0.001	0.001
0.997	0.001	0.001	0.001
0.997	0.001	0.001	0.001
0.308	0.001	0.001	0.690
>TTTTATCTGC	4-TTTTATCTGC	8.665575	-125.785449	0	T:54.0(3.10%),B:1.7(0.21%),P:1e-54	Tpos:138.3,Tstd:111.5,Bpos:80.3,Bstd:44.3,StrandBias:0.2,Multiplicity:1.04
0.026	0.032	0.002	0.940
0.026	0.063	0.128	0.783
0.001	0.031	0.063	0.905
0.153	0.316	0.058	0.473
0.685	0.152	0.028	0.135
0.026	0.269	0.085	0.620
0.032	0.841	0.008	0.119
0.031	0.001	0.001	0.967
0.001	0.110	0.698	0.191
0.012	0.841	0.038	0.109
>AAAATTTAAA	5-AAAATTTAAA	8.156255	-119.732845	0	T:65.0(3.73%),B:2.5(0.31%),P:1e-51	Tpos:181.2,Tstd:128.0,Bpos:192.9,Bstd:11.9,StrandBias:-0.2,Multiplicity:1.14
0.809	0.076	0.051	0.064
0.864	0.046	0.051	0.039
0.757	0.067	0.037	0.139
0.687	0.050	0.051	0.212
0.103	0.030	0.037	0.830
0.128	0.023	0.123	0.726
0.140	0.060	0.026	0.774
0.843	0.055	0.029	0.073
0.833	0.047	0.032	0.088
0.911	0.023	0.040	0.026
>ATTTCATGAA	6-ATTTCATGAA	7.578048	-119.299781	0	T:52.0(2.98%),B:1.7(0.22%),P:1e-51	Tpos:165.6,Tstd:84.2,Bpos:82.7,Bstd:29.2,StrandBias:0.4,Multiplicity:1.04
0.495	0.117	0.202	0.187
0.078	0.246	0.058	0.618
0.021	0.093	0.085	0.801
0.114	0.149	0.060	0.677
0.051	0.780	0.100	0.069
0.560	0.317	0.004	0.119
0.238	0.001	0.254	0.507
0.140	0.110	0.713	0.037
0.762	0.095	0.084	0.059
0.662	0.165	0.104	0.069
>TTCTTGGGTT	7-TTCTTGGGTT	8.281955	-109.116046	0	T:79.0(4.53%),B:4.8(0.59%),P:1e-47	Tpos:145.7,Tstd:83.8,Bpos:263.0,Bstd:207.6,StrandBias:-0.1,Multiplicity:1.03
0.033	0.091	0.047	0.829
0.035	0.040	0.043	0.882
0.017	0.715	0.046	0.222
0.039	0.201	0.084	0.676
0.034	0.036	0.079	0.851
0.039	0.017	0.816	0.128
0.059	0.009	0.888	0.044
0.031	0.044	0.818	0.107
0.023	0.068	0.031	0.878
0.027	0.042	0.249	0.682
>AGCTGGTGAA	8-AGCTGGTGAA	9.387801	-106.566788	0	T:48.0(2.75%),B:1.2(0.15%),P:1e-46	Tpos:144.8,Tstd:110.6,Bpos:153.4,Bstd:24.3,StrandBias:0.2,Multiplicity:1.06
0.997	0.001	0.001	0.001
0.001	0.001	0.997	0.001
0.001	0.997	0.001	0.001
0.081	0.081	0.001	0.837
0.001	0.001	0.997	0.001
0.060	0.048	0.832	0.060
0.268	0.001	0.048	0.683
0.001	0.001	0.917	0.081
0.812	0.001	0.106	0.081
0.939	0.001	0.001	0.059
>ATTTCAGGTG	9-ATTTCAGGTG	7.574982	-100.325712	0	T:46.0(2.64%),B:1.9(0.23%),P:1e-43	Tpos:180.5,Tstd:131.4,Bpos:115.2,Bstd:92.0,StrandBias:0.6,Multiplicity:1.02
0.801	0.058	0.042	0.099
0.112	0.092	0.078	0.718
0.043	0.066	0.101	0.790
0.035	0.075	0.084	0.806
0.061	0.780	0.071	0.088
0.833	0.063	0.066	0.038
0.073	0.052	0.817	0.058
0.054	0.061	0.813	0.072
0.074	0.109	0.076	0.741
0.012	0.088	0.842	0.058
>GTGGAGATGT	10-GTGGAGATGT	8.650768	-88.112069	0	T:42.0(2.41%),B:0.9(0.12%),P:1e-38	Tpos:142.9,Tstd:106.2,Bpos:259.0,Bstd:73.2,StrandBias:0.4,Multiplicity:1.05
0.067	0.022	0.866	0.045
0.083	0.043	0.177	0.697
0.166	0.006	0.813	0.015
0.028	0.052	0.898	0.022
0.812	0.031	0.095	0.062
0.039	0.051	0.873	0.037
0.798	0.073	0.034	0.095
0.231	0.056	0.020	0.693
0.028	0.064	0.730	0.178
0.063	0.026	0.043	0.868
>TTTATAAAGT	11-TTTATAAAGT	7.749624	-85.306944	0	T:52.0(2.98%),B:2.7(0.34%),P:1e-37	Tpos:146.8,Tstd:116.9,Bpos:182.2,Bstd:58.5,StrandBias:0.1,Multiplicity:1.06
0.188	0.001	0.065	0.746
0.066	0.094	0.032	0.808
0.210	0.001	0.001	0.788
0.810	0.050	0.066	0.074
0.071	0.001	0.001	0.927
0.787	0.081	0.066	0.066
0.967	0.001	0.031	0.001
0.933	0.001	0.001	0.065
0.064	0.031	0.904	0.001
0.065	0.001	0.018	0.916
>AGAAATGTAG	12-AGAAATGTAG	7.952123	-85.117495	0	T:41.0(2.35%),B:1.6(0.19%),P:1e-36	Tpos:158.0,Tstd:110.5,Bpos:62.6,Bstd:18.9,StrandBias:1.3,Multiplicity:1.02
0.743	0.033	0.109	0.115
0.100	0.073	0.752	0.075
0.752	0.064	0.130	0.054
0.748	0.094	0.088	0.070
0.722	0.079	0.125	0.074
0.176	0.078	0.130	0.616
0.095	0.097	0.717	0.091
0.158	0.186	0.124	0.532
0.697	0.049	0.158	0.096
0.119	0.071	0.730	0.080
>AGGGTGDTTT	13-AGGGTGDTTT	7.376589	-79.229452	0	T:123.0(7.05%),B:15.4(1.90%),P:1e-34	Tpos:140.6,Tstd:90.8,Bpos:175.8,Bstd:101.6,StrandBias:-0.2,Multiplicity:1.02
0.865	0.006	0.044	0.085
0.126	0.028	0.845	0.001
0.022	0.001	0.909	0.068
0.124	0.024	0.727	0.125
0.006	0.001	0.101	0.892
0.024	0.001	0.953	0.022
0.342	0.188	0.196	0.275
0.047	0.023	0.006	0.924
0.046	0.001	0.128	0.825
0.118	0.092	0.023	0.767
>TGCTTCCTAT	14-TGCTTCCTAT	8.080108	-78.405074	0	T:94.0(5.39%),B:9.3(1.15%),P:1e-34	Tpos:135.2,Tstd:85.6,Bpos:285.9,Bstd:240.3,StrandBias:0.4,Multiplicity:1.01
0.050	0.057	0.057	0.836
0.044	0.077	0.809	0.070
0.052	0.795	0.081	0.072
0.033	0.063	0.033	0.871
0.033	0.033	0.059	0.875
0.026	0.773	0.057	0.144
0.077	0.858	0.026	0.039
0.070	0.046	0.033	0.851
0.540	0.131	0.095	0.234
0.057	0.053	0.046	0.844
>ATGTGWGTGT	15-ATGTGWGTGT	8.098973	-77.940515	0	T:83.0(4.76%),B:8.0(0.98%),P:1e-33	Tpos:155.3,Tstd:87.8,Bpos:200.1,Bstd:120.4,StrandBias:-0.2,Multiplicity:1.12
0.622	0.246	0.131	0.001
0.001	0.073	0.001	0.925
0.001	0.001	0.997	0.001
0.001	0.001	0.001	0.997
0.001	0.033	0.614	0.352
0.566	0.001	0.001	0.432
0.032	0.001	0.879	0.088
0.001	0.001	0.001	0.997
0.017	0.037	0.866	0.080
0.001	0.001	0.001	0.997
>TCTCTTGCAC	16-TCTCTTGCAC	8.361552	-77.806855	0	T:49.0(2.81%),B:2.5(0.30%),P:1e-33	Tpos:163.2,Tstd:96.9,Bpos:94.7,Bstd:8.7,StrandBias:-0.3,Multiplicity:1.00
0.055	0.047	0.163	0.735
0.043	0.881	0.018	0.058
0.036	0.066	0.024	0.874
0.012	0.926	0.031	0.031
0.087	0.181	0.025	0.707
0.060	0.090	0.059	0.791
0.018	0.118	0.731	0.133
0.059	0.848	0.075	0.018
0.794	0.071	0.020	0.115
0.065	0.763	0.103	0.069
>AAAAGTTCCA	17-AAAAGTTCCA	7.931462	-76.283895	0	T:38.0(2.18%),B:1.3(0.15%),P:1e-33	Tpos:179.2,Tstd:95.0,Bpos:212.5,Bstd:58.1,StrandBias:0.1,Multiplicity:1.03
0.699	0.133	0.102	0.066
0.734	0.091	0.110	0.065
0.724	0.107	0.104	0.065
0.751	0.052	0.107	0.090
0.093	0.129	0.685	0.093
0.106	0.123	0.112	0.659
0.115	0.149	0.140	0.596
0.129	0.646	0.107	0.118
0.114	0.765	0.048	0.073
0.750	0.110	0.050	0.090
>GGCTGTAAAC	18-GGCTGTAAAC	8.418931	-72.909735	0	T:47.0(2.69%),B:2.9(0.36%),P:1e-31	Tpos:116.2,Tstd:92.3,Bpos:48.1,Bstd:29.9,StrandBias:-0.8,Multiplicity:1.00
0.069	0.074	0.800	0.057
0.053	0.033	0.855	0.059
0.043	0.875	0.039	0.043
0.037	0.070	0.043	0.850
0.041	0.059	0.851	0.049
0.062	0.079	0.121	0.738
0.676	0.106	0.179	0.039
0.820	0.094	0.021	0.065
0.743	0.068	0.144	0.045
0.045	0.851	0.065	0.039
>AGAACCCAGT	19-AGAACCCAGT	7.655109	-72.650235	0	T:62.0(3.56%),B:4.6(0.57%),P:1e-31	Tpos:142.2,Tstd:98.2,Bpos:157.6,Bstd:87.6,StrandBias:-0.1,Multiplicity:1.03
0.765	0.067	0.086	0.082
0.107	0.097	0.744	0.052
0.739	0.095	0.094	0.072
0.640	0.093	0.193	0.074
0.126	0.669	0.125	0.080
0.143	0.699	0.066	0.092
0.097	0.782	0.061	0.060
0.689	0.070	0.098	0.143
0.077	0.168	0.694	0.061
0.160	0.143	0.111	0.586
>AASAGCAAGC	20-AASAGCAAGC	8.084135	-70.561258	0	T:54.0(3.10%),B:4.0(0.49%),P:1e-30	Tpos:152.8,Tstd:75.7,Bpos:186.8,Bstd:70.1,StrandBias:0.5,Multiplicity:1.02
0.819	0.056	0.003	0.122
0.584	0.001	0.196	0.219
0.180	0.398	0.421	0.001
0.646	0.001	0.001	0.352
0.001	0.001	0.985	0.013
0.043	0.679	0.195	0.083
0.767	0.219	0.001	0.013
0.601	0.031	0.311	0.057
0.206	0.103	0.582	0.109
0.197	0.488	0.001	0.315
>TTTACTGCCC	21-TTTACTGCCC	8.350283	-67.688849	0	T:35.0(2.01%),B:1.7(0.22%),P:1e-29	Tpos:128.4,Tstd:73.8,Bpos:185.1,Bstd:57.3,StrandBias:-0.4,Multiplicity:1.11
0.100	0.100	0.100	0.700
0.100	0.100	0.100	0.700
0.100	0.100	0.100	0.700
0.700	0.100	0.100	0.100
0.100	0.700	0.100	0.100
0.100	0.100	0.100	0.700
0.100	0.100	0.700	0.100
0.100	0.700	0.100	0.100
0.100	0.700	0.100	0.100
0.100	0.700	0.100	0.100
>TTCTGAAGCG	22-TTCTGAAGCG	7.625019	-61.052283	0	T:42.0(2.41%),B:2.9(0.36%),P:1e-26	Tpos:169.2,Tstd:90.4,Bpos:160.1,Bstd:98.0,StrandBias:0.7,Multiplicity:1.05
0.083	0.153	0.084	0.680
0.057	0.110	0.104	0.729
0.062	0.789	0.074	0.075
0.121	0.063	0.059	0.757
0.071	0.092	0.767	0.070
0.678	0.142	0.116	0.064
0.732	0.051	0.092	0.125
0.129	0.080	0.731	0.060
0.154	0.578	0.129	0.139
0.111	0.167	0.568	0.154
>AAAGCCTGTT	23-AAAGCCTGTT	8.350283	-58.750712	0	T:41.0(2.35%),B:2.7(0.33%),P:1e-25	Tpos:143.4,Tstd:76.7,Bpos:132.6,Bstd:30.6,StrandBias:0.4,Multiplicity:1.00
0.700	0.100	0.100	0.100
0.700	0.100	0.100	0.100
0.700	0.100	0.100	0.100
0.100	0.100	0.700	0.100
0.100	0.700	0.100	0.100
0.100	0.700	0.100	0.100
0.100	0.100	0.100	0.700
0.100	0.100	0.700	0.100
0.100	0.100	0.100	0.700
0.100	0.100	0.100	0.700
>CTTTGAAAGT	24-CTTTGAAAGT	8.350283	-41.012136	0	T:45.0(2.58%),B:4.1(0.50%),P:1e-17	Tpos:155.0,Tstd:113.2,Bpos:221.1,Bstd:178.4,StrandBias:-0.3,Multiplicity:1.00
0.100	0.700	0.100	0.100
0.100	0.100	0.100	0.700
0.100	0.100	0.100	0.700
0.100	0.100	0.100	0.700
0.100	0.100	0.700	0.100
0.700	0.100	0.100	0.100
0.700	0.100	0.100	0.100
0.700	0.100	0.100	0.100
0.100	0.100	0.700	0.100
0.100	0.100	0.100	0.700
>AACCACTGGT	25-AACCACTGGT	6.723200	-36.843420	0	T:37.0(2.12%),B:3.1(0.39%),P:1e-16	Tpos:149.6,Tstd:102.3,Bpos:252.1,Bstd:204.7,StrandBias:-0.5,Multiplicity:1.03
0.567	0.159	0.176	0.098
0.525	0.177	0.190	0.108
0.125	0.632	0.148	0.095
0.106	0.699	0.079	0.116
0.530	0.203	0.098	0.169
0.098	0.679	0.143	0.080
0.178	0.105	0.127	0.590
0.101	0.086	0.677	0.136
0.105	0.206	0.571	0.118
0.125	0.172	0.173	0.530
