>GGCAGCCCCCGS	1-GGCAGCCCCCGS	11.198660	-79.202803	0	T:39.0(2.24%),B:1.1(0.14%),P:1e-34	Tpos:161.8,Tstd:96.3,Bpos:117.5,Bstd:47.0,StrandBias:-0.3,Multiplicity:1.00
0.021	0.055	0.869	0.055
0.089	0.001	0.889	0.021
0.055	0.738	0.206	0.001
0.923	0.001	0.055	0.021
0.001	0.001	0.981	0.017
0.001	0.867	0.089	0.043
0.043	0.935	0.001	0.021
0.001	0.913	0.043	0.043
0.001	0.997	0.001	0.001
0.001	0.872	0.001	0.126
0.001	0.001	0.943	0.055
0.001	0.485	0.513	0.001
>CTGTGGCCCAGG	2-CTGTGGCCCAGG	11.264949	-79.202803	0	T:39.0(2.24%),B:2.0(0.24%),P:1e-34	Tpos:121.5,Tstd:79.3,Bpos:135.4,Bstd:35.6,StrandBias:0.1,Multiplicity:1.05
0.001	0.853	0.001	0.145
0.001	0.001	0.054	0.944
0.001	0.064	0.934	0.001
0.001	0.074	0.267	0.658
0.001	0.001	0.997	0.001
0.001	0.109	0.835	0.055
0.001	0.901	0.097	0.001
0.001	0.944	0.001	0.054
0.054	0.944	0.001	0.001
0.562	0.361	0.021	0.056
0.266	0.001	0.732	0.001
0.054	0.001	0.944	0.001
>CAGCAGAGGGAG	3-CAGCAGAGGGAG	10.696690	-72.909735	0	T:47.0(2.69%),B:2.7(0.33%),P:1e-31	Tpos:126.8,Tstd:61.9,Bpos:46.5,Bstd:11.3,StrandBias:-0.8,Multiplicity:1.00
0.045	0.826	0.128	0.001
0.559	0.001	0.161	0.279
0.001	0.093	0.861	0.045
0.001	0.980	0.001	0.018
0.980	0.001	0.018	0.001
0.108	0.001	0.890	0.001
0.819	0.001	0.135	0.045
0.064	0.019	0.872	0.045
0.001	0.001	0.997	0.001
0.038	0.139	0.822	0.001
0.909	0.001	0.045	0.045
0.145	0.056	0.798	0.001
>AGCAGCCYCCAG	4-AGCAGCCYCCAG	10.622556	-68.098849	0	T:45.0(2.58%),B:3.0(0.37%),P:1e-29	Tpos:142.9,Tstd:95.8,Bpos:117.4,Bstd:66.0,StrandBias:-0.4,Multiplicity:1.07
0.914	0.001	0.001	0.084
0.154	0.121	0.724	0.001
0.055	0.735	0.209	0.001
0.785	0.001	0.213	0.001
0.001	0.001	0.997	0.001
0.138	0.741	0.120	0.001
0.001	0.944	0.001	0.054
0.125	0.459	0.001	0.416
0.001	0.997	0.001	0.001
0.001	0.944	0.001	0.054
0.944	0.001	0.001	0.054
0.001	0.001	0.997	0.001
>GAGGTGGGAGGA	5-GAGGTGGGAGGA	11.061888	-66.274303	0	T:52.0(2.98%),B:3.3(0.41%),P:1e-28	Tpos:143.6,Tstd:83.6,Bpos:162.6,Bstd:54.6,StrandBias:-0.1,Multiplicity:1.02
0.001	0.001	0.944	0.054
0.643	0.001	0.233	0.123
0.152	0.001	0.825	0.022
0.096	0.001	0.902	0.001
0.001	0.135	0.001	0.863
0.001	0.038	0.826	0.135
0.001	0.001	0.997	0.001
0.001	0.001	0.997	0.001
0.864	0.001	0.038	0.097
0.001	0.001	0.997	0.001
0.113	0.001	0.885	0.001
0.520	0.114	0.247	0.119
>GGTGGGGCCTCC	6-GGTGGGGCCTCC	10.738794	-65.726872	0	T:44.0(2.52%),B:2.9(0.36%),P:1e-28	Tpos:156.4,Tstd:88.1,Bpos:188.6,Bstd:70.4,StrandBias:-0.7,Multiplicity:1.08
0.011	0.074	0.904	0.011
0.001	0.167	0.831	0.001
0.060	0.090	0.090	0.760
0.001	0.001	0.850	0.148
0.001	0.001	0.924	0.074
0.001	0.001	0.948	0.050
0.001	0.060	0.835	0.104
0.037	0.659	0.193	0.111
0.001	0.932	0.001	0.066
0.010	0.148	0.001	0.841
0.030	0.806	0.104	0.060
0.096	0.902	0.001	0.001
>GGRGAGGAGGAA	7-GGRGAGGAGGAA	11.192873	-65.726872	0	T:44.0(2.52%),B:2.9(0.35%),P:1e-28	Tpos:142.1,Tstd:104.1,Bpos:138.6,Bstd:62.5,StrandBias:-0.6,Multiplicity:1.02
0.150	0.001	0.848	0.001
0.001	0.001	0.997	0.001
0.486	0.107	0.405	0.001
0.106	0.035	0.858	0.001
0.869	0.001	0.129	0.001
0.001	0.001	0.997	0.001
0.001	0.091	0.757	0.151
0.721	0.001	0.277	0.001
0.001	0.001	0.997	0.001
0.072	0.001	0.892	0.035
0.901	0.001	0.097	0.001
0.940	0.001	0.001	0.058
>CAGAGCCTCTGC	8-CAGAGCCTCTGC	9.811808	-62.100894	0	T:33.0(1.89%),B:1.3(0.17%),P:1e-26	Tpos:197.3,Tstd:131.5,Bpos:170.9,Bstd:20.0,StrandBias:-0.3,Multiplicity:1.03
0.218	0.722	0.001	0.059
0.664	0.001	0.276	0.059
0.001	0.197	0.801	0.001
0.997	0.001	0.001	0.001
0.001	0.001	0.997	0.001
0.001	0.997	0.001	0.001
0.001	0.940	0.001	0.058
0.001	0.001	0.001	0.997
0.001	0.997	0.001	0.001
0.058	0.001	0.001	0.940
0.001	0.001	0.928	0.070
0.001	0.626	0.038	0.335
>CTGAGGGGAAGG	9-CTGAGGGGAAGG	11.198048	-59.351966	0	T:32.0(1.83%),B:1.7(0.21%),P:1e-25	Tpos:144.3,Tstd:79.8,Bpos:310.3,Bstd:40.3,StrandBias:0.0,Multiplicity:1.00
0.126	0.758	0.115	0.001
0.066	0.077	0.001	0.856
0.077	0.092	0.830	0.001
0.712	0.135	0.035	0.118
0.001	0.001	0.997	0.001
0.070	0.001	0.928	0.001
0.192	0.001	0.806	0.001
0.092	0.181	0.726	0.001
0.986	0.001	0.012	0.001
0.997	0.001	0.001	0.001
0.128	0.001	0.870	0.001
0.001	0.001	0.928	0.070
>AGACACACACAC	10-AGACACACACAC	9.703324	-59.351966	0	T:32.0(1.83%),B:1.0(0.13%),P:1e-25	Tpos:136.9,Tstd:93.3,Bpos:218.3,Bstd:5.9,StrandBias:0.1,Multiplicity:1.16
0.950	0.001	0.001	0.048
0.049	0.049	0.901	0.001
0.901	0.001	0.049	0.049
0.001	0.950	0.048	0.001
0.997	0.001	0.001	0.001
0.001	0.950	0.048	0.001
0.997	0.001	0.001	0.001
0.001	0.591	0.407	0.001
0.901	0.049	0.001	0.049
0.001	0.997	0.001	0.001
0.997	0.001	0.001	0.001
0.001	0.901	0.049	0.049
>GGGGTCCCAGCC	11-GGGGTCCCAGCC	10.694756	-58.750712	0	T:41.0(2.35%),B:2.9(0.36%),P:1e-25	Tpos:139.6,Tstd:74.7,Bpos:148.7,Bstd:54.8,StrandBias:0.0,Multiplicity:1.00
0.001	0.115	0.862	0.022
0.001	0.189	0.726	0.084
0.073	0.001	0.925	0.001
0.058	0.288	0.602	0.052
0.116	0.023	0.023	0.838
0.001	0.997	0.001	0.001
0.001	0.976	0.001	0.022
0.001	0.997	0.001	0.001
0.867	0.001	0.001	0.131
0.001	0.001	0.997	0.001
0.001	0.976	0.022	0.001
0.023	0.896	0.023	0.058
>TCTCCTCCCTGC	12-TCTCCTCCCTGC	10.034287	-49.898632	0	T:84.0(4.82%),B:11.7(1.44%),P:1e-21	Tpos:161.7,Tstd:95.5,Bpos:138.6,Bstd:99.6,StrandBias:-0.2,Multiplicity:1.08
0.056	0.041	0.056	0.847
0.001	0.891	0.052	0.056
0.097	0.056	0.034	0.813
0.011	0.847	0.075	0.067
0.022	0.900	0.022	0.056
0.041	0.034	0.056	0.869
0.011	0.786	0.064	0.139
0.041	0.861	0.001	0.097
0.011	0.888	0.056	0.045
0.142	0.056	0.045	0.757
0.011	0.180	0.742	0.067
0.034	0.891	0.019	0.056
>KCCCTCCTGCCC	13-KCCCTCCTGCCC	11.759612	-48.678449	0	T:28.0(1.61%),B:1.7(0.21%),P:1e-21	Tpos:133.4,Tstd:112.2,Bpos:334.6,Bstd:59.3,StrandBias:0.2,Multiplicity:1.00
0.001	0.070	0.507	0.422
0.001	0.905	0.001	0.093
0.023	0.975	0.001	0.001
0.001	0.960	0.038	0.001
0.001	0.070	0.213	0.716
0.001	0.975	0.001	0.023
0.001	0.997	0.001	0.001
0.070	0.024	0.001	0.905
0.070	0.001	0.836	0.093
0.001	0.997	0.001	0.001
0.001	0.928	0.001	0.070
0.001	0.921	0.039	0.039
>GCCCTGGGCCTG	14-GCCCTGGGCCTG	11.740586	-46.095934	0	T:27.0(1.55%),B:1.0(0.12%),P:1e-20	Tpos:150.3,Tstd:101.4,Bpos:117.7,Bstd:16.6,StrandBias:-0.2,Multiplicity:1.04
0.024	0.250	0.725	0.001
0.001	0.615	0.291	0.093
0.068	0.684	0.224	0.024
0.001	0.997	0.001	0.001
0.067	0.001	0.135	0.797
0.001	0.001	0.997	0.001
0.023	0.070	0.906	0.001
0.001	0.044	0.842	0.113
0.001	0.928	0.001	0.070
0.001	0.955	0.043	0.001
0.070	0.001	0.001	0.928
0.001	0.001	0.997	0.001
>AGGCGCGGGAGG	15-AGGCGCGGGAGG	10.871639	-43.361974	0	T:34.0(1.95%),B:3.0(0.36%),P:1e-18	Tpos:105.5,Tstd:71.9,Bpos:142.0,Bstd:70.4,StrandBias:-0.2,Multiplicity:1.03
0.815	0.077	0.077	0.031
0.016	0.046	0.922	0.016
0.062	0.093	0.799	0.046
0.135	0.741	0.078	0.046
0.031	0.047	0.860	0.062
0.062	0.668	0.177	0.093
0.046	0.032	0.860	0.062
0.001	0.015	0.969	0.015
0.015	0.062	0.922	0.001
0.757	0.166	0.046	0.031
0.001	0.001	0.968	0.030
0.047	0.092	0.860	0.001
>CTCAGGCTGCTG	16-CTCAGGCTGCTG	10.556703	-42.306514	0	T:40.0(2.29%),B:3.8(0.47%),P:1e-18	Tpos:141.3,Tstd:103.4,Bpos:163.0,Bstd:86.3,StrandBias:-0.2,Multiplicity:1.00
0.001	0.922	0.046	0.031
0.109	0.182	0.135	0.574
0.016	0.833	0.104	0.047
0.813	0.047	0.062	0.078
0.026	0.031	0.927	0.016
0.046	0.088	0.865	0.001
0.031	0.922	0.046	0.001
0.062	0.073	0.047	0.818
0.031	0.057	0.870	0.042
0.031	0.906	0.016	0.047
0.120	0.047	0.042	0.791
0.016	0.042	0.895	0.047
>CAGGCCTGGGGG	17-CAGGCCTGGGGG	10.878685	-42.306514	0	T:40.0(2.29%),B:3.4(0.41%),P:1e-18	Tpos:128.9,Tstd:82.6,Bpos:202.9,Bstd:42.2,StrandBias:0.1,Multiplicity:1.00
0.177	0.821	0.001	0.001
0.645	0.001	0.156	0.198
0.001	0.001	0.997	0.001
0.001	0.090	0.908	0.001
0.001	0.980	0.001	0.018
0.001	0.997	0.001	0.001
0.017	0.091	0.024	0.868
0.001	0.001	0.997	0.001
0.205	0.024	0.602	0.169
0.001	0.001	0.930	0.068
0.109	0.001	0.845	0.045
0.001	0.045	0.909	0.045
>CGCCACCTGCAG	18-CGCCACCTGCAG	8.431768	-38.574268	0	T:24.0(1.38%),B:2.0(0.24%),P:1e-16	Tpos:147.6,Tstd:66.7,Bpos:92.8,Bstd:54.2,StrandBias:0.2,Multiplicity:1.00
0.195	0.389	0.222	0.193
0.125	0.200	0.555	0.120
0.116	0.636	0.140	0.108
0.107	0.672	0.114	0.107
0.527	0.180	0.143	0.150
0.095	0.654	0.143	0.108
0.093	0.711	0.088	0.108
0.138	0.158	0.128	0.576
0.094	0.177	0.622	0.107
0.103	0.688	0.130	0.079
0.526	0.165	0.147	0.162
0.151	0.259	0.449	0.142
>CTGCCTGCCTGC	19-CTGCCTGCCTGC	10.409522	-37.192307	0	T:31.0(1.78%),B:2.2(0.27%),P:1e-16	Tpos:177.9,Tstd:125.5,Bpos:140.5,Bstd:62.5,StrandBias:-0.7,Multiplicity:1.00
0.100	0.700	0.100	0.100
0.100	0.100	0.100	0.700
0.100	0.100	0.700	0.100
0.100	0.700	0.100	0.100
0.100	0.700	0.100	0.100
0.100	0.100	0.100	0.700
0.100	0.100	0.700	0.100
0.100	0.700	0.100	0.100
0.100	0.700	0.100	0.100
0.100	0.100	0.100	0.700
0.100	0.100	0.700	0.100
0.100	0.700	0.100	0.100
>GGAGAGGAAGAG	20-GGAGAGGAAGAG	10.515932	-35.198536	0	T:30.0(1.72%),B:2.4(0.30%),P:1e-15	Tpos:144.1,Tstd:100.4,Bpos:87.3,Bstd:24.6,StrandBias:-0.3,Multiplicity:1.17
0.097	0.050	0.792	0.061
0.103	0.095	0.747	0.055
0.709	0.075	0.157	0.059
0.090	0.074	0.808	0.028
0.712	0.062	0.177	0.049
0.082	0.035	0.821	0.062
0.088	0.056	0.837	0.019
0.656	0.149	0.153	0.042
0.675	0.046	0.208	0.071
0.070	0.065	0.837	0.028
0.640	0.085	0.180	0.095
0.095	0.073	0.778	0.054
>HNHNTMBAHHNH	21-HNHNTMBAHHNH	3.693992	-33.990282	0	T:59.0(3.38%),B:8.0(0.99%),P:1e-14	Tpos:138.1,Tstd:75.1,Bpos:200.0,Bstd:86.5,StrandBias:-0.9,Multiplicity:1.05
0.262	0.268	0.152	0.318
0.194	0.219	0.246	0.342
0.338	0.240	0.160	0.262
0.229	0.301	0.200	0.270
0.254	0.066	0.112	0.568
0.302	0.413	0.142	0.143
0.130	0.319	0.240	0.312
0.583	0.094	0.129	0.194
0.288	0.237	0.138	0.337
0.322	0.254	0.147	0.278
0.202	0.259	0.266	0.273
0.274	0.289	0.105	0.331
>CTCTCCCTTCCT	22-CTCTCCCTTCCT	11.624569	-33.237785	0	T:29.0(1.66%),B:2.7(0.33%),P:1e-14	Tpos:127.1,Tstd:86.5,Bpos:178.8,Bstd:72.7,StrandBias:0.6,Multiplicity:1.04
0.001	0.899	0.099	0.001
0.156	0.057	0.001	0.786
0.001	0.763	0.051	0.185
0.001	0.121	0.001	0.877
0.001	0.770	0.228	0.001
0.200	0.645	0.084	0.071
0.100	0.698	0.001	0.201
0.001	0.001	0.001	0.997
0.001	0.085	0.068	0.846
0.001	0.997	0.001	0.001
0.001	0.997	0.001	0.001
0.001	0.210	0.001	0.788
>CTGAGAGGGGGC	23-CTGAGAGGGGGC	10.531867	-27.564755	0	T:26.0(1.49%),B:2.3(0.28%),P:1e-11	Tpos:131.2,Tstd:94.1,Bpos:125.1,Bstd:79.0,StrandBias:0.9,Multiplicity:1.23
0.061	0.758	0.133	0.048
0.097	0.109	0.165	0.629
0.020	0.097	0.838	0.045
0.628	0.093	0.218	0.061
0.067	0.073	0.836	0.024
0.695	0.106	0.113	0.086
0.073	0.060	0.809	0.058
0.075	0.061	0.813	0.051
0.124	0.097	0.716	0.063
0.107	0.071	0.763	0.059
0.073	0.094	0.790	0.043
0.086	0.743	0.117	0.054
>GGCTGGGGCCAG	24-GGCTGGGGCCAG	11.134823	-26.765896	0	T:36.0(2.06%),B:4.4(0.54%),P:1e-11	Tpos:147.6,Tstd:90.6,Bpos:93.1,Bstd:53.3,StrandBias:0.9,Multiplicity:1.03
0.074	0.043	0.820	0.063
0.022	0.043	0.892	0.043
0.043	0.781	0.165	0.011
0.054	0.122	0.054	0.770
0.001	0.021	0.935	0.043
0.074	0.052	0.809	0.065
0.065	0.020	0.863	0.052
0.043	0.076	0.829	0.052
0.074	0.764	0.119	0.043
0.041	0.851	0.076	0.032
0.873	0.041	0.032	0.054
0.043	0.022	0.903	0.032
>GGCTCCACCCCC	25-GGCTCCACCCCC	10.409522	-23.518224	0	T:29.0(1.66%),B:3.5(0.43%),P:1e-10	Tpos:145.0,Tstd:85.6,Bpos:203.0,Bstd:55.8,StrandBias:-1.5,Multiplicity:1.04
0.100	0.100	0.700	0.100
0.100	0.100	0.700	0.100
0.100	0.700	0.100	0.100
0.100	0.100	0.100	0.700
0.100	0.700	0.100	0.100
0.100	0.700	0.100	0.100
0.700	0.100	0.100	0.100
0.100	0.700	0.100	0.100
0.100	0.700	0.100	0.100
0.100	0.700	0.100	0.100
0.100	0.700	0.100	0.100
0.100	0.700	0.100	0.100
